0.041049500000 0.452367000000 0.427025000000 0.447215000000 
0.078471200000 0.322433000000 0.274063000000 0.274335000000 
0.473353000000 0.023575500000 0.014988000000 0.016226700000 
0.206642000000 0.179635000000 0.141067000000 0.140943000000 
0.082721700000 0.310126000000 0.261746000000 0.262259000000 
0.067034200000 0.335607000000 0.288360000000 0.290708000000 
0.057488400000 0.357083000000 0.310020000000 0.311531000000 
0.022368400000 0.496400000000 0.470643000000 0.482691000000 
0.076365900000 0.318237000000 0.270525000000 0.275869000000 
0.404879000000 0.055920700000 0.038198300000 0.040028400000 
0.037910900000 0.461664000000 0.431756000000 0.445808000000 
0.185004000000 0.206803000000 0.165165000000 0.165245000000 
0.151309000000 0.236416000000 0.193125000000 0.193278000000 
0.264375000000 0.151090000000 0.113248000000 0.113436000000 
0.198420000000 0.196990000000 0.155519000000 0.155238000000 
0.088221100000 0.297712000000 0.249814000000 0.250824000000 
0.425022000000 0.042284700000 0.028545600000 0.030664600000 
0.121669000000 0.250269000000 0.210010000000 0.221042000000 
0.408868000000 0.051379300000 0.035170500000 0.037392600000 
0.452689000000 0.032160800000 0.020680300000 0.022811500000 
0.175848000000 0.209084000000 0.164241000000 0.164543000000 
0.044241400000 0.377476000000 0.332501000000 0.334954000000 
0.025815500000 0.479389000000 0.452232000000 0.465144000000 
0.094678400000 0.287530000000 0.242847000000 0.250146000000 
0.042034100000 0.397555000000 0.354435000000 0.357083000000 
0.476444000000 0.018597200000 0.012233000000 0.014793800000 
0.348441000000 0.096966000000 0.070105800000 0.070426900000 
0.085893200000 0.304203000000 0.256356000000 0.258342000000 
0.064779300000 0.340614000000 0.293544000000 0.296540000000 
0.022839500000 0.484771000000 0.458486000000 0.470205000000 
0.099948400000 0.283310000000 0.236160000000 0.237441000000 
0.109251000000 0.263054000000 0.216664000000 0.217039000000 
0.069523300000 0.329046000000 0.280911000000 0.282501000000 
0.438223000000 0.035733700000 0.023820900000 0.025929600000 
0.321110000000 0.104192000000 0.075095300000 0.076528900000 
0.033014300000 0.467794000000 0.438815000000 0.452573000000 
0.103496000000 0.280063000000 0.232431000000 0.232202000000 
0.049332100000 0.366282000000 0.320445000000 0.322828000000 
0.060217400000 0.348359000000 0.301571000000 0.304521000000 
0.355926000000 0.084382300000 0.059485300000 0.060914200000 
0.242669000000 0.158744000000 0.119833000000 0.120378000000 
0.467830000000 0.026024300000 0.016805100000 0.017892600000 
0.126107000000 0.226924000000 0.185006000000 0.194672000000 
0.095871900000 0.282164000000 0.237644000000 0.244725000000 
0.530150000000 0.006853910000 0.004193280000 0.004997670000 
0.046991300000 0.372285000000 0.326824000000 0.328862000000 
0.063614400000 0.343900000000 0.296179000000 0.297535000000 
0.029231100000 0.472806000000 0.444504000000 0.458020000000 
0.058386300000 0.352388000000 0.305738000000 0.308532000000 
0.243993000000 0.152945000000 0.117553000000 0.118633000000 
0.457903000000 0.030774400000 0.020161600000 0.022130900000 
0.267821000000 0.142290000000 0.107959000000 0.108326000000 
0.022613500000 0.489560000000 0.463155000000 0.475680000000 
0.022515300000 0.492410000000 0.466288000000 0.478593000000 
0.033942700000 0.464071000000 0.436129000000 0.448853000000 
0.417702000000 0.043748300000 0.029449200000 0.031353900000 
0.024188500000 0.482936000000 0.455937000000 0.468925000000 
0.051718700000 0.364866000000 0.319984000000 0.324202000000 
0.374214000000 0.074578200000 0.051958700000 0.053737000000 
0.330801000000 0.100223000000 0.071599300000 0.072874000000 
0.520977000000 0.007971310000 0.005070800000 0.006322300000 
0.403812000000 0.061492500000 0.041946500000 0.042643800000 
0.151358000000 0.236781000000 0.189656000000 0.190939000000 
0.429733000000 0.038199800000 0.026340900000 0.028352100000 
0.069447000000 0.330080000000 0.282779000000 0.285184000000 
0.553941000000 0.005228630000 0.003378260000 0.004337670000 
0.042187700000 0.382247000000 0.337651000000 0.339905000000 
0.082904800000 0.300425000000 0.255079000000 0.262145000000 
0.220479000000 0.150562000000 0.116068000000 0.120629000000 
0.105430000000 0.266932000000 0.222227000000 0.228144000000 
0.381005000000 0.066855000000 0.046476700000 0.048505000000 
0.110895000000 0.253721000000 0.213869000000 0.223399000000 
0.211613000000 0.178866000000 0.139863000000 0.140197000000 
0.294841000000 0.104532000000 0.077275600000 0.080787900000 
0.094654100000 0.295794000000 0.248358000000 0.250488000000 
0.154834000000 0.212973000000 0.173972000000 0.182109000000 
0.120814000000 0.263474000000 0.215066000000 0.215613000000 
0.338347000000 0.099256000000 0.071007100000 0.072566200000 
0.459648000000 0.024159100000 0.016111000000 0.019069800000 
0.505669000000 0.013069600000 0.008247770000 0.009355880000 
0.114453000000 0.250580000000 0.207487000000 0.218596000000 
0.108933000000 0.265673000000 0.225664000000 0.237553000000 
0.268047000000 0.113356000000 0.085372700000 0.089583100000 
0.413614000000 0.048479000000 0.032688000000 0.033650500000 
0.066365200000 0.336638000000 0.288591000000 0.289994000000 
0.026924600000 0.476274000000 0.448684000000 0.461743000000 
0.364510000000 0.076529200000 0.053549500000 0.055272500000 
0.045320500000 0.375766000000 0.330587000000 0.332712000000 
0.053236500000 0.360492000000 0.314164000000 0.315981000000 
0.075466200000 0.324205000000 0.276710000000 0.279074000000 
0.500654000000 0.018554100000 0.011598800000 0.012938800000 
0.392274000000 0.061100900000 0.041993400000 0.043971100000 
0.158890000000 0.197865000000 0.157793000000 0.165325000000 
0.189768000000 0.203388000000 0.162879000000 0.164137000000 
0.044242900000 0.377474000000 0.332499000000 0.334953000000 
0.199268000000 0.175982000000 0.138802000000 0.141463000000 
0.386510000000 0.062366400000 0.042829300000 0.044848700000 
0.037857100000 0.464832000000 0.435068000000 0.449143000000 
