8.409085025322508 2.938731174946959 202.62536574721747 
97.0 2.031642668795995 3.8580991126082536 
37.36201359143565 3.0146921332796177 0.3094370907835753 
137.85737147004232 2.598140594218706 1.650746755947862 
97.0 2.0 3.527888329114491 
67.27205056030103 2.0 4.263091031777327 
88.76782559349974 2.0 4.935274627205345 
70.39232619249098 3.633751616338553 14.53061756597721 
16.828181157767332 2.0 4.060177489961161 
33.8654753853704 2.0 0.6697164187245717 
65.98872704450376 3.5671520619263153 8.394209136787168 
62.10551453009717 2.628363173747687 2.00261515687815 
142.01230859999833 2.6294682825869793 2.4497629208827245 
84.1408148679158 2.0 1.4545829431232633 
76.4948978595599 3.202784083742927 1.9347657234828193 
97.0 2.0 3.2669288234336062 
49.07384270434956 2.0 0.5282256343442664 
2.0 2.0 3.610636853355763 
62.173736240072635 2.0 0.7052452237912235 
19.25946553115925 4.4818318274458795 0.44347658769571563 
91.70423143478119 2.0 2.074062818367944 
55.08881850293476 2.339459975948317 5.96000943184779 
56.75136819399216 3.9042137491148328 11.215929772968853 
10.420519213932504 2.231193189213373 3.656414919507344 
72.14010135605709 2.010260905481983 7.096316625978938 
37.459393758144834 3.6795869951334708 0.12882787015743902 
52.963999836376665 2.95438501300035 1.1084519947880986 
82.93122681736253 2.0 3.476584770104501 
61.48136507679237 2.115410770252638 4.295023818059904 
34.541376600845474 3.560234195241503 13.728271023054265 
115.53059667176956 2.0 3.170302696900456 
133.6025782402367 2.0191399651719606 2.6843455772457574 
77.5510725496894 2.0 4.15919271382538 
46.73373696069679 2.0 0.49229883011960396 
33.40338647215307 2.167353591039208 1.088043310917137 
72.36486949238441 4.084153140644647 8.944201763872504 
175.9819527290384 2.0 3.294381852953985 
57.18544583750305 2.116460232927469 5.361117675260049 
55.369645438902076 2.069471551812254 4.560108388765897 
48.828777043901646 2.0 0.9484833552466472 
64.0382892499743 2.4386407333874605 1.6369226817923397 
44.89532698153768 2.759027163203957 0.3564266877322498 
2.8567196830248776 2.132421192316318 2.96225973134816 
10.133135496345723 2.0 3.53824645651596 
31.063435745800138 2.0 0.031742757968388435 
70.94013901361045 2.2026271244278015 5.570973832166533 
80.07254554568078 2.0 4.532629056746223 
68.17016051548984 3.8783703031495573 9.758722220430508 
63.15439145491209 2.0445004745604987 4.7753754438252125 
21.77482768379372 2.784895765289394 1.5645738139187797 
12.192058773846874 2.1877706976296287 0.4779096648608959 
42.87192229810742 2.8820287912925946 1.4733711613745013 
76.41805588505206 4.433090671739043 12.633280017205145 
70.76497664874074 3.545467770799716 13.389141583156075 
13.87154300073036 3.504818562210333 12.214022811900541 
35.71606719411042 2.0 0.6116282881125414 
72.25176283974059 4.190204892103945 11.446580393549315 
28.002563830370118 2.2472065876047984 5.613552710892994 
35.66139088897273 2.0009906793217165 0.9022612286993423 
57.09184748172358 2.0 1.067096153362067 
9.91706309269653 2.3237620017545515 0.17284053932919466 
36.75752867627686 3.0098203763089395 0.8155839161724998 
32.35475399099543 2.0033495718718948 2.4894004325258763 
76.64352670837135 2.0 0.42566130566695115 
67.02359245186773 2.093597000128994 4.006189522019213 
2.0 17.307318909976782 0.10214507564987377 
67.42024910236299 2.2375388440750164 6.093919820959878 
8.952671771375947 2.24504086539998 3.8860010389597774 
2.0 2.572193713211964 1.8288014645817376 
8.986741145792138 2.2646244399047073 3.156140548601024 
18.470506088050367 2.0 0.8240029884307387 
4.310792348539557 2.0 3.3331874983587872 
43.559419112420244 3.463893049310175 1.7896027310621936 
5.138053325470523 2.000737264933532 1.3524168514327297 
43.811596587314966 2.1412476789821504 3.3677690241576865 
2.0 2.0 2.795839600012598 
57.45018010929211 2.053479417502303 2.732506609243898 
46.46933477382333 4.166895097412573 0.9806412198587937 
43.258409743041085 3.7487909907477164 0.33750174787279963 
26.18323626517915 3.090944669485827 0.21415249356138055 
2.738907548081578 2.001026919826532 3.409113945442245 
2.0 2.0358648827298262 4.132101112118442 
4.283537720471804 2.005582601867878 1.4677062836160637 
68.81344492098171 3.225734221834604 0.5107127687135165 
78.62491081529208 2.3855377488618483 4.335170287722546 
60.30065903132154 3.7104104701582483 10.55784460164972 
29.020698973456092 2.1756901842533223 0.8621622308021477 
65.68986316500782 2.3373954723338075 5.715348117595608 
75.33577225198167 2.0 5.063258595563358 
76.01661042137479 2.343551700720483 3.9282758793007453 
29.649444293106026 3.474698324979783 0.29516722624701835 
15.982605284918286 2.0301351009638045 0.757804590781275 
2.738775098029519 2.0 2.5329661318531906 
51.33988627556913 3.3185991776354475 1.9945601147166143 
58.0797583153453 2.236265611723178 5.880246538577095 
11.186504919635702 3.4604526098953605 1.8250644239375555 
14.426755919985215 4.38774214165897 0.7149788276519109 
83.31120948969271 4.270990054479401 8.36181668904893 
