10.344631185711705 2.0 0.2856855949497891 
2.5870793992414067 60.95951289940295 102.90038562136911 
2.0 2.0271433835735655 0.518202678171622 
20.70632431753159 2.1058581604123088 6.5097016578446665 
2.0 2.4831206814842868 1.0901108256668532 
2.68004266200151 31.052827967687513 47.89891858857653 
2.0 34.76625037837457 11.753934138485661 
2.0 2.0 0.8640013672374109 
2.0 2.0 0.8434129096787167 
3.5147955402472117 2.0328441504651065 1.0324269260984833 
2.0 2.0 1.1156926362421125 
2.1067755248039024 2.021960659922814 0.5686007982580304 
2.0 2.1096890328905444 0.8021756288254758 
26.486517707384273 2.306975797010946 4.604800974349574 
2.0 2.0 0.24031613177419264 
2.0 2.0 0.42660321026188797 
2.0 2.0 0.27863856562217915 
3.5752332098784874 2.1653630543589086 1.133665293481831 
4.272553004317447 2.0643808089039255 2.1036255765763077 
22.430622694107758 2.0 5.344092634509133 
2.0 40.23144247739233 11.605837396351523 
2.0 2.0 0.6482656507894969 
3.7637158046341046 2.1891397940787996 1.2584863472220242 
5.381565576029798 2.222733656291457 1.2921156170096253 
7.883396096996243 2.2840478924191228 2.2033866658755956 
11.46877517004054 2.1793046131071123 3.07543004368158 
2.0 2.0 0.7486363418081456 
7.4298400694173585 2.314383081823096 1.74076064325955 
2.0 42.72408923340417 8.807314359867922 
3.183655295644667 2.1017291728938194 1.003193842276447 
2.0623139131482806 2.0 0.7676812170640241 
2.27703375748367 2.4632146675078364 0.920702804581559 
2.4142400441414944 43.49637482972888 142.30065064349998 
2.0 2.1073980540508237 0.8862471048511005 
5.300693822358799 2.085438625396176 1.2669754103639828 
7.789099615932265 2.3001294354049153 1.6674633229779392 
7.490277311837872 2.1216233464358853 1.6471382349750134 
2.0 2.0 0.18917372008513356 
7.2995076697548456 2.0 2.112268580593091 
10.611001648065866 2.0133848635064617 4.108941065119581 
8.128668905018802 2.0 2.7023050523797822 
7.1983393609380375 2.184840104997591 1.1634117403335797 
8.085430778765584 2.476820448880365 1.863556878247368 
2.0 2.0 0.458359923104088 
3.1570906961414202 2.2678569023750392 0.6683463005786116 
8.116326879650241 2.2640256569517456 2.0191273964668754 
2.0 8.897281905070107 2.7727255403496733 
11.344735194035929 2.4019189086039643 2.930676590526538 
2.1296621662368573 2.0 0.4943456855595474 
2.196500242970992 2.0351443692834095 0.7235681032274901 
4.103686369460917 2.0 3.791221607547787 
2.5136518851477296 2.0 1.036677629258409 
2.0 2.0 0.029915379406831644 
2.0 2.0 0.3946810556575471 
8.183166326034254 2.0672728397210145 1.7106825221556923 
6.975342544376563 2.41224684148499 3.82020410765074 
22.15792221398066 2.0 5.875994719116804 
7.7903673290892845 2.2779761746203855 4.741530315593527 
7.821434006149991 2.294852900494541 1.4220471080842212 
6.010421883493986 2.0072233816710208 1.5606867914221114 
27.33787652677107 2.0 7.168520969147627 
2.3935923736343483 2.0 0.9447751046112454 
2.0 2.3162523221180056 1.1924846547663916 
5.071401914713981 2.0618720398770956 1.4778034304389727 
8.471292139068822 2.0 2.4218516256066103 
10.936325528870887 2.466242469305804 3.4038873930061686 
2.0 10.28776927800726 2.860800606184439 
2.0 20.641712426484247 3.6061604374967735 
2.0 18.756166694830636 4.770678723943115 
4.410282573306337 2.0 1.8739716444024386 
2.0 18.59215562076356 2.9852550258578225 
7.300070172598304 2.0 2.2654563823218785 
11.816067515269314 2.0 5.500137445550285 
8.469459502073304 2.040956874077656 2.335678803677545 
6.73716607435807 2.0 1.1851927886686298 
2.0 18.302548480488905 3.036350401436653 
2.0 2.0 1.4783817507078785 
5.8179533577777125 2.0363814814932004 0.9323826074901413 
2.2992821805473245 2.0243342498434833 0.5982251745571887 
2.413030209590884 13.46245691539031 4.711100522944766 
2.449006182139404 17.55521976309816 3.137671907959107 
4.030049802921454 38.30476453851072 59.56127057362893 
2.0 56.70572536124669 16.837665532562376 
5.85412238534733 2.030808302925169 1.61157269767519 
8.323790541440605 2.2275532940968685 1.5006935433978994 
2.0 22.73628701045889 5.221003778127794 
7.111404136377782 2.4202985537033403 2.5095479948588526 
2.0 2.0 0.627331447692847 
3.2372214092333493 41.124312626858 50.15606554462914 
5.433946635849338 2.145483416424652 1.2100201055724638 
7.393087364531 2.0 2.426209552582165 
2.2843312150504 2.0 0.1348802763597507 
2.0 2.0 1.412504383431172 
2.0789072224556087 57.82507458897397 33.65044213491224 
2.0 68.5067656193274 13.743969298099218 
2.0 2.3372793078278415 1.4271377449556832 
9.148080317080076 2.0780656252010288 1.9658977715025094 
2.0 68.29823710864196 20.154139081066212 
2.6762268882039217 2.0 0.350287694867335 
7.051638823801431 2.0 1.8018827709855 
