0.011660100000 0.485208000000 0.436858000000 0.424425000000 
0.011728800000 0.479364000000 0.431184000000 0.418749000000 
0.011813200000 0.479319000000 0.431214000000 0.418567000000 
0.016805600000 0.439010000000 0.386788000000 0.372825000000 
0.011155600000 0.488588000000 0.441086000000 0.428741000000 
0.013936500000 0.446118000000 0.395299000000 0.382450000000 
0.012502200000 0.452105000000 0.401624000000 0.389073000000 
0.015170100000 0.443195000000 0.392392000000 0.379297000000 
0.012836900000 0.449323000000 0.398683000000 0.385960000000 
0.018037800000 0.428831000000 0.377311000000 0.362655000000 
0.108751000000 0.198972000000 0.152883000000 0.144497000000 
0.076731200000 0.224620000000 0.175712000000 0.166298000000 
0.142620000000 0.150277000000 0.109457000000 0.103418000000 
0.163421000000 0.135141000000 0.099413700000 0.092851000000 
0.095240600000 0.208599000000 0.161142000000 0.152327000000 
0.034311800000 0.317382000000 0.265075000000 0.252138000000 
0.073154900000 0.246478000000 0.196209000000 0.186068000000 
0.066519300000 0.246480000000 0.196256000000 0.185852000000 
0.254967000000 0.069691400000 0.044975000000 0.042997600000 
0.242636000000 0.077214200000 0.053935300000 0.050378900000 
0.019427800000 0.421215000000 0.369343000000 0.354243000000 
0.355298000000 0.035685600000 0.022041000000 0.020777700000 
0.369799000000 0.025635600000 0.015010100000 0.014749800000 
0.207909000000 0.099583000000 0.067871500000 0.064473300000 
0.088564400000 0.218836000000 0.170724000000 0.161564000000 
0.020436300000 0.374228000000 0.320209000000 0.306371000000 
0.074976900000 0.241072000000 0.191165000000 0.181139000000 
0.147350000000 0.146488000000 0.106224000000 0.100377000000 
0.049623500000 0.278697000000 0.226436000000 0.215067000000 
0.129603000000 0.173178000000 0.130528000000 0.123151000000 
0.167212000000 0.131922000000 0.094046900000 0.088977000000 
0.017069800000 0.431770000000 0.380257000000 0.365688000000 
0.118419000000 0.183459000000 0.139277000000 0.131642000000 
0.306934000000 0.045952900000 0.027756100000 0.026798600000 
0.049772700000 0.273831000000 0.221843000000 0.210832000000 
0.399508000000 0.015407800000 0.008514010000 0.008210560000 
0.237170000000 0.081803800000 0.054090900000 0.051528800000 
0.310192000000 0.044111500000 0.026491700000 0.025623300000 
0.047173000000 0.283490000000 0.231096000000 0.219751000000 
0.250482000000 0.073347300000 0.047661300000 0.045527100000 
0.139201000000 0.159159000000 0.116967000000 0.110430000000 
0.031803600000 0.344091000000 0.290368000000 0.277231000000 
0.057990600000 0.260092000000 0.208720000000 0.198031000000 
0.439957000000 0.005766030000 0.003120690000 0.003144440000 
0.428454000000 0.010520600000 0.005973510000 0.005757600000 
0.129712000000 0.168752000000 0.125352000000 0.118280000000 
0.025825000000 0.358635000000 0.304913000000 0.291422000000 
0.031081200000 0.347136000000 0.293316000000 0.280216000000 
0.403455000000 0.014074300000 0.007680940000 0.007406740000 
0.184680000000 0.113746000000 0.079219300000 0.075070100000 
0.119972000000 0.178360000000 0.133838000000 0.126216000000 
0.059587500000 0.254813000000 0.203715000000 0.193218000000 
0.359707000000 0.027577800000 0.016957100000 0.016297500000 
0.043535200000 0.297392000000 0.244325000000 0.232430000000 
0.024491800000 0.362581000000 0.308557000000 0.295048000000 
0.085897400000 0.218075000000 0.172038000000 0.160803000000 
0.215701000000 0.093677800000 0.063289800000 0.060140700000 
0.063257200000 0.251086000000 0.200513000000 0.190268000000 
0.408805000000 0.012578100000 0.006807580000 0.006568090000 
0.095098500000 0.215711000000 0.167698000000 0.158176000000 
0.016252000000 0.441379000000 0.390166000000 0.376268000000 
0.134220000000 0.158017000000 0.118966000000 0.111041000000 
0.320686000000 0.038628400000 0.022782700000 0.022117500000 
0.391799000000 0.018254300000 0.010523300000 0.010029000000 
0.324780000000 0.036648700000 0.021404000000 0.020833100000 
0.445982000000 0.004091640000 0.001954200000 0.001968520000 
0.380013000000 0.021260300000 0.012315700000 0.011713800000 
0.178828000000 0.122327000000 0.086976900000 0.082131900000 
0.469676000000 0.001106040000 0.000698351000 0.000667648000 
0.478584000000 0.000320105000 0.000190810000 0.000183834000 
0.362169000000 0.027892400000 0.016351000000 0.015604300000 
0.436697000000 0.007288770000 0.003873180000 0.003742220000 
0.149261000000 0.144054000000 0.104161000000 0.098439600000 
0.276369000000 0.066687200000 0.044210900000 0.041678000000 
0.113726000000 0.186300000000 0.140945000000 0.132893000000 
0.133525000000 0.159466000000 0.117697000000 0.111222000000 
0.023901500000 0.367415000000 0.313433000000 0.299669000000 
0.029400800000 0.352674000000 0.298716000000 0.285450000000 
0.032274200000 0.328784000000 0.276343000000 0.263140000000 
0.096989200000 0.200646000000 0.153572000000 0.145100000000 
0.022351700000 0.371014000000 0.316898000000 0.303198000000 
0.053002800000 0.267215000000 0.217174000000 0.204166000000 
0.028677000000 0.356430000000 0.302387000000 0.289070000000 
0.044568500000 0.292335000000 0.239422000000 0.227556000000 
0.018827000000 0.421066000000 0.369300000000 0.354309000000 
0.157441000000 0.138165000000 0.099224800000 0.093849400000 
0.457380000000 0.002146870000 0.001012860000 0.001029210000 
0.279568000000 0.057135700000 0.035748700000 0.034335600000 
0.109545000000 0.186967000000 0.141607000000 0.134010000000 
0.194808000000 0.106518000000 0.075837700000 0.071074500000 
0.258948000000 0.067808300000 0.043575400000 0.041689600000 
0.293829000000 0.050957700000 0.031296600000 0.030144900000 
0.057312000000 0.260682000000 0.209329000000 0.198553000000 
0.182325000000 0.116617000000 0.081527400000 0.077250800000 
0.040155900000 0.296740000000 0.244732000000 0.232460000000 
0.224917000000 0.087410400000 0.058401100000 0.055575700000 
0.353257000000 0.036219600000 0.022256100000 0.021025300000 
0.202925000000 0.103183000000 0.070754700000 0.067125200000 
0.051698700000 0.269818000000 0.218344000000 0.207388000000 
0.078157400000 0.223406000000 0.174609000000 0.165254000000 
