2.434216816477786 20.261056437113268 203.6746158629494 
2.0 17.800610596260466 256.0 
2.0 18.652831988017347 151.47459308646037 
7.147306007717997 4.459749127676432 121.04349244240044 
2.0 22.630847188001958 256.0 
17.91780687999087 3.318989247531646 83.1287527720241 
28.440440072277042 2.8800902749404074 243.2 
15.225595889317534 2.86018347705417 106.78547246249812 
23.45676848973018 3.0921659371581676 189.49624137631503 
34.201406231871815 3.0366370283749866 13.191533907635904 
58.92955492138441 2.0 1.8209680801112427 
3.6500609769534567 2.0 2.2510831541347485 
2.0 2.3537734393769374 1.6139029743275075 
3.23063984211845 2.5212674060257223 1.422910921752134 
10.16548489971569 2.374809805412122 1.976398969345244 
4.008932662847727 2.4762672493843265 3.8031999450803653 
61.59978624390443 2.108688827133979 2.233569778560374 
3.65067170088048 2.1075563950005423 2.52404210420823 
2.0 2.1805123594044336 1.0134114285924587 
2.0 4.412203250689911 0.993661429340758 
22.111544567875097 2.9855029646993225 11.59773521583584 
67.27703822483939 2.142282013647577 0.5449963471431687 
2.0 2.8723659223189157 0.5230138235394066 
2.0 2.016251802445334 1.2326446073940245 
32.98908249571474 2.0 2.035869809062445 
20.473879589088437 2.3302246472459083 6.501850982124994 
35.697602427754575 2.0 2.2503700266459687 
2.2281819245538848 2.0 1.5808101300982662 
14.936140931317453 2.0 2.691926612413851 
37.13134362645991 2.257368245526524 1.6126234942409778 
2.0 2.0 1.4694420795081027 
24.9731027921883 2.6825234497933548 15.940050194852788 
25.34164394204071 2.214453598782735 1.754683951125465 
2.0 2.0 0.8205257007346661 
25.197007236225247 2.220914151430261 2.6342393424763957 
13.304230543796614 2.3778061705705285 0.4092626334112246 
2.0 2.2320036834886228 1.1023858642865942 
2.0 2.0 0.8023548456265144 
25.048623526877577 2.2432043412265457 2.7223193845820797 
2.0 2.4346006412731036 1.0397016350374069 
2.2556085050876975 2.0024352271344408 1.6940976575491598 
19.82609207531752 2.432085049618907 4.066463464781395 
14.894132292251175 2.1100520047289146 2.4937450794689413 
2.0 3.5000639297025056 0.23151675820833673 
27.60337100484194 2.821032772313712 0.224324836697674 
2.257610434595623 2.000586935171656 1.7661955507464964 
13.13966751212721 2.0 5.2509338839150175 
23.710267594875088 2.0 4.154486151221789 
8.555765858175754 2.2214809596760836 0.412804782613041 
2.0 2.1478274314857155 1.335471859912548 
2.355771394926986 2.1217241538358316 1.8573456394318368 
13.159927082228812 2.1229354265608746 2.431069739390251 
9.10714350711447 2.591033840866759 0.4984121844213733 
25.822249642025938 2.0 2.9500941929427515 
27.037628004920844 2.459067375663447 4.995514649525173 
2.0 2.8229911333745754 2.2807322424513474 
2.0 2.0 1.1917896777105512 
7.36371922308185 2.1004815484738737 2.4582301341503587 
11.306012261010329 2.0178989398285636 0.37585581319857253 
2.379060709294257 2.0179284606514876 2.2217988488029494 
28.153167174346358 2.7785339339422843 21.633725928738542 
2.0 3.1487649988631348 1.687188845337404 
2.0 2.354311342601661 0.7577615122845922 
21.201159682021753 2.2829187179610946 0.46335669527357837 
2.0 2.0 0.7358973657602426 
2.0 2.0 0.23799540411964593 
19.60629316231849 2.2405866842888913 0.4734376098518237 
6.633027813961066 2.1204481994765407 1.3159936323643255 
19.884138341952315 2.2162583300954695 0.019770975039440253 
2.0 2.8213982623166283 0.005626734733598315 
6.145799108281466 2.0121420911610954 0.5710988482870522 
23.053359149597373 2.0 0.2813449912572655 
2.0 2.011863879117663 1.5627528022945745 
19.870490414399868 2.4713734741590034 0.8983570403643037 
2.0 2.0584249535813806 1.9279713628342032 
5.933509153021557 2.2357458967869897 1.6005490553827393 
19.9109259346722 2.0 5.700602587102329 
22.68451951935573 2.170642752496268 4.398571664713025 
3.892852237613397 2.0821526771749466 4.31318847924103 
4.595735400631793 2.152806045444702 1.9664671205985165 
30.365986536688656 2.0 5.737799473207257 
2.954782076137049 2.549086520003363 2.76529966344878 
25.813564966633937 2.0 4.623816041176852 
17.536046425760375 2.399418059101081 2.9055939603587366 
24.514877362715044 2.59946753551925 11.257971005844581 
2.0 2.0 1.5190478070834486 
2.0234884203335444 2.0210823843349135 0.16675112268564204 
2.0 2.0 0.9133153311220576 
5.598456618745955 2.0790512633768694 1.8253340059415921 
2.420995163236371 3.4480932025298 1.2495567754988315 
2.0 2.0 0.9995453757782989 
2.0 2.2723183860382123 0.8615899888146106 
30.025063881407178 2.0 2.4860678366939135 
2.0 2.0 1.357104729076282 
3.7309435024575124 2.2451758578717698 3.2734923160133063 
2.0 2.2892761517811056 1.1437085439629522 
63.9983034894847 2.165716409327326 0.6067306268044662 
2.0 2.0 1.2601231313024055 
6.612726331364228 2.0299463720685575 2.703160457857269 
4.306237618168338 2.3151629413811836 2.248666254896953 
