0.016738900000 0.546025000000 0.531937000000 0.535751000000 
0.782538000000 0.032283400000 0.021787300000 0.026656900000 
0.736099000000 0.049413300000 0.034977800000 0.041626600000 
0.781494000000 0.047035200000 0.029448500000 0.036404200000 
0.696751000000 0.077747500000 0.054366300000 0.064327900000 
0.017010700000 0.529363000000 0.513862000000 0.523297000000 
0.142218000000 0.383141000000 0.353005000000 0.371149000000 
0.877751000000 0.009055680000 0.005647540000 0.007756690000 
0.086635100000 0.438811000000 0.412838000000 0.429238000000 
0.281593000000 0.280012000000 0.245836000000 0.264763000000 
0.896443000000 0.005094930000 0.002945460000 0.004333850000 
0.066611300000 0.454714000000 0.430436000000 0.445930000000 
0.088739400000 0.432223000000 0.405960000000 0.422397000000 
0.711650000000 0.071624800000 0.048985800000 0.058044900000 
0.551968000000 0.129417000000 0.098239200000 0.113455000000 
0.719151000000 0.066817200000 0.044489100000 0.054446100000 
0.520253000000 0.145277000000 0.112662000000 0.128534000000 
0.753552000000 0.046542800000 0.033143100000 0.039388700000 
0.636118000000 0.096676300000 0.069319700000 0.082021500000 
0.588014000000 0.121852000000 0.092787200000 0.105908000000 
0.172209000000 0.361923000000 0.331511000000 0.349453000000 
0.190485000000 0.347021000000 0.316047000000 0.334248000000 
0.320319000000 0.256463000000 0.222059000000 0.240740000000 
0.216595000000 0.328243000000 0.296541000000 0.314847000000 
0.464544000000 0.170650000000 0.137125000000 0.154326000000 
0.159212000000 0.367331000000 0.336983000000 0.355199000000 
0.511851000000 0.147863000000 0.114830000000 0.130820000000 
0.814596000000 0.034342100000 0.020352900000 0.025943900000 
0.539748000000 0.139129000000 0.106983000000 0.123048000000 
0.198520000000 0.340316000000 0.307885000000 0.326752000000 
0.623514000000 0.106980000000 0.079428500000 0.091531600000 
0.058711500000 0.469526000000 0.446516000000 0.461025000000 
0.588194000000 0.117553000000 0.088302500000 0.101371000000 
0.100998000000 0.422669000000 0.395734000000 0.412614000000 
0.054526800000 0.475048000000 0.452384000000 0.466849000000 
0.234215000000 0.314925000000 0.282716000000 0.301070000000 
0.049966800000 0.481261000000 0.458881000000 0.472954000000 
0.331678000000 0.242775000000 0.207601000000 0.227000000000 
0.037377400000 0.497700000000 0.477551000000 0.490246000000 
0.108237000000 0.413675000000 0.385753000000 0.403011000000 
0.124144000000 0.399721000000 0.370849000000 0.388547000000 
0.656846000000 0.089213000000 0.063446100000 0.074909100000 
0.731497000000 0.058066900000 0.038336200000 0.046847400000 
0.018904700000 0.522252000000 0.505644000000 0.516045000000 
0.451839000000 0.176809000000 0.142282000000 0.160393000000 
0.290719000000 0.272396000000 0.237484000000 0.257213000000 
0.272727000000 0.283959000000 0.250044000000 0.269203000000 
0.770670000000 0.051000700000 0.032483700000 0.039849900000 
0.024349700000 0.514741000000 0.496909000000 0.508092000000 
0.045038700000 0.485436000000 0.463979000000 0.477453000000 
0.266522000000 0.288592000000 0.254844000000 0.273801000000 
0.376060000000 0.214475000000 0.179519000000 0.198325000000 
0.247004000000 0.303164000000 0.268989000000 0.289087000000 
0.424772000000 0.190861000000 0.155590000000 0.173774000000 
0.493298000000 0.154508000000 0.121022000000 0.137443000000 
0.564443000000 0.124623000000 0.093898600000 0.108871000000 
0.152348000000 0.374763000000 0.344232000000 0.362565000000 
0.098964200000 0.428833000000 0.402370000000 0.418660000000 
0.482800000000 0.158529000000 0.124814000000 0.141370000000 
0.309153000000 0.262862000000 0.228532000000 0.247288000000 
0.041914900000 0.491666000000 0.470707000000 0.483814000000 
0.176772000000 0.357927000000 0.326293000000 0.344953000000 
0.675162000000 0.088171900000 0.062308500000 0.073278900000 
0.083969100000 0.444104000000 0.418663000000 0.434421000000 
0.339042000000 0.237040000000 0.201873000000 0.221231000000 
0.073165900000 0.450183000000 0.425466000000 0.441230000000 
0.650833000000 0.096437200000 0.070029000000 0.081560900000 
0.136276000000 0.390853000000 0.360743000000 0.379925000000 
0.295742000000 0.268009000000 0.233011000000 0.252471000000 
0.409061000000 0.198018000000 0.162511000000 0.180946000000 
0.124162000000 0.396320000000 0.367661000000 0.385204000000 
0.915644000000 0.002683510000 0.001822810000 0.002801580000 
0.611915000000 0.113345000000 0.085246400000 0.097548700000 
0.358998000000 0.233824000000 0.197823000000 0.217254000000 
0.404156000000 0.203194000000 0.167541000000 0.186106000000 
0.253214000000 0.295730000000 0.261299000000 0.281440000000 
0.122722000000 0.407829000000 0.379868000000 0.396934000000 
0.188249000000 0.351895000000 0.320961000000 0.339329000000 
0.028234000000 0.509427000000 0.490679000000 0.502317000000 
0.687265000000 0.081038500000 0.056740000000 0.066807200000 
0.438465000000 0.181508000000 0.147486000000 0.165143000000 
0.472404000000 0.163898000000 0.129853000000 0.146786000000 
0.856164000000 0.014511600000 0.008652660000 0.011654000000 
0.202476000000 0.335028000000 0.302091000000 0.322017000000 
0.845278000000 0.018762200000 0.011917800000 0.015529700000 
0.326543000000 0.245539000000 0.210359000000 0.229822000000 
0.032609000000 0.502736000000 0.483327000000 0.495783000000 
0.540926000000 0.136564000000 0.104631000000 0.119911000000 
0.219938000000 0.322224000000 0.288739000000 0.308754000000 
0.105046000000 0.417722000000 0.389779000000 0.407049000000 
0.145284000000 0.383025000000 0.353169000000 0.371290000000 
0.635963000000 0.103063000000 0.076215300000 0.087787500000 
0.418422000000 0.194303000000 0.158927000000 0.177197000000 
0.061845800000 0.459856000000 0.436117000000 0.451380000000 
0.828758000000 0.026231200000 0.015133500000 0.019616200000 
0.228053000000 0.319170000000 0.287095000000 0.305425000000 
0.390694000000 0.204584000000 0.169840000000 0.188291000000 
0.022744700000 0.518506000000 0.501048000000 0.511748000000 
0.243019000000 0.308023000000 0.274591000000 0.293626000000 
0.368301000000 0.232008000000 0.198528000000 0.216055000000 
