87.33022850873616 2.0 256.0 
2.426620695003911 107.10596391248357 0.12366356826717739 
2.0 132.89901106536678 0.5846728781581654 
2.0 28.416445078095535 0.7086784353877489 
2.0 90.7164778954475 0.948541778239484 
2.0312414967494514 22.561496673288545 0.0 
2.1607801992965103 7.716181163499627 4.350326153807899 
2.133903487384347 36.73269423421203 0.05122986142476593 
2.223842424551855 9.57604101457597 6.008828227613554 
2.135625441143114 8.21227512194525 2.7325190364346197 
2.016543000817022 13.397961005141074 0.12083953628279473 
2.270771542565418 5.928085844056309 6.657490622018721 
2.092653365735047 10.616921335910027 5.80341839710527 
2.3366656091685747 31.46308313577645 0.8818267110369877 
2.707040045063807 2.0 1.2942788490975476 
2.8165697577480318 2.0 0.8513136491660651 
2.1927445188771997 3.685731148554396 1.42185864532792 
3.609703096974597 75.2288794952148 0.3212885174491305 
2.959540498627297 2.0 1.060278211490044 
2.4472134577373454 15.06783181332809 1.2746578702945952 
2.263197971818227 11.501060401203045 4.03319725685369 
2.0 14.01209932820376 3.73987714901727 
2.0 9.969542472837912 2.4754324315955407 
2.2092625549725287 18.240654320173135 3.483062236577491 
2.4751086434403193 3.193891512760569 1.6297247382707927 
2.33388150932287 11.164639611211243 4.075837579975225 
2.0 2.0 1.4432406182693627 
2.4549607658583867 31.87086663607184 0.5296771571530211 
2.920668556494597 2.0 1.3546978078190521 
2.3587701947847455 6.73568609359325 3.5769423002108027 
2.1118007342373 45.84924829434864 1.1292474251689255 
2.0241952836738184 19.427185862730568 7.716824661412067 
2.2397733219934253 7.836801083383534 1.2638231247897274 
2.0062594819162194 6.337973213060634 5.316225666556766 
2.0 13.38808643714063 7.972616599704379 
2.2379048410418694 11.737270217548105 3.279165378222016 
2.330884203006509 14.14923928535525 8.77477977400984 
2.004304232266381 3.2829217956680736 2.238055777653721 
2.0 18.79102448227266 10.882512446718277 
2.261026521506773 10.075627505518915 5.136843942053615 
2.143722231212997 10.180528221564614 4.7546924814710465 
2.1502949761630865 4.700283174185731 1.0320974415313018 
2.203589466367106 3.226989590932547 0.8207637767911926 
2.4099986175785397 14.658140428337777 21.822893930712183 
2.7147491266903563 2.0 1.6383558908927416 
2.0 2.732238003971169 2.5286384740496306 
2.4252729924512324 9.07383993852781 2.7735876159185957 
2.0 53.16813743469771 0.7375704496233517 
2.0472690908671707 17.280615950928517 15.959018054826611 
2.319134429727452 15.3233488051613 9.176212769123282 
2.146450146211362 10.884505777492643 2.869684007181306 
2.0847939853975648 3.303544630681996 1.989423403711478 
2.0903530669478076 4.11882094611466 2.9064244189098636 
2.087360551172703 2.0 1.7725450896221706 
2.0 2.0 1.4927771487378738 
2.637526649110245 2.0 1.2554828409200178 
2.087759190339003 8.383349635726125 4.184669539054654 
2.1893342718471964 15.641494023563386 5.716568252698734 
2.0 2.0 1.523921717350417 
2.1137582458738673 9.872444087590273 2.5352516845055915 
2.1850342783166896 16.97417821644569 9.853327582865264 
2.4624666807210174 7.162101027017461 3.8600814752017483 
2.053637257084422 12.628990246680162 1.0230021894328303 
2.063797617479297 15.80307489145451 6.346797317129132 
2.0 2.9776753456850082 2.185758129976427 
2.010369995043412 6.156857890238317 6.415376555237813 
2.148039786864943 21.924959293546024 1.096524981476744 
2.0251310670157543 3.6552493403095436 4.299753692719367 
2.031110378002381 4.7457855480822015 2.546114732675556 
2.0 2.0 1.828959462187692 
2.224161729739865 11.160737839174963 4.722513563942689 
2.0 2.0 0.021865140239763825 
2.2221973838846107 34.18601500621637 1.2381671249477004 
2.218261990876186 2.1568595379670197 2.13162927144876 
2.0094647818621785 2.0 1.8712335503218627 
2.001801448708612 3.63347383773736 2.8305195807232746 
2.2465779027138515 11.834540898466194 5.099181074696135 
2.0302824645097863 13.494601495418163 3.804763240973086 
2.0 22.375817467443458 13.740429293139762 
2.4004545814962492 45.47030353122216 0.9609179414564019 
2.0000663063826343 2.8775602002211307 1.7123326728726722 
2.011250762651583 2.0 1.5616143676971719 
2.1438090778560994 39.726746766616465 0.24689672444126048 
2.0 3.814188550097531 3.342210027274742 
2.039023201686113 63.83058734161081 0.23351785879053685 
2.027236244699337 2.7202290550804706 2.2580060167645852 
2.167104978443139 15.355531273499807 12.044251463844317 
2.1876924930236497 4.063235234092382 1.3543596483482507 
2.101262898680025 4.059017845026034 3.1655811307761073 
2.32726293557419 8.140414137174375 5.204801010866557 
2.165962456379584 9.628933545186449 4.360262322658295 
2.2594151192732643 32.48586855108315 1.1536100911951204 
2.0 2.0 1.8056778179258761 
2.2860236717037474 6.385004625765439 7.0021824352965005 
2.455003246018669 53.49300100500284 0.44158555843834246 
2.1173377713520085 11.92009636645936 3.3340374019278163 
2.2379067482269335 3.3480124242695215 1.9114033083920596 
2.1102294189779607 20.277670707773442 17.726269688967555 
2.0728981071689714 8.318198935925054 3.0975383365178435 
2.1745021262990805 22.460112537960036 2.262025838927249 
