2.0 30.95694650145586 0.0 
2.0 5.605417888095161 66.49746787328746 
2.0 3.236734469458405 103.90273305761437 
2.0 9.315476358596284 15.241648012507259 
2.0 7.54425328395573 42.915473355044654 
2.0 20.779166133434693 135.23947198325425 
48.4649948886387 2.0 140.64306020212928 
2.002269868658725 15.418977091177833 21.321559494798564 
2.0 13.422284498931656 0.0 
2.0128653075306024 5.331518731537086 1.5433408387218215 
2.326892885803567 2.0629978318876443 1.5116037092432297 
2.0 23.002039094089163 0.0 
2.233177449438178 3.7609148210907755 4.063086047531831 
2.235153654873851 10.19650616804531 0.2817096994957013 
2.1649087426495064 3.759382642469239 0.9710530625671437 
2.0 5.500852433306579 5.815503597012856 
2.0 2.0 0.6355407125070488 
2.022348798709994 6.204822843051839 1.1548074233507133 
3.0487084259721287 2.282702662292391 1.3195988092422275 
2.2049101645932403 4.488806315332312 1.7595115172966656 
2.004056920387947 4.339212452912994 6.1969840756475465 
2.0 4.251916329904976 0.6504828247021868 
2.091730511564599 3.1263324938268386 4.0172896946497145 
2.8415832781255608 2.4658376277802745 0.20733445502383593 
2.0716057494021802 4.376411593364348 2.1314919978108247 
2.0960538991193483 3.4558606365438362 3.917350842210326 
2.0298006674577205 3.0443824365983736 3.333542962653878 
2.0 5.10393106563821 0.45073470561011497 
2.0478905967451504 2.7877427314093173 1.4452737422806938 
2.0084311456125716 4.873589088111995 1.1940628109062663 
2.1873420353665947 13.146127745360994 9.392955809095916 
2.4924633980940096 5.704043058576679 8.25786921759801 
2.337936499217748 3.723072871196436 1.7153319521360706 
2.1133122528777 11.297632455501095 12.015928709185406 
2.0255208037710046 3.9630826876526024 1.0492328813142335 
2.0 3.932118971998901 0.5436016906507852 
2.3736833213663444 2.832676528142232 1.5921565304748873 
2.0 2.1683524914519263 1.349746976044407 
2.0 2.0 0.5891743909605065 
2.3922949221332326 5.782493178368515 4.667658079858133 
2.1444444937788885 2.253980294510657 1.4916674562223458 
2.1479135803771583 3.2427698823707196 3.1591688212542546 
2.148003898104441 4.467629030099388 3.3567624653816592 
2.220229400206417 9.24415668238219 9.507947352452339 
2.413134550458589 2.0 1.5878840654637463 
2.0357592720205364 3.896804722444369 4.805136644910387 
2.145865225097847 3.332429865990661 4.874839394567364 
2.226445465067172 4.273575698402111 5.024446495681434 
2.106249066470885 9.790111991449029 0.4789541009879249 
2.4716886574438672 4.421079914090215 0.6864502437946682 
2.0 2.5885597808753937 0.11382827254886929 
2.1546017925233647 5.7406018675096195 7.0877906378193325 
2.191021184385487 3.531143961792546 1.1552898697999172 
2.0 6.06786597081252 1.3146942215175574 
2.0 5.7391344909057915 0.3438055837764895 
2.0093124536220572 2.0 1.0568140651451836 
2.0 4.160372480076605 1.6499330887787975 
2.158639394065764 3.771276178134565 0.6993579859148051 
2.0 2.0 0.9345573188945768 
3.076564699290767 2.3575571745768134 0.8777743554343209 
2.0 2.0 1.0796102843712576 
2.4128450972806594 2.0 0.19005413443122732 
3.194317547785386 2.0 1.0925310787451696 
2.251179358109299 15.338839496273149 7.689014342739757 
2.0 2.1620800538319127 1.1608209808494419 
2.2940763149155705 17.479069826357733 9.104027127419046 
2.08004405118745 4.247518136068817 0.7971953560381593 
2.4317306691384313 2.0 0.34521352380043885 
3.369447334722983 2.193135787272084 0.26407543409156753 
2.000058653592394 3.8336047338577948 0.7295382862393828 
2.212195857983843 2.3494213350851294 1.2575399672422465 
2.021081762267317 28.82721417775098 14.4710191062188 
2.3517629059736724 8.66063905992943 0.4552451880931504 
2.152760663035887 3.7765506497033443 0.4041552774434598 
2.3850346174880546 2.0 1.3700192488030662 
2.0445931192647278 2.002888534203888 1.1909299900246482 
2.059532017666081 4.0048472864130575 0.6168101307673858 
2.0688104211054474 4.197229082556126 1.5974190337420326 
2.3415075999507127 11.097379273102039 0.4012594785773831 
2.0681287222822986 3.846740714624351 4.122990536953365 
2.0639639199893427 4.265440561661256 2.0436418471447326 
2.0410818685277516 5.107761384856037 1.22850891840365 
2.0925089299989197 4.378361990237541 1.0877622395306816 
2.0 5.823087580743007 5.331134709373089 
2.034523394934076 9.11223555255394 1.0705055779127626 
2.3673079137225095 5.830528104361761 1.4643122152480288 
2.4273384365379944 13.367972178257093 0.3474187686940387 
2.0281761153261746 4.1096982067808625 0.7214859512956806 
2.738632778161044 2.0 0.9624916473453258 
2.0788982117006385 3.21921092334871 2.913301390129824 
2.313520413798524 3.285655446933851 2.638165970896487 
2.0 5.773857252136547 0.8898183934294077 
2.070047095839523 4.33291854235861 2.2649673285244343 
2.2413777251799676 4.204735017447446 1.8970395473935693 
2.0509905335188194 10.805483934365956 0.0 
2.2175813404671616 2.0 0.21158773988368618 
2.431747119062045 2.0352375724366474 0.08715902993116131 
