2.0 96.64695456278088 0.23628971194566262 
2.0055672996838516 80.88492818892908 0.27392992847299524 
86.19710046785264 2.0 228.15283614635536 
2.0 2.0 1.4135036844291389 
2.0006998895331454 8.891443703742908 2.1385231597258123 
2.0 42.138508504461164 0.1744977314433166 
2.01956408816994 128.57300198918315 0.5708050013471464 
2.1890577990966475 2.0 0.6358905021771024 
2.0359214724542767 67.671461546553 0.0600879127992231 
2.1233735458585326 8.401507013702599 4.956660511008228 
2.0506983588492185 60.68227903420471 0.12160271667105244 
2.0 23.09730462437082 83.39479004727887 
2.0386753580283887 8.823344296992389 9.883688208838853 
2.307036063521773 9.366462137066142 7.425640479374852 
2.0879656623631364 2.0 1.1011524262492116 
2.006141478265731 2.0 1.5711124161080634 
2.0016140815130306 2.0 1.3113363452664093 
2.1380145668689408 11.411079407539868 10.33605539937965 
2.0 11.42481300379523 5.196284817200857 
2.0426174437561646 14.599510588354779 9.10821058144493 
2.0165088098295043 6.209820122643433 2.9522431797155453 
2.240344963365958 2.6290457730523773 2.451487438142214 
2.0618077139689133 5.540131013705453 2.6029339333301045 
2.2031665955193036 2.0 0.7093962910286451 
2.0 6.4571893271157315 6.912474507070327 
2.1092237273458654 4.9994923510350695 2.411227569403598 
2.0 2.74149205183301 3.344093399558761 
2.0123143265618055 17.377211666897708 8.022297833751546 
2.016286263939999 10.245010205310106 4.843913268661012 
2.0 2.0 0.8425069707513835 
2.0 4.454321493750403 4.006045783709189 
2.0 2.0 1.8847477196462696 
2.0907542432983974 3.520482359693318 1.6601193958659608 
2.0066835714488613 3.0914513191870583 0.8571164374156875 
2.2184552540834908 8.844231446087385 6.141963031874827 
2.2771030007545017 3.255072523591968 2.3084902382775847 
2.128554254189207 2.9520337607743308 0.0653313611696836 
2.2752344392417205 9.451038864965561 2.8862993985350793 
2.019731665002906 2.5450779255318623 1.0510854989622391 
2.317620782645124 11.334170279989518 3.3055368975573867 
2.3159209228871522 2.8362954806118696 2.201263205096636 
2.0075748642868074 2.710544359810291 0.9068154920481569 
2.009930018055928 5.199451543815116 3.1600975970160063 
2.2070150008567673 5.284222969552575 2.7124956757153234 
2.0367698867613857 4.920698519205265 1.349990656179158 
2.4386998309960903 10.518652563295568 5.552306836461425 
2.377279011655361 5.501535166434982 1.2639519364264342 
2.0 5.835355423188224 3.560204842841684 
2.021600085564344 9.01885439744181 5.706656409231572 
2.2631628165547424 4.318295442808941 2.11876733806256 
2.158737164581872 2.7191383365059276 1.3883963135020578 
2.0055077893832793 2.7150079854650278 1.9610933576574348 
2.021834158568074 2.0541582983119535 2.0228420855155056 
2.0 2.0 1.072568187330826 
2.360699548096652 10.05439252246375 3.085909094160049 
2.226227270184896 5.0079591431350785 3.869529594713441 
2.2342348288646763 4.343223167823633 2.6110603918206166 
2.0028740156418614 2.0 1.2732984540564993 
2.018341422041674 14.732096971190035 14.738766367711078 
2.0007660298911194 6.0622579461083195 7.547751122549632 
2.0 20.88535406942399 17.025710048586475 
2.016469934738205 2.0 1.2101603242467007 
2.0584567928218496 12.164112901460314 8.604488564221626 
2.220026608145589 2.475473954287165 1.7278283271765709 
2.2996189216704526 2.0 1.5235644632304406 
2.2827264441452675 2.0 1.1877172226932684 
2.1158214783438902 11.36046926450704 6.741899200249361 
2.1171081590377687 12.66552041906431 11.269370547298287 
2.0332373608252365 3.2537793048638948 1.9471315570190342 
2.145330445126133 10.562535879878261 3.4113818464770853 
2.336664598440889 5.697217954122278 4.153512619915144 
2.0 20.87688948127017 21.6167174096604 
2.0546488867766657 27.194876280748133 0.10845446213913267 
2.006805926504661 2.539431518725805 1.4450548626848319 
2.173432521139521 4.658755709111886 4.015750536872377 
2.114645455848227 11.453071386552406 12.599348992205256 
2.0058855620280225 2.511940421247271 2.1438330359813413 
2.0 6.233485135751179 3.0531131680490162 
2.0981123363933367 5.861582957178834 2.473805165607644 
2.0066298432481946 7.874712321471307 3.469784498614089 
2.0346431878005244 11.41785950944319 6.48147946768303 
2.0044255630356353 97.32528538260141 0.6864504032931182 
2.2096038866023844 11.365135769168374 3.736016726831768 
2.0 2.0 0.9523431407724043 
2.3031809887219503 2.9033905916918386 2.246442255475083 
2.208518720303508 3.728511336177075 1.6320736139062635 
2.1941478328429307 3.1202978092016256 1.8026951999469822 
2.080171053696041 3.3217012179956336 1.1389336395300358 
2.1306427993547947 10.482730755813161 5.93707559294522 
2.233919932567535 11.898318219572316 3.9615211288245904 
2.3228054124490707 2.4126138334487583 1.7838103064559616 
2.2156583339751768 3.0066914165148444 0.9900549683173239 
2.0 192.0 0.7361718609085652 
2.014795429944079 5.945939567093426 2.7945574921624465 
2.0309079667469687 8.485201980583993 4.513121514735441 
2.2922496558324825 3.9405577757909525 1.4849084351063606 
2.2986241381016854 2.5695435457160336 1.6732612413037637 
2.187597893527935 3.2289695492251678 4.060423927151016 
2.1100295516305954 8.295181923580664 5.291198515614586 
2.2947851306437803 2.645576846533922 0.7768136239325474 
