0.010750300000 0.530362000000 0.482438000000 0.479706000000 
0.012155500000 0.485693000000 0.439513000000 0.436075000000 
0.011959600000 0.526633000000 0.477663000000 0.475032000000 
0.008337500000 0.536079000000 0.491943000000 0.488946000000 
0.015718500000 0.449964000000 0.402710000000 0.399847000000 
0.494399000000 0.008724400000 0.004188490000 0.004175940000 
0.012951900000 0.476330000000 0.434802000000 0.430880000000 
0.015610700000 0.455693000000 0.408945000000 0.405726000000 
0.381039000000 0.048401800000 0.028060800000 0.027298200000 
0.082380300000 0.289032000000 0.221484000000 0.217380000000 
0.013891200000 0.464790000000 0.421332000000 0.417826000000 
0.033387200000 0.388885000000 0.328856000000 0.327807000000 
0.014179700000 0.463837000000 0.419740000000 0.416072000000 
0.523961000000 0.003296000000 0.001548300000 0.001679770000 
0.025408300000 0.407154000000 0.350179000000 0.348913000000 
0.133738000000 0.224252000000 0.164411000000 0.160372000000 
0.023579100000 0.417186000000 0.362548000000 0.360974000000 
0.018690100000 0.439000000000 0.389349000000 0.387039000000 
0.234274000000 0.132016000000 0.087815100000 0.085261200000 
0.267680000000 0.098672700000 0.059140700000 0.057082100000 
0.414116000000 0.026432000000 0.012451200000 0.012048200000 
0.073069100000 0.301842000000 0.231655000000 0.230829000000 
0.010034100000 0.532507000000 0.486237000000 0.483323000000 
0.018416400000 0.443431000000 0.394764000000 0.392205000000 
0.313959000000 0.079368200000 0.042459600000 0.041943400000 
0.062856200000 0.316119000000 0.248791000000 0.247515000000 
0.201952000000 0.148584000000 0.099918800000 0.096947200000 
0.430434000000 0.026252200000 0.014141900000 0.013709700000 
0.388447000000 0.036436000000 0.017770400000 0.017167000000 
0.452843000000 0.015890200000 0.007021400000 0.006833290000 
0.133506000000 0.224295000000 0.155692000000 0.152765000000 
0.440779000000 0.023721100000 0.012571300000 0.012401500000 
0.027318500000 0.400858000000 0.342679000000 0.341481000000 
0.180037000000 0.169559000000 0.108942000000 0.107619000000 
0.325167000000 0.071497400000 0.042830900000 0.041546000000 
0.547860000000 0.000622810000 0.000280585000 0.000375199000 
0.059412000000 0.328719000000 0.263250000000 0.262063000000 
0.493606000000 0.010527400000 0.005116150000 0.005343920000 
0.022662600000 0.425361000000 0.371850000000 0.370259000000 
0.031571400000 0.394522000000 0.334258000000 0.333023000000 
0.188013000000 0.165623000000 0.105743000000 0.104469000000 
0.116824000000 0.234000000000 0.166018000000 0.163115000000 
0.025351000000 0.411233000000 0.355375000000 0.353955000000 
0.042913900000 0.358459000000 0.293659000000 0.292877000000 
0.150489000000 0.187307000000 0.123506000000 0.121760000000 
0.026468800000 0.403924000000 0.346244000000 0.345132000000 
0.158060000000 0.179155000000 0.121611000000 0.118214000000 
0.446439000000 0.023272000000 0.014575300000 0.015066100000 
0.041995000000 0.362849000000 0.297224000000 0.296558000000 
0.039053900000 0.366822000000 0.301398000000 0.300511000000 
0.012902300000 0.483589000000 0.442084000000 0.438590000000 
0.108164000000 0.231843000000 0.167031000000 0.163425000000 
0.014501600000 0.458473000000 0.413541000000 0.410238000000 
0.052215100000 0.338922000000 0.273210000000 0.272302000000 
0.305693000000 0.083423000000 0.051305200000 0.049761600000 
0.037624800000 0.370246000000 0.306743000000 0.305708000000 
0.048697900000 0.360519000000 0.291513000000 0.291184000000 
0.059887900000 0.327271000000 0.260112000000 0.259247000000 
0.095853300000 0.256071000000 0.189806000000 0.185831000000 
0.020461600000 0.434544000000 0.383383000000 0.381371000000 
0.501198000000 0.005259570000 0.002205320000 0.002195200000 
0.037309200000 0.376931000000 0.315084000000 0.313987000000 
0.511353000000 0.003621170000 0.001791250000 0.001868610000 
0.249029000000 0.118731000000 0.070137900000 0.069034100000 
0.024888000000 0.415571000000 0.360001000000 0.358642000000 
0.173440000000 0.172847000000 0.119663000000 0.116269000000 
0.188272000000 0.155320000000 0.098912300000 0.096314300000 
0.085190300000 0.286278000000 0.217005000000 0.214036000000 
0.068224900000 0.312428000000 0.242214000000 0.241429000000 
0.016893400000 0.447165000000 0.398796000000 0.396059000000 
0.055540600000 0.333602000000 0.265140000000 0.264306000000 
0.094426200000 0.288888000000 0.215552000000 0.213979000000 
0.074379000000 0.289563000000 0.220455000000 0.216779000000 
0.311317000000 0.077158100000 0.046262300000 0.044884900000 
0.536735000000 0.000956278000 0.000474202000 0.000534463000 
0.160897000000 0.183930000000 0.120867000000 0.119293000000 
0.034941200000 0.378740000000 0.316271000000 0.315089000000 
0.169347000000 0.174868000000 0.114280000000 0.111515000000 
0.102787000000 0.259735000000 0.187599000000 0.185680000000 
0.104702000000 0.251021000000 0.179577000000 0.177599000000 
0.273385000000 0.090581500000 0.051624500000 0.049897900000 
0.216753000000 0.133702000000 0.087750100000 0.085052400000 
0.393033000000 0.035429100000 0.017181700000 0.016609000000 
0.061897800000 0.321118000000 0.255000000000 0.253599000000 
0.127048000000 0.229294000000 0.160083000000 0.157248000000 
0.020537900000 0.429234000000 0.376913000000 0.374965000000 
0.252473000000 0.106993000000 0.065921800000 0.063896800000 
0.013613200000 0.471927000000 0.429208000000 0.425257000000 
0.009913440000 0.537786000000 0.491925000000 0.487994000000 
0.253052000000 0.102722000000 0.060075500000 0.058142000000 
0.030678700000 0.397995000000 0.338584000000 0.337817000000 
0.049952500000 0.348664000000 0.280837000000 0.280185000000 
0.344714000000 0.053906900000 0.027899600000 0.026927500000 
0.239236000000 0.118460000000 0.071247900000 0.069061400000 
0.023405600000 0.420576000000 0.366565000000 0.364951000000 
0.018810700000 0.437309000000 0.387285000000 0.385053000000 
0.447465000000 0.018625900000 0.009378440000 0.009126390000 
0.142579000000 0.194083000000 0.130073000000 0.127254000000 
0.049765100000 0.350395000000 0.282389000000 0.281983000000 
0.212704000000 0.136432000000 0.086710300000 0.083866300000 
