2.541638200439032 36.64112783524956 206.69197574380286 
2.2569538851387354 43.32122123635371 66.48277407502965 
3.459351982285032 31.96388460788926 82.33468548186931 
3.0221785815482964 62.993227435503115 128.0 
2.0 44.319892610316224 9.87780719178 
16.541315186969747 2.0 0.25309161381304435 
2.2616058043144935 68.57532204652408 21.170303511904294 
2.0 46.179777186550815 11.296927299297813 
63.20261361434862 2.0 0.5748972863846906 
9.82835924087701 2.367487309596907 2.1897319463545273 
2.0 71.64199399564916 13.821879703582383 
2.3336444911726475 33.09008119099114 4.374478879950826 
2.0 61.607886117964256 13.846736072278235 
22.026097870898422 2.0 0.029201617964516036 
2.0 30.40508118122268 5.330954087374948 
34.63210263154993 2.0 1.662788612356863 
2.0 40.62824115033824 5.867062252545371 
2.0 43.63740278924413 7.87318208157838 
41.81778469376639 2.0 1.0833940302906289 
3.7991307512682915 2.0 0.9464441580607368 
2.0 2.0 0.49316344883098573 
2.0 9.229975689946627 2.4609453140993467 
2.8416280202665214 43.69657440564973 50.68569710782507 
2.0 45.3847505302969 8.617216270878515 
2.0 2.5361841633588265 0.8239967503486161 
2.0 12.692861904808478 2.66652815880354 
13.546711765004034 2.142001069101943 1.2121233637391855 
28.931327887595856 2.0787735832878216 0.4268434963151093 
2.0 2.0 0.5757757497325535 
2.0 2.0 0.3858829695439113 
2.0 2.0 1.76906557868113 
59.34508019585093 2.2253500933846126 0.2969679400124889 
2.0 30.39276376889826 4.953139834870431 
2.0 3.959280060579972 1.351469022336918 
16.8689060947434 2.0 0.7290927158052383 
5.120013137153132 2.0 0.026975876205914906 
2.1013672574220936 21.500631929180457 2.8537763207354723 
43.26428608153401 2.148920493947455 0.1421637452195415 
2.0 69.55126309544337 6.126769911786045 
2.0075829616535272 19.164825797978747 4.754554000593672 
2.0216587838445754 4.16439326841523 1.328559071080946 
3.469525944033432 2.0 1.7863353541627012 
2.1390234823671204 41.911887491308065 5.429705539724479 
2.145430254167674 19.788950376824122 3.402259109626127 
2.0 3.4899899747204204 1.4784490814067541 
2.0 28.889575241827664 5.101617039145884 
4.900232446484474 2.0 1.3936935968489332 
23.931457106376598 7.958136077431831 0.3545550977663683 
2.0 15.34017310491457 3.5578042061839827 
2.1422091077990095 12.878483643462324 3.695720371577375 
2.0 64.95011570335718 30.311424027889487 
5.865257398343777 2.0 1.7574070530195212 
2.0 60.42703321450938 11.876944477984015 
2.0 19.852633695745794 3.0313638334119144 
28.17848461270959 2.0 0.8077246336489885 
2.118811159668601 21.241155675584288 3.767631390251304 
2.0 8.687564751755904 3.4645651237310298 
2.0 15.465147256886812 2.8218131888769293 
8.445557510497226 2.0 1.923081032030095 
2.0 37.83826471278161 7.564662138459887 
2.0 2.0 0.2396660515934137 
2.0778851671106677 25.825849202962104 3.925615403755048 
27.267090240361014 2.0 0.07655117802282341 
2.0 2.697458527768917 1.0576584539973188 
2.0 27.81793331472302 5.894744313442843 
13.627094723136665 2.0 1.3522724982036325 
2.0 2.0 1.2936403077686467 
6.769809354590276 2.8790190598289813 2.1645616537040424 
2.0 8.192501459044415 2.5851882413576552 
2.0 40.39030319267704 9.35480093676859 
2.074702499662952 10.762949443577021 2.9185343315432473 
2.0 4.201678851821602 2.3125451720602457 
8.322861555348616 2.0 2.205033689010836 
14.700000000000001 2.4697994084283996 0.762890337180806 
2.0 2.0 0.11607903798236019 
2.291406534308232 3.539327044265442 1.4391672972990768 
2.042747946552045 18.75044709865613 4.039965236879271 
2.4777390611998245 2.373902170546807 1.4144285506270424 
2.0 3.13890135432759 2.047144525158178 
2.0 3.3501662871714264 1.9765085992374147 
2.0 2.0 0.9191054079324981 
8.979804069727525 2.0 1.1335126622502463 
2.0 2.0 0.5626023368925563 
2.0 18.667456323880128 2.7420740291353307 
2.0 2.0 1.8066940914014522 
2.0 39.42094558576595 6.838929247314206 
6.214302442532635 2.0 0.980990428959633 
2.0 63.13169574017369 18.953852144823287 
3.8433896463542787 38.35119892630466 80.17044885722103 
2.0 2.0 0.9897548402890486 
2.0 19.919206620578958 4.9394886248999015 
2.0 10.733375575675566 3.188519825923767 
2.1312193858410304 2.0 0.6978905550154733 
2.0 2.0 1.0803809784173524 
2.0 30.689999178171128 6.355787364090042 
2.0 46.12417402981772 7.739495483869017 
8.378856102008829 2.0118268240814974 0.3882329290352441 
2.0 2.0 1.5427069898493295 
2.003697750576583 10.29655760113015 3.270050279373131 
3.924400024642256 2.0 1.161859227234799 
