2.0 65.22233079488284 14.704831516169666 
2.0 43.02999516966587 82.75149493916308 
2.853237834380377 56.879295877063655 75.59374336656052 
6.878495279923866 2.0 1.1893888433984454 
4.949327480015031 2.0 1.7283602660472122 
2.0 18.324561655952266 2.8283633888983246 
5.536519201568384 2.0 0.45207312707433234 
2.363763678388029 17.950277866343498 2.942177946916063 
2.3604931335220156 29.494744783636804 5.700936383971709 
5.514043339327191 2.0 0.5153277323628926 
2.4012265935475545 18.243174872448506 3.2502126188622813 
9.345138078682565 2.2008294038720915 1.1558070043594637 
2.0 2.0 0.7685901139145348 
6.139887023215009 2.490675672173037 0.4847333884331504 
2.0 2.270774513877148 0.9360323961198401 
2.0 67.45548185340988 31.606097478122447 
2.397331414491237 21.188666943337704 4.215974902281558 
2.0002571087181393 2.3946109858373283 0.6822815127120672 
2.0 28.816444441720517 4.670828089852079 
3.590988919620737 2.0 1.831392077490737 
2.0 29.194036477623285 5.493361814457867 
2.0 14.008603213465754 2.734942590462761 
6.3742228029142005 2.379218016517613 1.5494526824260588 
5.751841855407443 2.2163661569378896 1.1165720400685089 
2.0 2.4648762755280913 0.7364893526454824 
2.3677883304937315 18.469694470465228 3.374946169179954 
4.223345872598889 2.0 0.5700508033800589 
6.431281827897785 2.417553325771323 1.6516127637822124 
2.0 22.202409033142462 3.855460890348267 
3.091510192912378 41.945072712145105 0.0 
2.0 2.0 0.826323976826707 
2.0 2.0 0.798186958169739 
2.169860634877082 4.155482755851402 1.4278032700299947 
2.7666426148670777 72.32415685114479 32.75521914181654 
2.4384490303953514 2.0 0.6585238284803956 
2.0 2.0 1.199266380061843 
2.0 12.225792547683653 2.306526263865478 
2.0 2.0 0.4434471585110318 
2.3528781764594635 42.841164204517014 7.194312103380955 
3.695029564052187 2.0 0.3217336631559651 
2.0 31.18217558547827 6.094777942231241 
2.0 2.0 0.9675616238620118 
2.0 2.0 0.8518718360736557 
2.185374864748525 2.0 0.36332976296383446 
2.411308049537691 19.550170981267904 3.681450198365545 
2.974901554693687 31.037886379524863 0.0 
2.0399883197356634 2.038133036467376 1.5187658809722104 
2.0 2.0 0.6221814530492571 
5.376683234439886 2.0 1.4987585231364753 
7.592952688993117 2.260378320905085 1.8287880792250648 
6.835566773702148 2.472932113402719 1.4014283655968214 
5.126715763658515 2.0 1.6015736621280736 
2.0257183470830205 2.0421212274161555 0.9973548895319082 
7.531295937848423 2.193096858408552 1.0770777521586439 
7.9773720669720944 2.0 2.286919818106899 
2.026316085276877 31.267588020965345 4.966553585620963 
2.0 2.0 0.8846284423347646 
2.0 31.021457113972936 3.919638883817473 
5.378241673715019 2.0 1.904982709403126 
2.0 38.975106415988805 6.737856220365395 
2.0 2.1246792140863366 0.9114383944711049 
5.687385657216455 2.0052102540050445 1.8981767771192604 
6.438480598260905 2.0 1.0345569096269331 
4.408834678148183 36.25137829118901 52.94454456140777 
2.0 2.0243782909025567 1.3518178315246558 
2.0 2.0 1.0668705978631279 
2.0 2.0 0.713088501955033 
2.0 21.39392493023334 4.365935789276788 
8.211710572383364 2.0 2.013808837661333 
2.1048578075535844 55.4162134923202 7.597963793652433 
2.0 41.25373113879106 6.352163379399002 
2.201806935180449 58.444149218215465 21.82083514939326 
2.0 74.22043146703274 11.138767191639163 
2.0605164229366477 22.397259614450196 4.61553124142096 
2.288845843296603 44.62480813121368 9.610021483320367 
8.222919735711361 2.0 0.1332198131905713 
2.1262137922926962 2.0 0.2847573481721779 
2.292943022412679 2.0 0.062181084609721715 
2.0 2.0 0.23595585350017356 
2.0 61.90664253059602 13.127434247768834 
6.814225895395887 2.0376907368366055 1.6987049867770838 
2.0 18.36315513778332 2.509518213856701 
2.0 13.110739290488366 2.5919735328227165 
2.0 2.0 0.40551905016840883 
2.0 28.86152415335282 5.2542562241400566 
6.6644560165642766 2.0 2.048431814282058 
2.0 21.973951764547756 3.108818532828129 
2.0 13.03114664411321 2.499007495913997 
2.1235385557889757 4.365449654122629 1.6017303826929823 
2.486865143778062 17.741673858255087 3.4087886977799258 
5.716799932703631 2.003604019441433 2.1900821879303223 
2.0 34.86952906127307 9.043110422578987 
2.0 2.03741907593031 1.0215302887006563 
7.5882586318450205 2.0 0.9721395984083654 
3.9594498079274665 2.0 1.242983318624897 
2.3669632021542126 18.046581306045994 2.9926938545861335 
5.526488320071761 2.0 1.3289271673040486 
7.9304857979145345 2.0 2.4936504618476913 
6.740373957445584 2.0 1.4611345275915983 
3.8042633762751596 2.0 1.9971821292673066 
