0.016738900000 0.546025000000 0.531937000000 0.535751000000 
0.185726000000 0.343347000000 0.310788000000 0.330646000000 
0.017010700000 0.529363000000 0.513862000000 0.523297000000 
0.225209000000 0.313800000000 0.280671000000 0.299740000000 
0.044354000000 0.483450000000 0.461595000000 0.475944000000 
0.782538000000 0.032283400000 0.021787300000 0.026656900000 
0.736099000000 0.049413300000 0.034977800000 0.041626600000 
0.603680000000 0.110188000000 0.081093500000 0.094987600000 
0.321212000000 0.251891000000 0.216928000000 0.235836000000 
0.441095000000 0.176398000000 0.142661000000 0.160065000000 
0.177659000000 0.350809000000 0.319563000000 0.337947000000 
0.114886000000 0.407065000000 0.378334000000 0.396007000000 
0.108191000000 0.411450000000 0.383764000000 0.400819000000 
0.264663000000 0.287568000000 0.252855000000 0.272817000000 
0.279808000000 0.277378000000 0.243280000000 0.262300000000 
0.914910000000 0.002679190000 0.001818750000 0.002797780000 
0.092271300000 0.429126000000 0.402699000000 0.419199000000 
0.288524000000 0.272769000000 0.238169000000 0.257301000000 
0.298531000000 0.266882000000 0.231862000000 0.251304000000 
0.556595000000 0.129447000000 0.098154300000 0.113060000000 
0.586448000000 0.116520000000 0.086369400000 0.100173000000 
0.572514000000 0.122235000000 0.091525000000 0.105898000000 
0.610172000000 0.105732000000 0.076909200000 0.089798200000 
0.628573000000 0.098062300000 0.070261200000 0.082522800000 
0.081976400000 0.442633000000 0.416515000000 0.433051000000 
0.668842000000 0.079413800000 0.055485500000 0.066189900000 
0.857730000000 0.015753500000 0.010131400000 0.013484600000 
0.057275800000 0.470041000000 0.446743000000 0.461679000000 
0.876468000000 0.010578200000 0.006578910000 0.009129310000 
0.076498500000 0.449433000000 0.424363000000 0.440388000000 
0.696642000000 0.069813400000 0.047573800000 0.057425300000 
0.210487000000 0.327124000000 0.294792000000 0.313903000000 
0.642466000000 0.094191300000 0.067244600000 0.079749500000 
0.727063000000 0.059483200000 0.039344600000 0.048057300000 
0.366649000000 0.226529000000 0.191440000000 0.210207000000 
0.717520000000 0.065421700000 0.043294800000 0.052485900000 
0.059989500000 0.464656000000 0.440853000000 0.456469000000 
0.417818000000 0.196156000000 0.160709000000 0.179041000000 
0.690775000000 0.078175100000 0.053521900000 0.064001500000 
0.371763000000 0.221770000000 0.186551000000 0.204988000000 
0.105031000000 0.419688000000 0.391470000000 0.408839000000 
0.394380000000 0.202792000000 0.168100000000 0.186545000000 
0.245134000000 0.299747000000 0.266034000000 0.285136000000 
0.655268000000 0.087076200000 0.061003400000 0.072326900000 
0.517684000000 0.148584000000 0.115784000000 0.131837000000 
0.393221000000 0.211120000000 0.176245000000 0.194545000000 
0.215941000000 0.320364000000 0.287480000000 0.306485000000 
0.065090700000 0.459943000000 0.435704000000 0.451436000000 
0.779476000000 0.045476900000 0.027922900000 0.034981700000 
0.355569000000 0.231836000000 0.196333000000 0.215706000000 
0.471103000000 0.164316000000 0.130250000000 0.147186000000 
0.142577000000 0.384875000000 0.355129000000 0.373188000000 
0.126007000000 0.394459000000 0.365740000000 0.383276000000 
0.230212000000 0.309432000000 0.276056000000 0.295125000000 
0.034128200000 0.499778000000 0.479954000000 0.492512000000 
0.172070000000 0.354610000000 0.322385000000 0.341524000000 
0.482465000000 0.160032000000 0.126168000000 0.142909000000 
0.438615000000 0.184746000000 0.150020000000 0.167905000000 
0.620050000000 0.101347000000 0.073107900000 0.085628500000 
0.767202000000 0.050256300000 0.031664600000 0.039262500000 
0.462860000000 0.171023000000 0.137499000000 0.154697000000 
0.497488000000 0.153254000000 0.119861000000 0.136132000000 
0.256113000000 0.294431000000 0.259949000000 0.280095000000 
0.533058000000 0.136503000000 0.105406000000 0.120650000000 
0.043299700000 0.491116000000 0.469612000000 0.483156000000 
0.030861400000 0.505175000000 0.486405000000 0.498809000000 
0.336112000000 0.245752000000 0.211258000000 0.229807000000 
0.123634000000 0.401597000000 0.372283000000 0.390295000000 
0.143685000000 0.377691000000 0.346695000000 0.365384000000 
0.102265000000 0.424795000000 0.397512000000 0.414997000000 
0.197232000000 0.337866000000 0.304899000000 0.324325000000 
0.414465000000 0.199720000000 0.164596000000 0.183057000000 
0.242310000000 0.306191000000 0.273008000000 0.291932000000 
0.026781100000 0.510548000000 0.492163000000 0.503676000000 
0.756867000000 0.054282400000 0.034631900000 0.042757800000 
0.309153000000 0.262862000000 0.228532000000 0.247288000000 
0.202362000000 0.332545000000 0.300410000000 0.319105000000 
0.273516000000 0.280607000000 0.245732000000 0.265715000000 
0.088085200000 0.435934000000 0.409251000000 0.426008000000 
0.316477000000 0.258023000000 0.223373000000 0.241892000000 
0.066845900000 0.454529000000 0.430236000000 0.445742000000 
0.841297000000 0.018961700000 0.012237900000 0.015901000000 
0.166970000000 0.362620000000 0.331464000000 0.350045000000 
0.153512000000 0.371427000000 0.340380000000 0.359238000000 
0.888140000000 0.004567330000 0.002976100000 0.004148750000 
0.819789000000 0.024054000000 0.015787700000 0.020021700000 
0.025037800000 0.516666000000 0.498933000000 0.510029000000 
0.543898000000 0.132341000000 0.101589000000 0.116642000000 
0.423513000000 0.186163000000 0.151943000000 0.169738000000 
0.528378000000 0.142301000000 0.109883000000 0.126062000000 
0.164396000000 0.368138000000 0.338132000000 0.356151000000 
0.567453000000 0.125621000000 0.095362300000 0.109682000000 
0.343659000000 0.237295000000 0.201784000000 0.221205000000 
0.050882800000 0.479012000000 0.457111000000 0.471229000000 
0.054890600000 0.473431000000 0.451020000000 0.465558000000 
0.810410000000 0.035631500000 0.021449000000 0.027312800000 
0.037010700000 0.495436000000 0.475110000000 0.488006000000 
0.374376000000 0.212995000000 0.178107000000 0.196895000000 
0.018970000000 0.522158000000 0.505529000000 0.515947000000 
0.139993000000 0.388252000000 0.359004000000 0.377169000000 
