94.06912648267257 2.0 112.82634300104831 
2.4237714547784392 3.5576993890860606 3.468107997548376 
2.0 23.092352554805352 0.0 
2.4454127585455074 6.041923366871282 3.1315320483374425 
2.0 8.831740178075467 9.12043466782107 
2.031890394673734 97.0 0.20318413803526703 
2.371147467775084 170.0445170555203 0.07521230980791019 
3.3485856652653667 2.0 1.1518750953402142 
2.19649636732216 5.963589113310528 2.3925042040553675 
2.0060822731969843 2.923498823010926 1.673107438013709 
2.379273540752602 11.447469732293253 3.7779820948390355 
2.0 7.886165803256951 4.8882558340507 
2.4010993481380485 11.27933528055314 5.09736192255351 
2.4358880439665507 4.075013067134144 2.730206181122324 
2.057010575821014 9.413655096278465 2.7010434623626804 
2.1692570282221326 6.0488512625537245 0.0010120319175597192 
2.0257390881294484 10.6460289021355 5.674207315014833 
2.0399949148872234 6.451988038869203 2.60949565253443 
2.0 4.58021537292219 2.522979542752049 
2.0 3.929643591304618 1.303632141017033 
2.4942026064260974 6.242301340916626 1.2341265351848891 
2.0 2.0 1.2575871778397327 
2.0 2.0 1.145760893412294 
2.0 2.0 1.0890731598197085 
2.1388255533837484 7.953630093609988 6.028532108510521 
2.0109307336530913 3.4176382870037747 0.9811870319976439 
2.105163822197451 60.22609474787777 0.06253931653499123 
2.1042606836472255 11.425045280274094 7.662996547478393 
2.0088915330670214 40.69237541453084 0.11714794835776884 
2.01143212532862 9.990981721246115 6.4846935010463085 
2.180553837986179 2.688138731481425 0.9050465369192717 
2.426453782067133 8.959950022365527 3.3736263534311095 
3.3873467486301103 2.0 1.0402043575424176 
2.2530093609869173 2.500280484589403 0.8286228180336693 
2.325471016425102 5.216780074691395 2.108687280303687 
2.073383307029069 2.2732536739723646 0.8634882124400748 
2.0208945546825805 9.171926514790746 7.432953348359639 
2.0 2.0 1.8208217387735584 
2.0 2.497315019797544 0.9531191445621168 
2.0 5.699020108929135 2.0996282116401623 
2.0 3.1123052726724003 4.936947728985672 
2.1947867271349577 2.5076674674111663 1.885048542560981 
2.194451000477202 5.994711543206576 2.949517154808572 
2.1293441163425997 2.0 1.0107880154671058 
2.003920736863836 4.120575235179885 1.4459604771724521 
2.0 5.471231954702506 1.9689611511089031 
2.0041372891037437 5.5258613813459725 3.2158145275468657 
2.099194887306962 9.146189242729584 7.107586447572691 
2.015147604171583 2.0 0.7096783683303691 
2.003172774691533 4.1666775164463035 2.141434937769356 
2.065179077655107 2.0 1.5653715274703002 
2.372818513619155 9.546644801438054 4.401275321337858 
2.001000739988425 10.501569488445282 4.665320418099232 
2.211007977808813 6.466182039271281 3.067459247291249 
2.221529664932637 14.569154575644694 11.433250702932813 
2.140504920883967 3.246300209405643 3.534962623651804 
2.002178127311144 2.432566563715043 1.529347772318284 
2.0000474784514664 3.991811597862194 1.725699118825096 
2.0 2.0 1.1127037369680473 
2.2982348475814387 2.0414626573744963 0.7546130201594466 
2.036083641162557 3.463888596754565 1.635552063877118 
2.395228340740572 2.0 1.4844303631900249 
2.0436052201471653 4.186126635989843 2.805454373969816 
2.074819935656667 3.1325561740174352 1.382157658223408 
2.038535555461622 11.893916005721934 10.061355901490906 
2.2657797135954074 8.55313709573715 13.461637593928423 
2.420186152798899 10.302873970857501 2.355496621858495 
2.0057807743964595 6.861047251679169 4.758921740349237 
2.04050097208461 2.9828239522776894 3.946222781702655 
2.224446804894535 4.876030239585942 5.381754542344959 
2.0 3.4065381116478384 3.290716794411412 
2.2660278898845245 4.389447447285034 1.844833269481127 
2.0 10.74853665561403 3.0749626826131435 
2.402426038294855 21.10800726165415 14.295625896448618 
2.3663931769068083 2.0 0.780020194804353 
2.0615191203432026 10.275249447117139 2.5289265559951977 
2.1035655911847644 11.467365787641272 3.493985632065563 
2.0 3.701930622271956 2.648255295289358 
2.215499130740555 7.751593064675811 5.776594905732117 
2.093135030453288 6.857130522059718 2.508683631918917 
2.1582867832582684 5.508929875244701 6.65323192175601 
2.0848407265319744 70.42469435926415 0.026290013307116833 
2.342157132189878 7.804095362150013 3.9397780248888896 
2.3556080422357533 5.157727294391181 4.0402491092627955 
2.203183736114632 17.73091622174177 0.08808187109898521 
2.0 90.51515711645287 0.2603801880565718 
2.0 11.818589561784151 17.5660104558226 
2.026477208169112 2.86208146555437 1.3441364703221805 
2.007309966918001 3.0639627858306664 1.7535043984911218 
2.8917081148275354 2.0 1.3782847423047828 
2.09569404948093 12.78049312552591 4.099616151847917 
2.0 4.659384099413045 1.30462046549282 
2.090830608256646 4.287452413561398 2.1949485618767053 
2.080946326252672 5.765543905995175 8.470896871977835 
2.3497188589909372 6.093431408115389 7.989211245425629 
2.3159765153774488 3.070972216794467 0.6370179211387164 
2.0 13.104731608677152 10.530647663423668 
2.206247650007868 3.278108646252066 1.973530101456858 
2.0 15.493414861764023 21.720037033713126 
2.0717277195757484 8.580046122939503 4.490412926989152 
