0.010108500000 0.447357000000 0.428083000000 0.428569000000 
0.008605960000 0.474575000000 0.454902000000 0.454365000000 
0.008891580000 0.453309000000 0.434348000000 0.436329000000 
0.302276000000 0.077422100000 0.065259800000 0.067735200000 
0.457219000000 0.017120000000 0.012906000000 0.013467600000 
0.379602000000 0.045061200000 0.036847700000 0.039134000000 
0.032596600000 0.335356000000 0.315625000000 0.311709000000 
0.018309600000 0.412100000000 0.393004000000 0.392669000000 
0.421968000000 0.028063900000 0.022658900000 0.024232800000 
0.330516000000 0.065155800000 0.054241500000 0.056431300000 
0.402936000000 0.036115200000 0.028536200000 0.028694200000 
0.462513000000 0.012154100000 0.008952360000 0.009610990000 
0.389314000000 0.042686500000 0.033783600000 0.034228500000 
0.510262000000 0.000531279000 0.000329405000 0.000373086000 
0.010675400000 0.441706000000 0.422525000000 0.423541000000 
0.320427000000 0.070860100000 0.059436500000 0.062074600000 
0.104894000000 0.221525000000 0.198864000000 0.196308000000 
0.015543900000 0.421385000000 0.402268000000 0.401715000000 
0.486218000000 0.007034850000 0.005038210000 0.005341500000 
0.019722000000 0.408079000000 0.388888000000 0.387589000000 
0.211057000000 0.126267000000 0.109123000000 0.110479000000 
0.012230900000 0.433410000000 0.414255000000 0.414797000000 
0.008541580000 0.475952000000 0.456326000000 0.455588000000 
0.193299000000 0.143779000000 0.125745000000 0.125312000000 
0.168976000000 0.152691000000 0.134022000000 0.134333000000 
0.037507500000 0.320989000000 0.300395000000 0.296997000000 
0.040085300000 0.313567000000 0.294586000000 0.291544000000 
0.279515000000 0.085050900000 0.072166100000 0.074558100000 
0.014718500000 0.423099000000 0.404105000000 0.404992000000 
0.391399000000 0.034260300000 0.027638000000 0.029274800000 
0.045238000000 0.310550000000 0.289875000000 0.285984000000 
0.046227900000 0.298596000000 0.279206000000 0.276464000000 
0.142263000000 0.184612000000 0.164325000000 0.162363000000 
0.105245000000 0.200175000000 0.179150000000 0.178176000000 
0.038361100000 0.314971000000 0.294610000000 0.291125000000 
0.016789400000 0.417525000000 0.398386000000 0.398051000000 
0.223448000000 0.120367000000 0.102260000000 0.101849000000 
0.036559600000 0.325684000000 0.306295000000 0.302578000000 
0.082657300000 0.239730000000 0.217944000000 0.216944000000 
0.076413600000 0.253192000000 0.232483000000 0.231077000000 
0.445009000000 0.020752900000 0.015881600000 0.016521100000 
0.493473000000 0.002738610000 0.002006150000 0.002143590000 
0.025126000000 0.353102000000 0.332451000000 0.328034000000 
0.471369000000 0.008275030000 0.006163790000 0.006641970000 
0.008907790000 0.453336000000 0.434193000000 0.435364000000 
0.024861800000 0.366136000000 0.346342000000 0.341498000000 
0.437777000000 0.024351800000 0.018707300000 0.019326800000 
0.031725400000 0.338983000000 0.319854000000 0.315331000000 
0.010070300000 0.449280000000 0.430065000000 0.431285000000 
0.410266000000 0.033903400000 0.026774700000 0.027496900000 
0.130095000000 0.188128000000 0.167864000000 0.167905000000 
0.031553300000 0.342825000000 0.324890000000 0.321398000000 
0.176134000000 0.145927000000 0.127717000000 0.128164000000 
0.430041000000 0.026701100000 0.020758900000 0.021358300000 
0.119273000000 0.198763000000 0.178061000000 0.177907000000 
0.035246400000 0.331320000000 0.310882000000 0.306918000000 
0.256714000000 0.092254000000 0.078474800000 0.079912500000 
0.186338000000 0.146120000000 0.126227000000 0.125383000000 
0.025948000000 0.350186000000 0.329383000000 0.324990000000 
0.023438900000 0.369654000000 0.349775000000 0.345221000000 
0.194100000000 0.138830000000 0.119427000000 0.118747000000 
0.027384300000 0.345164000000 0.324163000000 0.319809000000 
0.237993000000 0.107695000000 0.092063100000 0.092628800000 
0.253452000000 0.101050000000 0.084372700000 0.083886800000 
0.207513000000 0.127479000000 0.110780000000 0.112107000000 
0.097403000000 0.223063000000 0.201974000000 0.200263000000 
0.013679500000 0.428553000000 0.409384000000 0.409639000000 
0.226411000000 0.110666000000 0.094830600000 0.096351400000 
0.334546000000 0.057282400000 0.047243300000 0.049112700000 
0.055953500000 0.275977000000 0.253314000000 0.249809000000 
0.217510000000 0.119902000000 0.103358000000 0.103765000000 
0.045891800000 0.301246000000 0.280032000000 0.276241000000 
0.247534000000 0.097944900000 0.083256600000 0.084862100000 
0.224641000000 0.111319000000 0.095422500000 0.096914200000 
0.051810300000 0.287894000000 0.265976000000 0.263252000000 
0.074595900000 0.255316000000 0.233167000000 0.230574000000 
0.363618000000 0.047227700000 0.037134500000 0.037622100000 
0.495331000000 0.001621540000 0.001157620000 0.001274250000 
0.021631700000 0.384633000000 0.367372000000 0.362798000000 
0.310559000000 0.073013200000 0.061270500000 0.063549900000 
0.242025000000 0.100514000000 0.085602700000 0.087214200000 
0.011163700000 0.439502000000 0.420334000000 0.421232000000 
0.011599100000 0.436296000000 0.417052000000 0.417466000000 
0.417628000000 0.030460900000 0.024193400000 0.025832200000 
0.279528000000 0.080619200000 0.067729400000 0.069513800000 
0.089295400000 0.236703000000 0.213930000000 0.211126000000 
0.264083000000 0.091524300000 0.078056700000 0.079627700000 
0.088038000000 0.237555000000 0.216816000000 0.215649000000 
0.065430200000 0.268129000000 0.246149000000 0.243448000000 
0.021430500000 0.405031000000 0.385916000000 0.384759000000 
0.201748000000 0.130866000000 0.113921000000 0.115682000000 
0.323236000000 0.066298100000 0.055351400000 0.057788200000 
0.070834600000 0.258340000000 0.236273000000 0.233858000000 
0.054099100000 0.282851000000 0.262568000000 0.260646000000 
0.143450000000 0.171707000000 0.152015000000 0.151958000000 
0.065967600000 0.267285000000 0.245287000000 0.242597000000 
0.048241600000 0.295616000000 0.274310000000 0.270596000000 
0.292759000000 0.080420300000 0.067979000000 0.070549400000 
0.158734000000 0.160344000000 0.141224000000 0.141387000000 
0.362015000000 0.048959000000 0.040440800000 0.042798900000 
