2.0 27.179834036231515 24.66658036316898 
2.9555871443590886 21.170280301008965 183.5645108825533 
2.0 18.12326360703628 204.7044142887354 
2.0 6.466378870407329 0.9722721423716902 
22.686258809200055 2.0 0.35472931034981947 
2.0 10.969505509269338 0.7060627187522606 
10.077801342026426 2.0 4.773584898475775 
2.0 16.01060091380537 11.460237306479241 
2.0 2.0 0.6373023483792117 
2.0 21.540585072743326 0.8369744538197494 
56.549482675425594 2.549458372565798 0.52317436390355 
3.830384913751379 4.4218420259677504 0.3186578572022093 
42.86975235719973 3.4578146049349847 0.5235684373161233 
2.0 2.0748482812823763 0.0024809017362299457 
2.0 17.071028657262126 23.426891335114423 
2.0 8.890211462078735 0.9110192587012749 
4.0604040253867 3.144381003719685 2.2578704545785437 
2.0 22.093038341571265 13.837085714265731 
5.408545552290901 2.0964072295354437 0.25395375695196815 
2.0445492987386933 25.78358272841656 9.833783541459368 
2.0 3.1741437924404243 1.4153293575054207 
2.0 16.912299750375876 18.768370588737156 
2.7575485109102873 21.90267149416485 132.24672093462135 
5.905572270121269 2.3620863535269887 1.574180908297328 
3.1206488656216136 2.3776064562370633 1.728043921764676 
7.33594629799817 2.0 4.388826730354721 
8.999227191657358 2.0 4.200957365588408 
2.0274830733279057 3.666527280290317 1.0744296124492025 
2.0 12.137614295300562 17.384965635599887 
2.0 3.017335986913266 0.6753118513400396 
7.653313250585842 2.724882630094017 3.4711057991737855 
8.920934671083343 2.0 3.7868629792571156 
5.983020068640911 2.5155048217986264 1.8519280456096772 
2.9587649113323122 3.4911267237085593 2.0900493461945917 
9.77099316077073 2.0 4.072480526286497 
2.0 19.341482834786223 12.936083224524284 
4.111025084912852 2.4245223950375596 1.3943506665793433 
11.47170931334828 2.0 4.308419040519886 
2.7500998934332266 3.648891073695747 2.4197602455852483 
4.711508034995919 2.354874865549711 2.9284251069695557 
6.389273069077143 2.0 0.4629966029282713 
27.431903015820247 2.0 0.011728275905586782 
6.887165928193186 4.332012862769734 4.49672007421166 
2.0 52.242928332762006 0.20081913579064797 
2.0 21.91823325496253 30.677511691990695 
9.783635459235594 4.0069156345421755 4.840854964330733 
13.111413494422917 2.0 0.4735982023594726 
9.393918992149292 3.200867301788554 4.385937898488536 
2.0 18.884958919894792 28.703343212561187 
5.900032990277215 2.0 0.621314881684324 
2.816839260782661 4.013878826935204 1.9029905111250927 
9.41240457584048 2.0 5.305087538308391 
2.9948482573382824 2.0 1.6610327949836008 
5.862177877879281 2.0 0.5398959329799173 
2.7669565114662817 3.883422647861808 2.0051980986515154 
7.928836502337093 3.7544772362648904 3.7683226211428087 
2.556001306465135 2.5885036654051135 1.1813118284436381 
3.920526038701407 2.0 1.6090903741271876 
6.558920533550933 4.458351576402451 4.403499950985256 
7.151754175725158 4.19339776233458 5.271111663066628 
4.319907680485903 2.0 1.5427776741890558 
7.452408380768877 3.739408846092791 4.2260718570509015 
5.373206484066652 2.775861157433094 1.2095971061941266 
4.436815323527089 2.9420965030400943 1.1852296927158965 
2.712629910937772 4.4895002023659085 1.4124353407273187 
5.532448626882097 2.0 2.4165673296319685 
2.0 17.11310711259166 16.60294418216236 
2.0 3.1445013806542015 1.2938521005433152 
2.0 3.156703177082055 0.8799658296823774 
3.8769609378357734 3.065170313077036 3.0435027500456067 
5.194224701367597 2.9268887458278843 1.299281532744965 
5.539483059059258 3.3823410793395094 3.4834667176430916 
2.0 3.3003363932406216 1.2030236631671445 
2.0 3.3780487506072796 1.3029893072348877 
3.338116337831998 3.20202120883074 3.3865023604547737 
6.796185759048007 2.1520346947028592 2.841695674865835 
3.764834756872324 2.5654844606632543 0.7352084444391865 
9.707799465000823 2.5138292935504807 0.07400205261618331 
8.755913409101328 4.115937978439947 6.209938753500678 
2.0 6.8843346307847195 0.9521087775974474 
2.0 2.9533859925899786 1.2176767821082064 
2.0 16.608306619669314 21.99035300304012 
2.0 20.95269667465343 20.078913273612407 
2.0 24.92114496844227 0.5329422892056326 
2.259139265322892 3.3734784930990616 1.0645750424086386 
4.26466015670155 3.0432110049974845 2.450299151192785 
2.7586324879783293 2.0 1.2044016592740525 
4.653565791888555 2.0 2.6605996257232754 
6.500954505456589 2.0 3.074726095138451 
2.1936997487696557 21.605178320587047 9.307448042107037 
2.0 4.062388207322116 1.4187555313454294 
2.0 6.389594696096154 0.9004078313791319 
3.9214365424928874 2.0 3.0464331746260065 
5.474349969330871 2.306293962933176 3.569358920910937 
3.1792932448245947 2.09682264188994 1.9212996071809685 
6.742042290927161 2.0 3.0616415974833515 
6.314857454613639 2.9879042816212413 3.346471351652321 
2.0 4.884832234062587 1.0154965962052391 
2.7641133482043188 2.0 1.8060749587377276 
2.0 4.037627404393494 0.7865913463713985 
