0.009773730000 0.375747000000 0.331887000000 0.335152000000 
0.007833960000 0.393802000000 0.351205000000 0.352868000000 
0.362774000000 0.012786500000 0.006766050000 0.007368410000 
0.018783100000 0.317047000000 0.271235000000 0.273771000000 
0.240983000000 0.057468800000 0.035605000000 0.037214900000 
0.013858300000 0.358176000000 0.313917000000 0.316430000000 
0.179357000000 0.094613900000 0.063683000000 0.065678400000 
0.061765200000 0.206355000000 0.161953000000 0.164851000000 
0.019593200000 0.309112000000 0.263361000000 0.265912000000 
0.416244000000 0.000535514000 0.000424933000 0.000474675000 
0.215342000000 0.070940600000 0.045348900000 0.047068900000 
0.069370300000 0.194147000000 0.150427000000 0.153241000000 
0.024059800000 0.295729000000 0.249992000000 0.252551000000 
0.290586000000 0.036082600000 0.020762400000 0.022033900000 
0.271609000000 0.043220800000 0.025554100000 0.026968100000 
0.194026000000 0.084097500000 0.055163200000 0.057309300000 
0.256433000000 0.049881500000 0.030227200000 0.031720100000 
0.018889400000 0.312615000000 0.266829000000 0.269392000000 
0.074792400000 0.184048000000 0.141083000000 0.143772000000 
0.057699200000 0.213825000000 0.169083000000 0.172035000000 
0.117592000000 0.141676000000 0.103087000000 0.105553000000 
0.250544000000 0.056445500000 0.034366700000 0.036154000000 
0.111809000000 0.143756000000 0.104783000000 0.107150000000 
0.157881000000 0.112712000000 0.078190100000 0.080689900000 
0.182740000000 0.091536300000 0.061248300000 0.063232300000 
0.108687000000 0.147862000000 0.108342000000 0.110752000000 
0.022656000000 0.301285000000 0.255546000000 0.258090000000 
0.371190000000 0.009760220000 0.004735250000 0.005303460000 
0.013112100000 0.365212000000 0.320960000000 0.324044000000 
0.323681000000 0.025529100000 0.013633300000 0.014825600000 
0.306855000000 0.030373300000 0.016827400000 0.017992000000 
0.133834000000 0.126124000000 0.089673000000 0.092018700000 
0.381464000000 0.006746060000 0.003330380000 0.003721580000 
0.280555000000 0.040364500000 0.023424100000 0.024745200000 
0.015251600000 0.351184000000 0.306472000000 0.309638000000 
0.037894700000 0.256318000000 0.210625000000 0.213458000000 
0.216806000000 0.069841300000 0.044720900000 0.046512900000 
0.232083000000 0.061608800000 0.038240300000 0.039823000000 
0.300012000000 0.034101100000 0.018999900000 0.020417200000 
0.080378100000 0.178450000000 0.135915000000 0.138560000000 
0.138472000000 0.122503000000 0.086629400000 0.088934700000 
0.193077000000 0.088117600000 0.058828700000 0.060663100000 
0.162199000000 0.105038000000 0.072029200000 0.074017900000 
0.224644000000 0.066524500000 0.041865400000 0.043497000000 
0.063719700000 0.203036000000 0.158800000000 0.161664000000 
0.030703500000 0.266927000000 0.221236000000 0.223857000000 
0.108353000000 0.151051000000 0.111338000000 0.113923000000 
0.009295460000 0.383076000000 0.341032000000 0.343094000000 
0.340403000000 0.018417300000 0.009698130000 0.010556800000 
0.151624000000 0.115264000000 0.080605300000 0.082778900000 
0.264351000000 0.046781900000 0.028041800000 0.029487300000 
0.144835000000 0.117224000000 0.082079100000 0.084220100000 
0.126048000000 0.132848000000 0.095429200000 0.097816300000 
0.090893700000 0.167452000000 0.125952000000 0.128670000000 
0.010653000000 0.371011000000 0.327037000000 0.329522000000 
0.092460600000 0.162592000000 0.121585000000 0.124246000000 
0.077311000000 0.181921000000 0.139088000000 0.141758000000 
0.049871400000 0.226639000000 0.181357000000 0.184471000000 
0.128637000000 0.130026000000 0.092922000000 0.095177700000 
0.088159100000 0.171631000000 0.129775000000 0.132547000000 
0.034748100000 0.258765000000 0.213158000000 0.215810000000 
0.017453200000 0.324274000000 0.278385000000 0.280914000000 
0.067735700000 0.200009000000 0.155949000000 0.158782000000 
0.315826000000 0.027524000000 0.015068100000 0.016184600000 
0.015615000000 0.346098000000 0.301226000000 0.304411000000 
0.251316000000 0.053027900000 0.032059400000 0.033508200000 
0.045031100000 0.236532000000 0.191000000000 0.194111000000 
0.029274000000 0.275904000000 0.230165000000 0.232764000000 
0.021817200000 0.304447000000 0.258720000000 0.261261000000 
0.204742000000 0.075882300000 0.048956000000 0.050672000000 
0.018190400000 0.320871000000 0.275027000000 0.277563000000 
0.170941000000 0.098277200000 0.066583000000 0.068509200000 
0.041192500000 0.241520000000 0.195896000000 0.199004000000 
0.025257100000 0.288800000000 0.243074000000 0.245641000000 
0.017076500000 0.331273000000 0.285306000000 0.287844000000 
0.058860800000 0.212683000000 0.167950000000 0.170923000000 
0.008552070000 0.388911000000 0.347040000000 0.349002000000 
0.016066600000 0.338988000000 0.292960000000 0.295483000000 
0.101934000000 0.154873000000 0.114738000000 0.117359000000 
0.164947000000 0.101913000000 0.069465100000 0.071443500000 
0.016831900000 0.333902000000 0.287900000000 0.290423000000 
0.096264800000 0.159033000000 0.118261000000 0.120762000000 
0.026004800000 0.284798000000 0.239061000000 0.241628000000 
0.037921900000 0.246885000000 0.201404000000 0.204134000000 
0.028180100000 0.281476000000 0.235717000000 0.238318000000 
0.030446500000 0.271050000000 0.225324000000 0.227966000000 
0.054581200000 0.218849000000 0.173873000000 0.176878000000 
0.392797000000 0.003719450000 0.001824430000 0.002071210000 
0.159311000000 0.108528000000 0.074966200000 0.077116300000 
0.336180000000 0.022402400000 0.012704000000 0.013395100000 
0.051526100000 0.223959000000 0.178824000000 0.181906000000 
0.024229500000 0.292725000000 0.247002000000 0.249570000000 
0.072283300000 0.189964000000 0.146566000000 0.149281000000 
0.014817700000 0.354720000000 0.310157000000 0.313264000000 
0.350842000000 0.016563300000 0.008384350000 0.009272810000 
0.122649000000 0.136743000000 0.098811600000 0.101233000000 
0.201939000000 0.079302400000 0.051683800000 0.053527600000 
0.082044600000 0.174918000000 0.132692000000 0.135323000000 
0.403605000000 0.002596850000 0.001245660000 0.001431640000 
0.047633200000 0.231003000000 0.185599000000 0.188679000000 
