2.8709131249417044 5.811253026270785 135.40290120555457 
3.553075393933406 9.902055783060714 141.47389316164538 
2.325980885340676 3.311560236585871 0.4559818657831425 
5.641243380087448 2.3109781605344297 5.582621867846566 
3.278297334099835 2.0 0.9398823430107445 
3.7836516549709693 5.383530321645347 6.638759598346408 
3.6309722766559624 2.0 1.2170563441321556 
4.614570345660538 2.0 2.253140021710901 
6.168730465168994 2.314205920701949 5.016633208083749 
2.0 2.5511886348148582 0.04300360950442572 
3.6876412812213673 2.19524454340108 1.041161309856398 
5.359932094764943 2.438324454670137 2.089127790889388 
6.0164895476083124 2.089632337356913 4.284185353774689 
3.1403809845748487 2.055639261733013 0.7656832647976795 
2.601768621020558 2.0873625685431034 0.8276125510670536 
2.4205228529713545 2.0 1.1411818183213236 
3.339596203304904 2.0654754600283085 0.883682922843585 
5.934374218854609 2.0 5.255123009689566 
4.964513589107005 2.232832437016737 1.9748511428761184 
5.204859983322304 2.364144051988981 2.3647901116192145 
4.061495162871097 2.1722113627705495 1.5802570390003128 
2.0 2.0 0.9414680428124094 
4.721266994842136 2.0 1.585382242047777 
2.0 2.0 1.3579227466357797 
3.800671106513411 2.0086834068111106 1.1941261372900502 
4.578267212518203 2.0 1.6189500350520398 
6.302991294219749 2.036948849262046 4.554138241093568 
3.8944786517311663 2.1103617103015937 0.4290104873318519 
5.121860219209783 4.974418551224748 8.291365882697285 
2.393948375296201 2.065679195242068 0.6629995593853308 
3.992529956478285 2.101322417523116 0.7013439792319578 
4.40160437185213 2.0011701302455442 1.4542968480836078 
2.8832268373313363 2.3850646083726246 0.3803588274358831 
3.672927488760778 2.1019695327036767 0.8008906432564435 
4.806553013042186 5.258736750701557 6.045957294018629 
6.780297861708635 2.0771351699248854 3.072902170808885 
2.7570859014369815 2.009396469442874 1.0321863956625275 
5.231527415262264 2.0 0.9569122540584858 
2.0 2.1783630164795187 0.7542419348443186 
4.507205833103011 2.348079293833081 1.908053864289267 
3.8001969670004003 2.0 1.4237401453709135 
6.248852030612353 2.0152940959539207 1.1575941070813036 
4.749116204551661 2.3155717630821098 1.2861838556248122 
5.205006317477775 2.0 0.9965254792598061 
5.015183623005715 2.0882402833309692 2.208285230146134 
6.341782522246413 2.0755415913129402 3.2978095874010203 
3.718724789179118 2.269274550807461 1.6627313746570551 
4.228420667026649 7.887370027135724 8.066407354176052 
2.5515335330907236 2.053789317826222 0.5816946763506273 
4.138774946654264 2.093942347913464 1.3646834716499705 
3.245496251822133 2.0693429691127765 0.8543132327414439 
4.833311323739975 2.05834671394033 1.3769927686601373 
3.7405314572193684 2.0 1.5094303379925638 
3.5734197348116084 2.0 1.8195059962378024 
4.377795348647315 4.926739835442494 27.044213495826654 
3.619350439253442 2.012292150205359 1.76718677134897 
4.534887545722139 2.3129280025420598 1.9533996387166046 
5.45959220811939 2.0 2.555009077771899 
4.935007401667254 2.0287815688829296 1.470557297346827 
3.104526784335039 2.425861686514128 1.8446494017373598 
5.7872050466210485 2.315331745783457 3.103403815138615 
5.522903294444932 2.0 6.503787596242287 
4.878575159602286 2.0361522366544658 2.1696249979538753 
3.540302759453972 2.0 0.6738593848674155 
4.8180647180414935 4.578369482804612 5.691728346460399 
4.543961510623361 2.4149863512691203 0.9007587207835368 
4.920409655919862 2.420597490222697 2.7263678983242947 
6.3311552760234004 2.0 3.5354762200033214 
6.479310034947333 2.1106123255276974 4.73729151968955 
5.389972885518718 2.0588732211693266 1.0579015454857952 
5.5492878189033945 2.223280349982938 5.9949025876375 
4.542343320592497 2.18372268163278 1.234643571062953 
4.760627403181829 2.0 2.8143963975881148 
6.2239165023386 2.145562442393964 3.9929248193590494 
6.081113497679477 2.0 7.7277272917953095 
4.821640200848006 2.3128611590965495 2.3395603319578155 
3.506781018849154 7.857162240077314 10.591896740451915 
6.3699435671600915 2.0 10.543468341616617 
4.075187522848947 2.1951688832161143 1.692924784393014 
4.588385677572571 2.3592177644688435 1.2495948113325586 
5.848819214302352 2.3340289993936927 8.364699123529181 
5.358417008058382 2.2022329417330164 1.7223738943368176 
5.889196987091836 2.031759265556631 3.853177739292251 
5.739352097166181 2.0 2.862064478130333 
6.120862615229014 2.1142373208900964 3.711695890173019 
6.38566002638243 2.0 3.3934337377372876 
4.7166275695638396 2.1388813818696812 2.4327368110183523 
3.4883177391677562 2.4861388327238085 0.29949036770088877 
3.536281306005069 2.2749346410775697 1.31402886396364 
6.531312013096384 2.6258805330187847 0.561644385970262 
5.467965408891614 2.0 2.5171035638314567 
5.689661129109428 2.131485759326882 4.156507146822683 
4.836376398983914 2.1977380771488466 2.041186347254815 
5.075323664243874 5.014032135395788 6.337275201887818 
2.13673834183974 2.315219203170569 0.555700103736008 
4.394801536760539 2.1681773211610773 1.5342575484791787 
4.215656090798426 2.0 1.1022122228164046 
4.839221360122786 2.0 1.8754735520708632 
3.8286795010110604 2.102675178750587 0.24137284732970343 
5.29433115783158 2.0 2.621900169868515 
