0.016738900000 0.546025000000 0.531937000000 0.535751000000 
0.017010700000 0.529363000000 0.513862000000 0.523297000000 
0.736099000000 0.049413300000 0.034977800000 0.041626600000 
0.915543000000 0.002683620000 0.001822870000 0.002801650000 
0.447143000000 0.178820000000 0.144043000000 0.161787000000 
0.815857000000 0.032379800000 0.019391200000 0.024800300000 
0.403709000000 0.202404000000 0.166770000000 0.185330000000 
0.628573000000 0.098062300000 0.070261200000 0.082522800000 
0.120858000000 0.402302000000 0.373855000000 0.391339000000 
0.518405000000 0.148856000000 0.116748000000 0.132418000000 
0.898567000000 0.005922550000 0.003141200000 0.004730060000 
0.110888000000 0.415579000000 0.387062000000 0.404584000000 
0.832128000000 0.023324400000 0.014087500000 0.018228800000 
0.410769000000 0.198621000000 0.163119000000 0.181580000000 
0.719032000000 0.064707500000 0.042715800000 0.051863500000 
0.098258500000 0.425195000000 0.398099000000 0.415076000000 
0.230212000000 0.309432000000 0.276056000000 0.295125000000 
0.434225000000 0.189298000000 0.155070000000 0.172616000000 
0.075310700000 0.449768000000 0.425223000000 0.440521000000 
0.419575000000 0.193765000000 0.158410000000 0.176679000000 
0.819789000000 0.024054000000 0.015787700000 0.020021700000 
0.869583000000 0.013457500000 0.008571300000 0.011590100000 
0.435975000000 0.185124000000 0.150027000000 0.167937000000 
0.107381000000 0.420361000000 0.392698000000 0.410297000000 
0.368089000000 0.225450000000 0.190583000000 0.209098000000 
0.377956000000 0.219332000000 0.183398000000 0.202497000000 
0.466271000000 0.174187000000 0.140238000000 0.157214000000 
0.153864000000 0.371579000000 0.341457000000 0.359548000000 
0.329496000000 0.243461000000 0.208288000000 0.227700000000 
0.201602000000 0.338274000000 0.305752000000 0.324613000000 
0.253677000000 0.299546000000 0.265851000000 0.284877000000 
0.135186000000 0.391371000000 0.362295000000 0.380394000000 
0.851994000000 0.016633700000 0.009863780000 0.013145000000 
0.359589000000 0.225490000000 0.190361000000 0.209486000000 
0.390023000000 0.212367000000 0.176977000000 0.195813000000 
0.782206000000 0.047544300000 0.029954000000 0.036992400000 
0.312244000000 0.260599000000 0.226246000000 0.244949000000 
0.882646000000 0.009244800000 0.005486830000 0.007685700000 
0.322871000000 0.254531000000 0.219861000000 0.238335000000 
0.070658700000 0.455233000000 0.430610000000 0.446316000000 
0.247899000000 0.304798000000 0.271834000000 0.290548000000 
0.278975000000 0.280913000000 0.246886000000 0.265793000000 
0.220670000000 0.320457000000 0.286783000000 0.306359000000 
0.328715000000 0.251261000000 0.216587000000 0.234990000000 
0.398700000000 0.208239000000 0.173174000000 0.191319000000 
0.048275000000 0.481528000000 0.459659000000 0.473419000000 
0.513041000000 0.149008000000 0.115847000000 0.131892000000 
0.487992000000 0.163379000000 0.129914000000 0.146471000000 
0.064396400000 0.464086000000 0.440514000000 0.455505000000 
0.705903000000 0.064460600000 0.043368600000 0.052575100000 
0.085548900000 0.444909000000 0.419503000000 0.435224000000 
0.541276000000 0.133325000000 0.102489000000 0.117595000000 
0.578577000000 0.121226000000 0.091565100000 0.105435000000 
0.347577000000 0.238320000000 0.202329000000 0.222440000000 
0.169621000000 0.358281000000 0.327467000000 0.345735000000 
0.158271000000 0.366515000000 0.336012000000 0.354389000000 
0.651537000000 0.085310200000 0.064797200000 0.073522500000 
0.586573000000 0.116789000000 0.086621200000 0.100533000000 
0.784353000000 0.032060000000 0.021723000000 0.026689500000 
0.164010000000 0.362520000000 0.331918000000 0.350158000000 
0.022380800000 0.517764000000 0.500280000000 0.511285000000 
0.595253000000 0.114373000000 0.084439400000 0.098211900000 
0.194675000000 0.340944000000 0.309189000000 0.328175000000 
0.531386000000 0.139193000000 0.106884000000 0.122312000000 
0.497488000000 0.153254000000 0.119861000000 0.136132000000 
0.088738900000 0.429881000000 0.403191000000 0.420226000000 
0.190358000000 0.348004000000 0.316264000000 0.334999000000 
0.025829300000 0.512246000000 0.493970000000 0.505590000000 
0.468597000000 0.164950000000 0.130844000000 0.147788000000 
0.183726000000 0.350052000000 0.319691000000 0.337747000000 
0.059799700000 0.476416000000 0.453049000000 0.468349000000 
0.283315000000 0.275290000000 0.241102000000 0.260142000000 
0.229383000000 0.316246000000 0.283166000000 0.302184000000 
0.039823500000 0.494464000000 0.473839000000 0.486668000000 
0.179853000000 0.355093000000 0.324413000000 0.342431000000 
0.260377000000 0.292963000000 0.259323000000 0.278225000000 
0.128246000000 0.396602000000 0.367907000000 0.385533000000 
0.351200000000 0.236543000000 0.201842000000 0.220274000000 
0.655268000000 0.087076200000 0.061003400000 0.072326900000 
0.564541000000 0.126956000000 0.095771600000 0.110477000000 
0.608857000000 0.104529000000 0.076839000000 0.089830000000 
0.291314000000 0.271299000000 0.237007000000 0.256055000000 
0.210319000000 0.327121000000 0.293830000000 0.313853000000 
0.044304800000 0.488074000000 0.466756000000 0.480033000000 
0.695719000000 0.071996800000 0.049472400000 0.059489300000 
0.112181000000 0.407228000000 0.379251000000 0.396448000000 
0.037123200000 0.500059000000 0.479918000000 0.492315000000 
0.760537000000 0.051519500000 0.033908800000 0.041034400000 
0.668842000000 0.079413800000 0.055485500000 0.066189900000 
0.576899000000 0.126483000000 0.097192400000 0.110552000000 
0.066501100000 0.458240000000 0.433805000000 0.449635000000 
0.300693000000 0.265917000000 0.230697000000 0.250619000000 
0.018742100000 0.524119000000 0.507738000000 0.517649000000 
0.202362000000 0.332545000000 0.300410000000 0.319105000000 
0.267337000000 0.287215000000 0.253372000000 0.272527000000 
0.030295800000 0.506050000000 0.487410000000 0.499365000000 
0.148716000000 0.378391000000 0.347599000000 0.366974000000 
0.060497300000 0.467552000000 0.444373000000 0.458934000000 
0.142684000000 0.385719000000 0.355574000000 0.373842000000 
0.617122000000 0.102738000000 0.074332800000 0.087021100000 
