99.22285460364205 2.0 171.69602237610425 
2.0 23.203576316707125 80.91465183822805 
2.0 148.59635738587338 0.5137307651736722 
2.0 2.0 0.04636955074666432 
2.1946563847721823 2.0 1.6733005315149905 
2.0002194402617772 63.24889931246845 0.4702551235829772 
2.079787283112932 2.0 1.869360341507696 
2.0001429495200522 2.0 1.0934077360390482 
2.197137573892483 6.316739429884171 4.7381972835063575 
2.2188242966546743 4.8719371334484745 1.4665472992687956 
2.2074825740629413 10.50082748346368 0.1583813311170676 
2.321274666252149 2.8809095466780095 4.812775452874084 
2.0 55.712894887836974 0.30645256020484923 
2.462613645052504 2.0 1.8361153933862366 
2.3812366065663304 2.0 0.8578054441199974 
2.006801863399229 10.289392249476847 5.491968720589933 
2.1308960985183063 5.974767067759558 3.062943311823509 
2.081721564928032 5.021318517585788 1.7945998538489263 
2.299112756455806 15.16686773621432 6.6398020961443605 
2.0 2.0 1.799660161046119 
2.0 77.60589997263952 0.37911698040848174 
2.206634930041054 51.8857353362266 0.024696099643970904 
2.0 2.0 1.7265446623033855 
2.022157152724286 5.358098892793352 5.255764731725531 
2.232625834653456 9.115512500604947 2.133034499527609 
2.0 2.0 2.0071484603536756 
2.245798434673517 8.96297853030414 1.6849738513338721 
2.1824042804754327 10.753197368236782 4.159571480961277 
2.0032132049065994 2.5522668238859243 2.243184150445071 
2.185784096392884 7.114863542184329 3.5342202579262647 
2.2550953185894365 8.341266629840483 2.9996177313333527 
2.467901805595927 8.58547700619 4.557464712892179 
2.360650117839156 46.857424976798626 0.26973381177888717 
2.1641300852035514 3.4937286781012515 2.083277856452943 
2.0 4.08333966203292 1.9605009661734982 
2.0 38.051961631057566 0.7031152502599707 
2.2509688683364057 9.730654803452525 2.521542092344581 
2.0 26.44642702197322 0.14207783442718458 
2.0263025877198193 7.499385678737127 2.471449714346878 
2.0 10.296965988168985 6.747903211920907 
2.2059836728905897 13.035738355294042 3.08296388703666 
2.0 9.623999420960972 2.733818749009698 
2.0 3.4987190907775236 3.0577340636005013 
2.1049016987915965 6.590326035644929 2.444480098714184 
2.0628503463853676 6.3272260657771655 1.982347090383451 
2.0 14.60293577292823 8.739743609568118 
2.0 2.0 1.4561016351910219 
2.0 9.12377538741105 1.582749350187579 
2.0101791509681 12.721174307719792 7.215352638821359 
2.3398990560247754 3.2215070062914415 0.867849700268752 
2.0 17.842842437859684 6.424590354432537 
2.178767155318316 2.583657349090495 1.3518275232533306 
2.019767665230317 5.058450233861822 1.2554949615980484 
2.626461822662785 2.0 2.153064273286051 
2.0 11.261163362347746 3.919293858457139 
2.211738790155502 5.640029759238077 3.9671019617737624 
2.0227876472484256 192.0 0.26189745269046316 
2.0 2.0 1.2217742587528455 
2.588814251255707 72.67307143624366 0.3853484189782571 
2.392535644540407 11.239032882694342 4.0070946715255165 
2.4405680232516516 14.944195466449061 17.432750561939752 
2.0 2.0 1.201804119618708 
2.182351854647805 8.629938035945585 3.5684246070755763 
2.0 2.0 1.3817882532117371 
2.0 2.0 1.4855181842959462 
2.2609313706737804 9.101955888657072 5.640572513719723 
2.229782662460718 9.69643061447806 3.6859340317461764 
2.04199016725275 14.960550956028923 14.828310699958797 
2.0 2.0 1.569780625482619 
2.486936606504101 17.235000514229725 3.832223860948408 
2.48176822980422 7.414070381462233 8.033597416765673 
2.0442281765021333 9.08476541328587 2.6804968218512 
2.3423717053660225 10.483628649117676 3.2065619785829096 
2.4023916441905606 21.439193938748225 10.19136630715192 
2.3251594102155053 12.22005894607908 3.911680895838419 
2.2786817486808237 10.809028197637758 2.923287060398842 
2.275388842822872 5.835181802398695 4.607651724917315 
2.322415023185198 11.021081328784264 2.2488981332363336 
2.291699679403013 2.0 1.0114814259888754 
2.0 2.2786305139595813 1.2871117091938924 
2.2699077566195145 3.377703658199499 1.1495771175121448 
2.3949669338421646 8.765985190287402 2.6397434078765403 
2.1889093842442167 3.748110633435747 3.2207972697552183 
2.3126098256148873 19.431707386240312 9.373228228277398 
2.0371930039344406 3.1522238119177493 0.9237353764243954 
2.005327170325168 10.91530002146129 5.000726727048518 
2.4576302761132576 25.785890026504397 11.227177480170463 
2.0014309273926805 97.0 0.6962558986968947 
2.4213574400248374 2.984160197237806 0.9809376459131458 
2.0418041214757183 28.550767338729777 1.3507887362227038 
2.010183609846672 8.816967847730108 6.991801572415556 
2.01523472800507 3.511038299400166 2.4808251198746416 
2.0 21.36211641574093 22.950673279059675 
2.263153249490341 11.258330289375333 3.476476737570791 
2.2501557925767592 9.106600745570223 2.8080788889758956 
2.1530966986946884 12.791243168940609 13.118080299846506 
2.11132435852622 4.400702200100426 4.053810367673522 
2.009105972735886 17.38640103343598 7.545833429657025 
2.0722588877247765 7.469434643469291 4.406854029593314 
2.20172405411125 2.0 1.122896909691283 
