74.73292015366458 2.411033205157544 7.021286861872531 
72.04215918091636 2.0610204808008112 5.6162774435543845 
76.0230370723031 2.0 5.892126534943141 
76.2744858074608 4.104777206984008 12.74452829266541 
4.745633731511134 2.118875609078376 2.4162563920004496 
8.039228104499173 3.099956980370232 14.268335469908337 
9.239226458828922 2.5949902797614834 1.2956140165430385 
2.0 3.346131520676762 0.010154172037466935 
2.0 2.0 0.9538546285074192 
2.0 2.0 1.1375375831007701 
2.695418548441663 3.0268367166116876 0.6454623410529986 
25.688552271448444 2.3020260886680863 5.235507096161651 
2.0 2.0 1.7516998549355525 
7.0440132937926165 2.0598531321188727 0.35446711641806156 
2.0 2.0 1.6749483417832745 
4.5007313653176855 2.1736549972197787 1.6730219553036052 
2.0 2.0 0.8231979427392524 
14.337212311154744 3.297759639563829 0.16252914641525018 
2.0 2.0 0.696694431316542 
2.0 2.2287896365665683 1.7140246763654416 
3.653252370754349 2.0490048751662004 1.4724934102518557 
5.12532312590717 2.4063167981009794 1.9833555897920034 
62.86549445150425 3.6264973502120856 9.90056563980498 
5.379797058139527 2.1634028561090806 2.9783235437217854 
10.656898682794164 2.5528828569660273 15.289048211674274 
5.159152951123197 2.0000495300792243 3.8520105476756568 
68.29501419323057 3.565010587665811 14.463709415547196 
37.35935323288584 2.094549290165841 0.6266976997167008 
4.469372548458381 2.2342796107198972 2.194712870954897 
8.90590660922185 4.283892389416533 0.13750649893697497 
2.0 2.0 1.3223690540456863 
33.18397139337594 4.342628665172751 14.081410932565422 
2.0687603613110395 2.0004219803967893 0.9003203376987524 
4.776894656235095 2.0727625893303583 4.68950414699847 
4.846796802375979 2.007034679397771 3.632734009928465 
11.327839171181367 2.230812376977501 0.28732496911961763 
3.9141504472947903 2.1337641892723065 1.5042704993497658 
9.483392488761922 4.436099700714451 11.94436459847368 
6.312859270990898 2.0 4.603027250424301 
4.8005618597081705 2.0212564801245465 3.211605737445275 
4.786807498436959 2.2155699612892246 2.6121302839152643 
27.2810776891783 2.094832024483698 5.338161390062 
25.761665146352367 2.0 0.8471400330610659 
5.112803046509657 2.2023204391450215 1.7070905629975468 
2.1718181889702097 3.608184243439138 0.8986846897534642 
4.753325025611161 2.0 3.4293890975826042 
3.6540169396031446 2.0 2.3243248141356716 
5.352264954447156 2.3081713635139027 1.8106417066815546 
4.508059282897359 2.080778720921707 1.897208126678203 
2.0 3.3192862626796313 1.2529175691901944 
57.580268506987224 2.0003193134808366 5.361079653651242 
8.551245140107923 2.319297913109281 4.410069098634833 
4.4922751515843355 2.235267916268025 1.3075291512754867 
24.964287418423062 4.437611560326173 9.847596088323721 
2.0 2.216021513362637 1.0887364281106109 
2.0 3.9242477923970687 1.0585935351568612 
2.087805980714663 2.265296834502891 0.7278509831914951 
5.937634082971151 2.174674354797673 1.786870910166323 
66.02158724059409 3.7880412888937345 10.9651579770489 
48.56373976974395 3.780342299572413 10.982082608369552 
4.99499629436717 3.9198967112713063 0.05740900435373769 
4.6432203055439345 2.4206542103538755 1.3514139385190238 
8.2857502750191 2.6156086599188453 1.2654015958489775 
4.42242553575433 2.020084852927823 2.3925701484644075 
4.810941906153459 2.139230622251988 2.8979050376548052 
2.0 2.790712753741333 1.1875889398454753 
5.4874348155268065 2.0341865447914445 4.205123912203161 
4.63222595873919 2.0 3.8070687345566103 
69.5875472988328 2.1624404900859617 5.994556174389808 
5.230885999051725 2.014602167101041 4.376415205729621 
8.204992468330957 2.2397517509949845 1.9911149910810995 
4.827614036002924 2.0 3.3262193731275396 
31.49887914299876 2.169906893625797 4.950560444678038 
4.190277126310976 2.4219198782996063 1.7452558024688622 
3.6852499734332103 2.2084190447110053 2.1098343434699878 
5.010492893826676 2.0 3.5560775517902954 
4.916790381228152 2.206687577859642 3.03349120732112 
8.589568079268526 2.0004940114827954 5.310771129405847 
8.808421764657508 2.0 4.982402789444901 
4.969391371065235 2.0160543350623135 2.5242381274103853 
4.903936322771071 2.442232770177431 2.7145529583982757 
3.7783542392453158 2.0553266552285487 1.0858301815854015 
4.898331130486799 2.3716474345559697 2.8279169810221894 
7.080822792048661 2.0734277301899025 5.118629142519938 
2.0 3.018445978137552 0.34128525937552046 
6.911687447392639 2.02073876379114 4.381729405232171 
2.0 2.0 0.5528796097934263 
13.47767858710699 3.117008674868705 11.409516742517628 
4.438316168499977 2.088336167819938 2.2516814635223903 
4.310610623093891 2.0867349515751146 1.8752148681400633 
6.2691030085285755 2.369934838226916 5.118208003857287 
4.481473413322224 2.1588046159599092 1.9440154657786342 
2.0 2.0 1.2321885618965056 
85.25196970708993 2.0564230063988194 4.177388935467416 
23.381590977959902 2.2364112771743967 4.849840100793424 
2.103946112333665 3.9351538755218254 0.8021876130131056 
4.993149961687103 2.1616909613188025 3.131170931974171 
4.873825460395908 2.1173956288755877 2.452963070355433 
2.0 2.0 0.6219404871587213 
9.322453782252826 2.5718384287342126 0.4005103333106321 
