2.0 20.163477670278866 256.0 
2.0 22.964535188102435 240.86909080542787 
27.5088771142901 2.927187757486448 240.2638442262478 
2.0 2.0 1.2504945319285232 
7.0588669476556705 3.589933350520726 205.8957285582573 
5.570031048549973 2.2843471289590083 5.340715736842457 
14.361272452265176 2.222480531572566 3.6139037654988093 
22.564007990537345 3.370545863385583 226.26391226224857 
5.006030545743609 2.0145799054271767 2.982620406530222 
5.137491031881775 2.013847630087805 3.0146498400585253 
6.401669932393702 2.4933383377847598 6.1575113005990705 
4.789707496372767 2.0 3.6320768430073724 
25.080225634650077 2.895490194488107 13.499084618215424 
2.0 17.58948686990258 85.9219065546695 
3.027881641629327 2.2077616991569036 0.2656622394603171 
30.971779711961975 2.0 0.48913696022726594 
23.239740353562286 2.1154525673499416 2.899002625066106 
19.51353046893653 2.090571838359148 0.4324188078499476 
4.736510332470178 2.0 1.471002166197902 
2.0 2.492456082195238 0.8485907037340588 
13.357769659596201 2.068884128171949 2.110413816141545 
6.720358203633619 2.0466411222480274 1.9238799288139494 
4.344251739250964 2.212823044755951 1.9015331556273278 
13.283445953656871 2.059097745247056 1.95225206583466 
4.769130645827112 2.044179533826201 2.825482273547258 
2.0 2.1183117566847827 0.7029685668781749 
5.168395999522081 2.3488525014982597 0.8854289210457991 
4.45065986655401 2.268228897650753 4.8815978064199985 
3.4559376938130897 2.0 0.400081258246207 
2.0 2.072659819185177 1.3535070194663783 
3.8730523842161864 2.0 1.6238435404767655 
2.0 2.0 0.871855307578588 
2.0 2.0 0.1569265985546604 
25.64658593964343 2.1579280304923936 2.999615680049254 
4.53339056718672 2.0176013838169746 1.732349798095295 
2.0 2.2048950272146026 1.4128296211792815 
2.0 2.0 1.0581546020123804 
2.0 2.0065201496957945 0.9508898827201069 
29.83380654152591 2.015729251764351 0.5551894713960611 
12.796620601960694 2.8044345911353816 0.0 
2.076129486240812 2.0010401764331354 1.2852767266897862 
2.0555440199949917 5.606936146161074 0.26777802159146336 
29.487191394451564 2.20697327676079 2.042927858212111 
2.321302813349476 6.2739254458038545 0.30348198034518337 
2.0 2.8025380265788766 0.9557521977274084 
2.0 2.017939823345926 1.4787199236355868 
2.0 2.197951406126186 1.389563307996374 
26.121972205908065 3.1385829209017757 13.95436912003564 
2.173084597562916 2.0016638459802065 1.1810878799293587 
2.0 2.31617310442046 1.217934114874343 
4.990638773810028 2.0130979710231394 2.291190734953686 
2.1026597157258937 2.0 1.0697599926640509 
5.814998696054625 2.0124324110189318 1.6386834331666387 
13.49020002085607 2.3403698565923556 5.58775752336505 
7.85165374781018 2.0399273186197195 2.394681675711155 
17.578633593459585 2.0 0.3837435908137188 
4.5475619582891955 2.016392984498536 1.9051470322551678 
9.039141732370558 2.480065425056621 1.0781616569535206 
27.001538891788623 2.012793496261292 5.69984362652299 
7.211477106396519 2.0581359034086106 2.461864031616454 
5.363138789245412 2.0 0.013576567418469132 
4.997055028697391 2.0 2.0456908082299483 
4.76604501650851 2.027010377769447 2.2397260059690662 
2.0 2.0356449219764805 1.4498588407438904 
2.0 2.7195943612177267 0.45361307117926897 
5.153803507402293 2.1189570592807523 2.5853390797700353 
5.334357464397396 2.0 2.8785164534445276 
5.224664792103211 2.0582937903809473 2.1463071844885047 
4.198218424869202 2.1711407136741325 3.6419278989225745 
3.6102652027454285 2.0 2.39416438606821 
24.34376295154349 2.3663933991758013 5.289665279892979 
2.0 2.0 1.9078135490037227 
4.805524753350533 2.0798485163823734 3.462331825820421 
27.7173359988134 2.6472199201702136 9.84893605498117 
5.542826487119012 2.1760602406756835 1.616612264348646 
27.01978031436844 2.0322422029632237 5.871317021007128 
5.5318560577526155 2.011427594332564 1.5358336977271105 
22.50055122090947 2.5880423888267163 28.75740538663147 
2.0 9.330720735050843 0.17408558193207146 
28.350735245823774 2.0 4.048458613865914 
2.950401651656902 2.61513268770174 1.787192799887546 
8.655337093760329 2.256637753911297 4.709272471633349 
8.093067724231336 2.039696914939067 2.3248183104849716 
2.0 2.0 1.577754811928612 
2.0 2.2778533282810605 0.990883382934983 
5.044525035334266 2.0034010347879976 4.854013050651764 
4.710400161035289 2.0 3.1561048965706897 
2.0982528185218405 2.036676864389501 0.7639724703668943 
2.0 2.0 1.533654327743553 
2.0 2.146991600024151 0.6131271133694487 
2.508269684197655 2.493576241928424 0.9787429673506669 
2.0 2.3339618199160883 0.11197371008248658 
4.318464274877564 2.157000154881475 2.6942718226279387 
2.092507220345036 2.041811158129642 0.6677228908522381 
2.0 2.0 1.322368728169785 
2.0 2.2035730472671573 0.7991692658078433 
2.4667813725857157 2.0076588766695047 0.7172783397842037 
4.694007412844641 2.0902855655797805 1.7050106758779364 
2.0 2.045161684138187 1.6660383205996112 
5.9089530977778875 2.1048965149157506 4.071383060113287 
