8.192959904662874 2.0 4.090282118175594 
2.7835288082934744 5.653132168886858 62.80798134399114 
3.691693183142098 10.447382966831174 69.883937294515 
5.415277706451909 2.287894481427953 1.4735656663658565 
3.232448764057679 2.1423170831304486 1.0035081314718415 
2.0 2.0 1.1969637613299766 
5.842128973493483 2.087318268228705 3.061251616304883 
4.786376334786983 2.010832719695893 0.6579869429981962 
5.772486173812827 2.1811340237181804 4.338558610702137 
5.597578724923093 2.133776063508124 2.8442404688812117 
5.473181808292857 2.00366767478792 1.0533529321029622 
4.984998368530746 2.241700155891023 1.2463209575995313 
8.227629144497616 2.0 4.889791197699063 
2.1597157894254746 2.0149747874101065 1.2226949971228231 
5.275735825390154 2.2568476036706433 1.3479602760806708 
2.0 2.3925748058407614 0.8413492529029382 
6.280600348914431 2.0 2.6858710278906646 
4.056794647054284 5.490734989331919 6.246407535402639 
4.905728400969585 2.2072949261051873 1.9777312888727008 
8.008156786359322 2.114063096663851 2.829583772984308 
5.4706504298129355 2.479880114496959 1.6930129119495685 
4.925829939683684 2.032323172577209 1.8210427551435417 
7.721533977843385 2.02577191616726 0.7506754006365273 
4.693459652719571 2.0 1.5649824151517258 
3.6714037779317685 5.217940703835342 5.708827915666699 
6.424772519171812 2.0 3.794355430471318 
3.359119266036835 5.446315664006798 6.094107445996072 
8.841656363520617 2.0500850284212118 0.27804508964110974 
5.281749127896354 2.0288276156974216 2.3398280914894882 
5.482107102365266 2.02440401936269 0.9457441897165673 
4.817638871430216 2.0564914369579026 1.15712788032112 
5.562645666489956 2.0007545176345074 5.494496198301507 
5.3830521148501305 2.0390414951624845 2.032677701702636 
5.281181339834145 2.0 2.1952374677645192 
6.081602479350368 2.338684245848109 7.3755807771708755 
5.473708697559512 2.180147379459163 2.5391087807245767 
2.0 2.0 0.6462369236201673 
4.995786517479274 2.0 1.9227170638088316 
5.944961087768368 2.230336643385951 3.1865747414922683 
8.472388362216043 2.1312873033984627 3.0797432370053874 
6.016734681146708 2.0609233966442813 2.885078302868108 
4.651955393827706 2.0684163945382594 2.230371344926357 
5.38404342534434 2.0 1.4303232648329092 
3.944112936029385 2.253569133173856 1.1275868136510776 
5.024936100179952 2.1276284896866047 2.0879966629546107 
4.82505677745111 2.0409551694736185 1.504199288019875 
4.857331996475841 2.1418861019936375 1.7428847834528658 
5.104952452240143 2.0429785582177553 1.3741475957684437 
5.039439702813642 2.0 0.967949684699237 
2.0 2.0587737630210303 0.7262200513190719 
6.2464282438236935 2.0797817514442785 8.514294836205197 
6.133097998649525 2.1973542056182986 5.060246394108815 
3.145837070326549 9.501114622877974 63.24409532121441 
2.3068131261575995 2.034544508597832 0.8814220933151817 
6.111937835893878 2.4556060887128734 4.162012091673386 
5.021468752212205 2.0482387277490615 1.1058946269507546 
2.0 2.0 0.8018940242685497 
4.5779923037798795 2.0 1.3153735052879947 
2.0 2.264364076640294 0.056545311110396845 
5.3680038940170025 2.3146341314658803 1.7527158730549193 
6.3013886460653366 2.0 0.029751283665725214 
5.474568114580548 2.1605557029073936 2.162405667539038 
3.3880066872654844 8.418637565540356 10.702078625444582 
5.780999340403707 2.229730428410816 4.851229741730318 
4.5251655222640785 2.1633437524871644 2.406325442665288 
5.4429862641258095 2.1752386325912907 2.6553331091384647 
4.542464954941089 2.0996793339314728 2.423730333972772 
4.845339621440172 2.103673900546295 1.670801730761284 
6.47204393637101 2.032872165678836 3.306202420387101 
3.904141014689711 2.0447828775105217 0.7293949152311676 
4.213050560929741 2.0 1.6244998277378893 
3.8594623869713094 2.266518202801371 1.0862781617707964 
3.966659621551441 2.0 0.46874393102424494 
4.337218303254722 2.0409742757489484 0.9345865933084232 
5.124588417140579 2.190100800293921 0.4893424874475709 
5.497223213723046 2.4013391000892863 1.523791014253581 
4.977699829089107 2.00237492057287 1.874941700724828 
3.3091819492609686 2.1249006116179614 0.5489480689133043 
4.658477529953049 2.2378541045800544 0.8766557799290193 
6.0027198106853 2.0 3.472296003575809 
4.856454256180346 2.0 0.40978592222677235 
4.680373288583043 2.2557171394682394 0.2138651264956425 
6.208280261440996 2.0633466890074965 12.07310447312763 
4.910188295705216 2.0 1.6479397197434 
3.518946666361353 7.673197128213815 7.6567685275348625 
4.3996939497822956 4.68324332805454 20.476246247281395 
7.5810308200210095 2.0 2.6274463016098837 
4.026186812170731 4.613500868260519 8.358315482941023 
6.142190806612309 2.065449688561861 3.6356568287106197 
4.199414025775513 2.1231384495018126 1.828602784708234 
2.7280578339801846 2.0265675527047704 0.36591049742495496 
5.982289701943978 2.016124618728233 5.920682099597148 
5.34943000485233 2.0516018499347637 2.2994860313839665 
4.133413839184103 2.1554365720709714 0.5695037546758818 
5.6760442365539125 2.4275919261822025 6.454399968889982 
3.9723236862863542 5.822993918687562 6.256425649143064 
4.529274094694476 2.026483192067089 1.2869231204134097 
2.3730571734770445 2.0 0.6170316241720561 
5.27522096788161 2.0582316474477693 1.4020195879328687 
4.319327301729126 2.1490940986463314 1.0374402702179513 
