2.5250401458992404 58.45808621569587 144.8720204796267 
3.4212730617721308 38.06720672690461 141.06569972584342 
2.0 42.5518120311437 140.85452242094996 
6.357793082713979 2.0 1.4426190904736953 
4.165683985684566 2.0 1.21071827395117 
7.337147297534283 2.4858936547109156 2.98419584079425 
5.699152699025873 2.0546050460065963 1.8097702746194597 
2.0 10.814764680036534 3.0185366441631447 
7.5988514655867085 2.0 1.0497470904133197 
6.167711584336023 2.0767889807180513 2.1932013725431005 
7.024413478540965 2.0 1.5449534808396348 
2.0 2.4071285966195113 0.04277931806844526 
2.377439905293487 2.0238217724234957 0.7306723573342643 
4.446553775274175 2.0 3.8010581030330317 
4.556881557519957 2.0 0.9161242626550349 
6.017109928686103 2.4241957318628202 2.397149122614419 
2.0 2.0 0.9256343640832829 
2.0 2.0 0.46088206319147274 
2.0 2.0 0.49082274441627416 
7.168141608545097 2.0 2.0610810171148604 
2.0 2.0 1.0282048615860386 
4.63068533209507 2.0507642157988815 1.230458928686009 
2.0 9.921612776976087 3.1688645832368403 
2.0 60.51127268852626 19.136300665153147 
2.0 59.978308095226325 11.721338069822927 
2.0 42.962962040946664 9.956384742150826 
7.113451075002164 2.014051878930057 1.4044768224742166 
2.0 2.0 0.7913620452174062 
2.0 62.13720053401374 14.70002054952032 
2.0 2.0 0.2430322046888891 
7.861436517365786 2.031185583289658 1.5051926126967992 
5.556932688152532 2.0526098179827685 1.9461467288841856 
2.4870020286641683 18.907912347916554 3.2871558779509353 
2.0 27.942209599726603 5.121292391689228 
6.705054531736439 2.1000474638755864 2.226270043358253 
8.303688078762654 2.0 1.8967137994653565 
2.0 2.0187687078155507 1.668169027196766 
6.535811259616734 2.11052229725321 2.2604197223384546 
6.7276681818655355 2.0 1.316445927369279 
5.931371554279222 2.0012353801240748 1.6321475621118424 
2.0 62.67828829987148 10.798184578180363 
4.134968638081092 2.0370307874835136 1.0467675261844165 
7.2946676945953115 2.0 1.4766293697436252 
7.790791246249337 2.1601064473143525 1.69858133549725 
6.847131585461998 2.0 1.655549867767842 
8.487128707307606 2.0 1.1519911357436252 
6.4420822828985305 2.0 1.8433500487391627 
2.0 2.0 0.9378656125703869 
2.0 71.28573117972704 21.48182146095357 
2.0 2.0 0.882032769311427 
2.0 29.802831665639303 5.47545300593119 
2.419638160253669 2.1920457804642064 0.3634994362061864 
2.0 38.97535489041362 7.272851628225759 
2.0 2.0 0.42007176566126625 
6.473865733442007 2.0 2.102992129521073 
3.239682270967813 64.10323878430187 29.428970941424033 
2.491119010036547 46.720297890059996 8.724492212709304 
7.42790936154204 2.0 2.6248972624370155 
2.0 2.030621926256218 0.8549154848732908 
2.4576934422681838 28.33345738989633 4.612539607984293 
7.933931496376222 2.0 2.5694237318696946 
2.0 2.0 1.3518411241313784 
2.0626203716350067 2.0 0.592310275673327 
2.0 20.05775974962202 4.469176729451732 
2.0 2.0 0.6518531544595021 
2.0 2.0436119737517755 0.7197103197816651 
4.732118331506039 2.0 0.9403597977807037 
2.240933676795583 2.0 0.6904826655267813 
4.984955973636657 2.0003455065857705 1.0901330071632354 
2.011625787818903 21.40553654125939 4.096308425218221 
6.24931920680004 2.4433106114700207 1.274363597890953 
3.1326136296917104 2.0 0.61591533004271 
2.0 30.634184404115622 5.9949986248594165 
11.424824812079432 2.0 0.5084524104795809 
2.031825122843482 44.21435767534133 6.169790676534859 
2.0 31.302786624942687 5.701705649889983 
2.229213443156839 2.0 0.13177846534788284 
3.6691268474470027 2.0 0.32440271418135735 
6.715683068018212 2.0 2.1380623691426863 
2.0180864357088493 30.04250935969867 4.847890839685764 
2.0 44.55244656968684 7.690675600510578 
2.0 2.0 0.828788206329782 
2.2089462211915483 22.235691965516516 3.378597300629112 
2.296282522740853 19.801022757115785 3.578288733604977 
2.0 16.97486459679522 3.809687480538986 
2.0 2.0 0.29460474672550596 
6.214832369932844 2.0 0.9962148878098656 
2.2507289898364466 2.0302580639232457 0.0678101011338681 
2.710314619776762 2.3100931677499323 0.5176972203092846 
10.73043621912128 2.0 2.4074854440682025 
3.2734972456739886 2.3991627360886034 0.1853816091214853 
6.571437361059657 2.3016223298049785 2.6838840297831497 
5.8736441898988465 2.0 1.1264332011031435 
9.78760766211041 2.0 1.9805088030843327 
2.0 2.0 0.7680494471095453 
5.766790216781688 2.0875315334999955 1.7770720827452708 
2.0 36.17749903204026 6.848110400184778 
4.8048160112562694 2.184253667544642 1.3569067775358459 
5.768252767158186 2.154733739118764 2.3205580124678256 
2.789065559014823 41.452096719424034 52.837266472509974 
