0.035052300000 0.448242000000 0.444369000000 0.467443000000 
0.050822700000 0.382789000000 0.377691000000 0.401058000000 
0.049182400000 0.404498000000 0.396819000000 0.420592000000 
0.048369900000 0.412713000000 0.405965000000 0.430080000000 
0.033295600000 0.552942000000 0.547334000000 0.559951000000 
0.033703800000 0.548498000000 0.542335000000 0.555114000000 
0.052131700000 0.369631000000 0.363024000000 0.386202000000 
0.033133000000 0.568107000000 0.560229000000 0.571551000000 
0.040748600000 0.427950000000 0.422724000000 0.446504000000 
0.039390100000 0.430212000000 0.425168000000 0.448806000000 
0.049597300000 0.397669000000 0.390641000000 0.415974000000 
0.031962400000 0.573877000000 0.566916000000 0.578388000000 
0.041093300000 0.424954000000 0.419391000000 0.443094000000 
0.043325900000 0.419763000000 0.413727000000 0.437842000000 
0.031949000000 0.573879000000 0.566917000000 0.578390000000 
0.035420400000 0.445473000000 0.441305000000 0.463898000000 
0.037767900000 0.432808000000 0.428225000000 0.452059000000 
0.039029600000 0.432667000000 0.427625000000 0.451097000000 
0.060015200000 0.307937000000 0.302062000000 0.315072000000 
0.032377700000 0.569907000000 0.562478000000 0.573757000000 
0.037468000000 0.435009000000 0.430181000000 0.453560000000 
0.539755000000 0.016177500000 0.014099500000 0.016090900000 
0.136284000000 0.165640000000 0.162608000000 0.175171000000 
0.177333000000 0.149502000000 0.145429000000 0.157217000000 
0.130765000000 0.192565000000 0.190032000000 0.203763000000 
0.053880200000 0.319321000000 0.312296000000 0.326483000000 
0.070804100000 0.303069000000 0.297565000000 0.310657000000 
0.094560600000 0.233596000000 0.230298000000 0.243628000000 
0.045888900000 0.412294000000 0.406976000000 0.427288000000 
0.035674600000 0.443904000000 0.439668000000 0.462122000000 
0.489633000000 0.031313600000 0.029726700000 0.035220300000 
0.035768500000 0.439320000000 0.434918000000 0.457837000000 
0.071670100000 0.278038000000 0.273171000000 0.286043000000 
0.479051000000 0.057669000000 0.053820500000 0.060656100000 
0.035342200000 0.446344000000 0.442216000000 0.464882000000 
0.342863000000 0.075766200000 0.073539800000 0.082784800000 
0.277963000000 0.103080000000 0.100164000000 0.111022000000 
