73.6096439014147 2.6181359730712472 86.21798487933735 
19.819096746743746 2.0 186.0971365937827 
5.609339082775017 2.597819160457223 240.55459608429385 
7.817110378915764 3.2700000000000005 225.3708838050598 
2.0 41.1953433116943 256.0 
2.382607474466614 34.93107026021271 251.13899446609406 
10.102622848110666 2.0 195.3960175890607 
3.274212237655849 36.467998050951934 256.0 
13.793743769031385 3.280080095849266 183.67708164550507 
15.45074843943405 3.269447434389341 241.5348190277034 
4.124235240520551 2.7007595474733432 226.11002590247026 
3.25371457059044 45.756573081917296 255.2666575098398 
12.063670172623267 2.639442025958576 199.09917567985178 
9.624875550681296 3.1305690194331515 195.23842736607122 
3.2417961095684706 42.66844909221522 242.4264532023404 
83.06636129925877 2.887732590490503 20.63184277119752 
20.387863450916853 3.244503653528186 204.29340054762176 
17.935840748975124 3.1999862316652323 256.0 
75.75413388263966 2.0 5.281108104859726 
3.305406641835996 37.69141581886468 244.29802349374415 
20.736104653886493 3.3411851270047523 213.17890981206347 
87.49136569316373 3.3832680138279083 0.5038957389623988 
50.527311440599135 2.0 2.1211631284293446 
44.00935402251474 3.1275674540898146 1.876950235698743 
152.72964038184037 2.0 2.4671198342404637 
20.775087276785285 2.0 6.3901087893304584 
101.38936573251144 2.0139319213836093 4.935120621867483 
97.67599435617137 2.0 3.046566446659673 
32.15327964839402 2.7446170351734804 12.969505047888903 
85.17096802447247 3.4103239815355004 19.294092319502518 
115.53701986126939 2.055218886071495 0.721151313939961 
41.6112450042165 3.2445725011001114 20.580300461622016 
91.57395931263787 2.0 4.080049047381337 
97.0 3.9530422474553344 0.9504662165490021 
83.80697993867734 3.3692647879984943 21.301105137369106 
157.87083854520245 2.0503984915250775 1.1334849815441088 
70.39940755107209 3.0102051783444743 1.416487690017334 
