42.345680493111935 4.227369887515849 15.34681568974875 
22.044771723904844 2.087726400612257 0.31555723702023775 
2.146756480404584 3.0813355077797278 1.2397014991866544 
13.876869677261977 3.6235060697665005 9.946824147568389 
14.47580967625285 3.7779219948523495 9.230751808117171 
39.54521435148403 3.7106808970844862 11.900329389596164 
3.932893813230188 2.0 2.0348915364407434 
68.65310706232496 2.0 4.955095914130826 
46.87026570107428 3.98012925567217 0.034110656190406985 
8.065941699177884 2.7390651267639847 14.777226949617907 
8.611557680820479 2.2808922082410055 0.6580232856674841 
67.34651651020425 2.0 7.071232408695589 
4.899550249019427 2.3281413172110814 3.7922548751671945 
2.0 2.26384714796646 1.7331400212708405 
5.361208693481469 2.060245670687933 2.07871385834044 
41.90967166358209 3.8002243034388097 10.87864479612572 
7.518391013659665 2.06101060601807 0.3991555174519108 
5.357548519695476 2.8632995330298017 1.3403712543043307 
10.639816904273921 2.006785555658138 0.07827509558071334 
4.522122941651118 2.360582498139843 3.236648888705354 
4.12428399558516 2.2952041163606407 1.9398829613308033 
5.079004349479181 2.0424462599274573 2.3714883688411605 
3.135773493917301 3.2307841068993604 1.7920112455259096 
4.719836944551346 2.281961017716513 2.433716691027376 
2.0 3.7161701560161027 0.13512759423959309 
4.757192967956231 2.05208766909423 1.7876022912696055 
46.66846810291155 2.0935937585717004 5.332438677462502 
4.766077956740528 2.3740495289535763 3.428921452989009 
4.799587562537826 2.345952941960576 3.5392005739305583 
9.275510535163008 2.0874081844741736 4.375483108291686 
4.624568665469257 2.370492718031852 2.1222810879121963 
15.254407896698972 2.496944257641387 0.5422134016693427 
3.51290275042815 2.0 1.3258568722656998 
4.463637805591368 2.4508962293080336 1.4729243098489913 
4.412649371653474 2.4346094207615954 2.211922854767049 
53.49429925128828 2.1424290621617774 5.703808294290539 
3.1214116685359317 3.241853219026578 1.8124158885423038 
3.507117702034856 2.4750952800222823 1.9913664573786305 
2.0 2.501248245919497 1.016396888273094 
2.0 2.0 1.7761085903923917 
2.0 2.4876938911301743 1.4045251194086 
5.46700834410264 2.0 2.6833911650739983 
5.42758687269095 2.0096253980313254 2.592758489734896 
2.0 2.789209790416085 0.016345410337524527 
5.332102154885845 2.8802698563924847 1.2643486120035874 
4.651467964088659 2.0015694893625335 2.8520343387083855 
2.0 2.419403732976099 0.8430465603358497 
6.644030032932139 2.3981433924233073 4.163934896151113 
2.0 2.067825272450044 0.8868535576773562 
5.3986410035335055 3.0990825691667427 1.0826801118928757 
5.018563101672019 2.458888350542348 3.7137121528483945 
2.0 2.0811128987527354 1.3377150781896454 
3.664203501443807 2.470462848961931 1.4372198011338502 
5.185501290612704 2.063500987810052 3.925775642879983 
8.749413684152188 2.4001657123451623 4.208332482408695 
4.056190451192387 2.787435625594192 1.1325563267669363 
38.711174792447565 3.975875203330731 14.239159271814405 
4.6208504885836135 2.4933244901684937 2.2970979938915472 
2.0 2.0332887645779962 0.9884635953419865 
2.260109024890505 3.3020837881531184 1.1419591942433722 
4.403706413679021 2.4537726118039136 1.9603567766498915 
4.376643214262913 3.1188208544341043 1.6353157983814959 
4.778047150632492 2.2497112931988172 2.6341760017518903 
63.08777101171757 2.0 4.582749387224087 
73.09052467743166 2.0 6.142066338520504 
25.249007986191838 3.839352026609957 11.182469154738513 
59.83900246872102 3.5163599740685987 9.142762012857437 
8.992779401759737 2.0 4.904159311545128 
13.456439584011127 2.370659321517332 0.2972698597245391 
15.29760912837923 3.838315797972964 11.18093048305318 
12.333112449731933 2.2407582071136036 5.03933732126679 
4.064505921446869 2.2000005687549598 2.291627712797626 
4.429073135267551 2.5006678299288536 1.4592616005453491 
6.718396513838357 2.404894621333403 4.285688325168096 
4.539288427820184 2.3411901684011056 2.79957253583963 
58.843258741323794 2.2961097140897553 4.744393216229954 
2.0 2.0 0.6534276587704763 
4.804953096582651 2.254602060144279 2.7458544541765533 
2.0 2.0 1.6753171417070283 
72.92349640923658 3.6222567720980567 14.705373062999001 
17.284108434864322 2.1443164763429525 0.58721393725754 
61.763656827737655 2.0766785232050795 6.01028390052256 
6.73709323679428 3.1630212274392124 1.3600614843207248 
23.949917183599563 2.046723664447118 0.7991754749429312 
7.457687763728648 2.4170421942132734 5.025334482334292 
18.18607015587357 2.7037699745527433 0.21608210556209073 
2.322552442957971 3.1467180969508632 1.0784354484523675 
34.754969567018996 3.8634349479539916 13.315053169360407 
7.287542673912877 2.4498848196585463 4.795113697443733 
4.712592921107958 2.365433667282874 1.7832943033533866 
16.500846437286036 2.306490714859141 5.641693314797942 
2.2047403347932604 2.32887461495413 0.9013148637532534 
97.0 2.0 3.552507407419835 
71.8685352431167 2.2812075109252774 0.3706987401699138 
2.0 2.7799234678874836 0.28556433593446706 
63.445933630287925 2.7411924016982114 0.08451642939940207 
5.266316560301738 3.130465389734761 0.9707197533572716 
5.213330405431198 2.0 1.7182659496031294 
2.0 3.05323704640341 1.0671518886820532 
8.876923166801184 2.1013963741235164 4.950126750434987 
