2.5617505985030795 56.353019831861374 86.67404233401024 
2.0 42.52103799262186 0.0 
7.394949873524256 2.0 1.6166492588787242 
2.0 74.52308646505392 14.637809409968458 
2.6709278349471846 42.755258764797595 31.639062446014094 
2.0 18.45891696403011 4.007075531608891 
2.0 2.0 1.526697742470584 
7.32274768355871 2.0068411894655296 1.6812707345276652 
5.44428894703974 2.0 0.8191402699001447 
2.0 2.0 1.0432526744835102 
7.52040966091173 2.1284543580029296 1.8106713231362448 
3.2216393863922015 59.63605726911114 28.32836549830996 
5.382676399854571 2.0056773653914273 1.8359104924819982 
2.0 2.0065459767733196 0.06642134043724957 
4.068910821693322 2.474693013591504 1.3999319130015127 
6.362445889173205 2.0 1.3535096009965584 
2.0 35.5776759099489 11.132010170783408 
2.0 39.01689921351781 25.09035835403293 
2.0 2.18255974971246 1.375967612040991 
2.0 2.0 0.8135293360828602 
2.48164096409903 30.195760703118758 6.152614130686629 
18.84633196779338 2.0 4.131567179406513 
7.277084742996319 2.0 2.0562206027238012 
2.0 15.607016382032679 3.2603120208020044 
7.114298004258105 2.0 2.246810128187435 
5.5393411836045985 2.351062717148067 2.001601284733247 
2.0 2.0 0.7494154550349144 
2.0 36.00415137826033 9.508842395731525 
2.0 2.0 0.46036322640373406 
2.7626709837557666 2.444503027776573 1.081855075990045 
3.1689005521802547 45.53945475168115 42.28337061815169 
4.930303190111511 2.0 1.8879813325339043 
3.929284350621224 2.0627696244236313 1.2785925723730922 
6.703512420977949 2.014552920748283 0.5539929422589587 
5.8886481379499855 2.1041257187183957 1.602814794581358 
2.0 2.0 1.1148618013080305 
2.0 13.070564409886757 3.070166381152763 
11.428820686839032 2.0 4.053498037224686 
7.92720802622631 2.090217935782766 2.204806877224689 
2.0 2.0 0.7165836959641865 
2.0 41.60226944118836 8.003696252080452 
25.92871153043657 2.022140574977368 5.531460183308564 
5.164424397284392 2.041328587644962 0.9658268178937146 
4.482183771802707 2.0 0.6350002187615618 
5.894899400398746 2.0186587136601193 1.933302718432066 
2.0 2.0 1.5815062193108331 
2.0 2.0 0.3274608491312825 
2.1997413207760594 14.297773603558259 3.4094485937726713 
5.303499032804474 2.0 1.4063209676099975 
2.0 30.35300918414122 4.921005235265836 
2.0 14.54561554419777 3.271145521117564 
4.147988832478428 2.0380539125120634 1.4602571140399379 
6.972299026351374 2.306884799661712 0.8960659489233387 
2.0 37.83735940253389 5.515069777590507 
10.826705137221822 2.133280123455844 2.3827208273911213 
6.944567909860546 2.172595884539647 1.7448528173712172 
2.0 2.0 0.4197464272422402 
2.209430146254502 29.234350422997963 3.543004360095992 
2.0 2.0083412231951168 0.9240730372198467 
2.0 19.409972364878538 4.313814199854046 
7.071176605777276 2.477775900614492 0.9478411928842962 
4.651849500374291 2.0 1.2816701285758125 
5.4122192091485495 2.0708724646757037 1.0069839433898589 
2.0 2.0 0.05402582154153368 
2.0 2.0 0.6844614811554063 
5.927293242234983 2.0307678918605316 0.8624879407069386 
2.0 16.312181591189383 3.7816103762216113 
2.0 2.0 0.3782827532725084 
2.3169538151915816 2.2228667375869033 0.285788078786162 
2.0 2.0 0.5039997420610728 
20.30933402555526 2.0 5.2970899467828705 
11.010693037903144 2.3680865931026363 5.042779885759769 
2.0 75.62535189954554 29.18102816176163 
8.047897849177339 2.0 2.6124114444985564 
6.025329952696984 2.0 2.3717718109977826 
4.271612721475265 32.26349264173561 0.0 
2.0 16.051378604628663 2.8954492798839353 
7.928692482571735 2.0 2.362558275397706 
5.281361088514288 2.0 1.5671758712372936 
6.700764901200545 2.0 1.0966028036855635 
7.873275321019648 2.0 2.7960792938328005 
5.0554328476835995 2.0 0.14451718603936659 
2.0 2.176907755791659 0.554682591190354 
7.713581379763248 2.0 2.115621530098337 
2.0 2.0 0.806777572972718 
6.736030260102671 2.3750686339252964 2.1400174923827486 
2.452419703512593 40.33740639626781 12.419456028743081 
2.0 2.0 0.218098657999102 
6.555988639916283 2.0 2.5173120977023236 
2.49164348229656 18.012870080287176 4.728892345257329 
5.896490290226998 2.0 1.6991173910147452 
3.5695176341586823 2.172193687248305 1.1599109976896125 
3.8834243285357135 2.002896610013751 0.5800420614851272 
2.0 2.0 1.2319882221875922 
2.0 55.417151741844016 13.185362519620108 
5.017198838334076 2.3238607247461536 1.4988915211786669 
2.0 2.0 1.191810150909228 
2.0 2.183633564856139 1.271418014348561 
2.0 68.27600232652182 6.655828362386886 
3.508766612941074 2.258885243261724 4.247537738550406 
