2.0 55.65786901314047 20.0228328021322 
2.0 71.25041208008763 25.53334524199859 
14.986863186430034 2.0 1.6056921540769369 
9.160852759364541 2.0500939470195765 7.930695967034417 
2.0 31.173997802330682 139.56016478097803 
11.598265695673199 2.0 3.2456961866711316 
9.860214224322258 2.0 5.957541676971433 
28.704299260892494 2.005750116797735 1.3866194198325053 
11.794942865953214 2.0 1.7058293674933767 
2.5813828208111276 78.88489142275776 117.94476662800035 
55.80060303671043 2.0 1.0213921876637717 
5.863073683654341 2.0048816891479055 0.3351531630891661 
9.094152426331238 2.0 7.125942769532685 
11.399393116812998 2.694277051743066 1.0538279591050437 
18.02083287466361 2.0 2.0769278318699254 
26.74043089716029 2.04129897940856 1.5379450029803636 
24.558940976694185 2.325286845119407 0.46328157383099683 
10.022112271149958 2.0 0.6229343729588255 
58.57991604570151 2.0029222012998438 1.1879119912992786 
2.0 69.50501270578074 32.43212556872691 
10.012037246106608 2.0 0.655179540090916 
12.758059577102998 2.113216718843317 1.3548545839999324 
10.916703457630813 2.0405563282737527 0.09569662863385937 
7.354471409377117 2.0527643867324374 0.9707909860667747 
12.22567559575479 2.0 8.536016874325739 
21.665094574488485 2.014554114460606 5.57276277191605 
32.83762461873411 2.0 0.8783350884865382 
43.274055028258864 2.0 1.5256470077419952 
21.90808522781096 2.0141976842679123 2.2275215346187975 
9.858714772484605 2.043880789259836 0.4041649498239656 
18.81377974839908 2.0 6.218251274746522 
7.3881871860021775 2.3911019711139816 0.937442446670548 
9.228037929077333 2.2835529038242335 0.5602014056997903 
9.2883265645108 2.125585933614985 5.064610711594012 
14.932146932058867 2.0 1.188304458140561 
39.02722768208267 2.0265101257290103 0.41905938290167205 
2.0 47.096281443173226 95.59220501531684 
29.575716940292992 2.0 3.1455225690524857 
6.5829111422508735 2.0 0.7832062289616252 
28.892841028535003 2.4181837362659895 2.1625056389403845 
17.34087716222973 2.0470081772994844 1.7050125518478343 
17.82991248513425 2.0 0.5372977520823439 
15.585879613504776 2.6549065097235967 0.10313486824624407 
21.36473987354077 2.3518888265212605 1.5080287052608412 
7.42584461580565 2.0 0.8605389889645603 
11.600802361879934 2.0 3.667236245172979 
18.471452127167876 2.0337569299974554 4.134983166404491 
10.429662035034548 2.009856758175984 3.5824354142171626 
22.308068285316708 2.0701788704429904 3.9569381906223393 
10.291779217271932 2.0 2.884023801096996 
20.213526247831005 2.0 3.464291479410931 
9.371733465139423 2.0 2.8043606691607543 
40.285318665894195 2.151040071812528 0.3013126478659063 
23.81462544522601 2.4903696392796792 2.337712019111235 
9.744844658840154 2.013677235418775 0.5992766152789082 
2.0 3.1770061312398457 0.0375032863660274 
44.645224836214 2.049980644840872 2.4221574904594725 
26.961888014481122 2.493626211299794 1.9451203267909576 
23.019302792511258 2.039785902570976 1.4614089618049713 
8.985073886762576 2.0 3.0185733607268443 
22.65461931382697 2.0 0.4532177448406003 
12.174115997862655 2.0 1.1211795257020283 
3.05581339139584 72.2859009913493 52.17403646332801 
2.0 84.58463064552579 39.512204365036204 
20.745322388486752 2.314875725819484 2.392602832730472 
13.530451420998808 2.0 3.330080799174808 
34.70489077395463 2.455339974104983 1.562574085222483 
2.0 77.37697472055683 168.0909324076976 
13.031501864067138 2.0 0.3400383021840998 
6.198336795768297 2.0 0.7423293307369497 
7.038229535401655 2.016826229675817 1.0308036800439844 
12.174155489034266 2.0 2.134243824092805 
32.84053265277728 2.0042436515389395 1.2438971013807 
11.940685136720028 2.0384990780789787 4.718384847900807 
20.607991594614813 2.0387580591077317 4.037790607400659 
22.0294421109006 2.0371698477708557 3.843750849757361 
13.47283579171831 2.137731860380287 2.9114296647454143 
28.22644063507262 2.153049768630292 1.117369700601338 
14.764221414570486 2.0 2.5586714011207525 
18.656122060197507 2.0086624573317273 2.4716870796251125 
11.968584071520644 2.1349074380871644 0.6813579312736553 
19.953090266260535 2.0745289669370037 4.890210828811124 
2.0 46.06521122143787 18.239629180621993 
14.633334415807164 2.0 1.842667074557399 
17.241549296930764 2.0 2.089629391657568 
12.037990294406326 2.4427885920135433 3.767513437896653 
11.850491659932242 2.027048139791067 1.6217959481873643 
10.135661744043357 2.0 2.629989131217229 
12.238265815661999 2.0 4.858900575777113 
60.164454471184214 2.043535094870526 1.9595349346118176 
12.474792260268385 2.0240422526187087 1.756548514171512 
12.045581581192382 2.02916765029431 1.4123607997822551 
20.37542874712357 2.0 4.29549194033613 
37.7097468380655 2.1541254600958903 0.7867083226178955 
3.422177433395443 54.90802554059421 73.2548733879068 
12.288729862335408 2.060269286430054 9.597112122895718 
51.40999702541647 2.150522870906057 0.7718489418640371 
19.604593855252446 2.0706853261576503 1.949891687030187 
21.651399393345454 2.3768805077917197 4.369937916620131 
9.470482468802654 2.020877209652847 2.3231107895994834 
