0.005019660000 0.171553000000 0.144781000000 0.151077000000 
0.004617690000 0.178078000000 0.151364000000 0.157711000000 
0.247417000000 0.001862450000 0.001324880000 0.001426390000 
0.038696300000 0.086813500000 0.068269600000 0.072267400000 
0.051025900000 0.073679100000 0.058111700000 0.061105400000 
0.236055000000 0.003191120000 0.002284530000 0.002436960000 
0.254963000000 0.001758620000 0.001266630000 0.001388420000 
0.028773300000 0.099709700000 0.078926600000 0.083531300000 
0.040479200000 0.085150900000 0.067301900000 0.070962100000 
0.042120900000 0.083637400000 0.065597500000 0.069407700000 
0.019712000000 0.117391000000 0.093977600000 0.099392200000 
0.063401200000 0.061844500000 0.048111700000 0.050787200000 
0.122491000000 0.028470800000 0.022306000000 0.023420900000 
0.202814000000 0.008170820000 0.006530200000 0.006793740000 
0.022303100000 0.112549000000 0.089765600000 0.094990700000 
0.044004400000 0.080340900000 0.062920500000 0.066568100000 
0.089478500000 0.044717800000 0.034767900000 0.036405900000 
0.049264400000 0.075471800000 0.059400200000 0.062453100000 
0.097540900000 0.040781100000 0.031689900000 0.033356400000 
0.012705800000 0.136534000000 0.112487000000 0.117946000000 
0.046409100000 0.078072800000 0.061086100000 0.064613700000 
0.229586000000 0.004457210000 0.003208280000 0.003410630000 
0.016952000000 0.123981000000 0.100481000000 0.105690000000 
0.023175200000 0.109464000000 0.087159200000 0.092228400000 
0.008095740000 0.153774000000 0.127875000000 0.133820000000 
0.083379700000 0.047692500000 0.037018700000 0.039007000000 
0.033071500000 0.092643900000 0.073045100000 0.077326300000 
0.210174000000 0.007365130000 0.005771700000 0.006085200000 
0.165480000000 0.015427300000 0.012286600000 0.012829500000 
0.114307000000 0.031908400000 0.024903200000 0.026168400000 
0.030836100000 0.098171400000 0.078297200000 0.082476800000 
0.042899100000 0.082014500000 0.064287400000 0.068015900000 
0.118225000000 0.030058500000 0.023491800000 0.024665700000 
0.021224500000 0.114658000000 0.091577600000 0.096882000000 
0.260889000000 0.000968093000 0.000670229000 0.000739432000 
0.280050000000 0.000056940800 0.000005178410 0.000002959730 
0.006877900000 0.160989000000 0.134637000000 0.140767000000 
0.187475000000 0.010864300000 0.008720850000 0.009084700000 
0.131173000000 0.025812100000 0.020248700000 0.021235400000 
0.069058900000 0.057964400000 0.045049600000 0.047521800000 
0.192394000000 0.010176400000 0.008028830000 0.008416770000 
0.052481200000 0.072346000000 0.057008400000 0.059932500000 
0.106241000000 0.035597500000 0.027701800000 0.029128200000 
0.151669000000 0.018926400000 0.014984300000 0.015670200000 
0.175858000000 0.013168900000 0.010533700000 0.010986900000 
0.086998500000 0.046329100000 0.035974100000 0.037894200000 
0.007018570000 0.157528000000 0.131757000000 0.137825000000 
0.092550800000 0.042826800000 0.033267900000 0.035027500000 
0.015760900000 0.126497000000 0.102723000000 0.108018000000 
0.196882000000 0.009170700000 0.007383050000 0.007685260000 
0.141386000000 0.022526900000 0.017617500000 0.018399300000 
0.071891300000 0.055378500000 0.043027600000 0.045378900000 
0.127312000000 0.027007200000 0.021192600000 0.022239100000 
0.025845500000 0.104194000000 0.082692900000 0.087532800000 
0.180857000000 0.011886800000 0.009533790000 0.009932420000 
0.013631300000 0.133798000000 0.109326000000 0.114889000000 
0.062486600000 0.063823400000 0.049689600000 0.052494700000 
0.077227600000 0.051895200000 0.040309600000 0.042468000000 
0.005514140000 0.169948000000 0.143222000000 0.149500000000 
0.008533000000 0.151855000000 0.126101000000 0.131987000000 
0.023983000000 0.108376000000 0.086263100000 0.091289500000 
0.014472000000 0.130099000000 0.105970000000 0.111388000000 
0.005743500000 0.165807000000 0.139576000000 0.145825000000 
0.059010500000 0.066240700000 0.051625300000 0.054559100000 
0.080798600000 0.050112100000 0.038903200000 0.040992600000 
0.025651900000 0.105840000000 0.084862400000 0.089369800000 
0.035471900000 0.090882600000 0.071598800000 0.075770000000 
0.006289480000 0.163525000000 0.137408000000 0.143612000000 
0.065704300000 0.060514700000 0.047062200000 0.049668900000 
0.012096400000 0.137819000000 0.113631000000 0.119130000000 
0.136251000000 0.024106200000 0.018794900000 0.019642400000 
0.027818700000 0.102165000000 0.081694100000 0.086052700000 
0.017559500000 0.122470000000 0.099149100000 0.104295000000 
0.110345000000 0.033045600000 0.025806500000 0.027122800000 
0.010905300000 0.142075000000 0.117505000000 0.123147000000 
0.216997000000 0.006347680000 0.004930850000 0.005221640000 
0.009003640000 0.147296000000 0.122303000000 0.128109000000 
0.147521000000 0.019902600000 0.015761400000 0.016484000000 
0.101247000000 0.037986700000 0.029556700000 0.031084200000 
0.270092000000 0.000392052000 0.000271421000 0.000291629000 
0.004816060000 0.178009000000 0.151295000000 0.157641000000 
0.223286000000 0.005469660000 0.004326130000 0.004524780000 
0.161121000000 0.016268700000 0.012928600000 0.013498600000 
0.005646710000 0.168332000000 0.141667000000 0.147917000000 
0.170363000000 0.014294600000 0.011389700000 0.011879600000 
0.009624960000 0.144911000000 0.120108000000 0.125839000000 
0.155305000000 0.017715700000 0.014051900000 0.014683700000 
0.007546900000 0.155429000000 0.129801000000 0.135819000000 
0.056757000000 0.068756400000 0.053605800000 0.056663100000 
0.019039200000 0.118771000000 0.093975400000 0.100451000000 
0.015511500000 0.127807000000 0.101889000000 0.108718000000 
0.018007300000 0.121666000000 0.096494900000 0.103096000000 
0.241248000000 0.002722400000 0.001935310000 0.002108210000 
0.032161700000 0.096049600000 0.075871300000 0.080306600000 
0.144688000000 0.021193700000 0.016777700000 0.017560800000 
0.011588600000 0.140147000000 0.115749000000 0.121328000000 
0.074506300000 0.053726800000 0.041706000000 0.043972200000 
0.054472900000 0.070452100000 0.055475600000 0.058304100000 
0.035709400000 0.088780200000 0.069878300000 0.073966400000 
0.015107200000 0.132107000000 0.105757000000 0.112716000000 
