2.0 9.468770253340423 12.8 
2.1833685864555608 17.08899650997212 9.477896922763952 
2.003064933181424 35.846130367978475 0.33146918251083296 
2.0 2.0 1.6449360862811946 
2.3334354958509174 2.9356576720401706 1.519400739887129 
2.0037802755286354 43.32449051165447 0.38365158665406635 
2.0 6.572060359515345 0.3753138210181836 
2.2890879457683684 2.0 1.799762224686936 
2.3787802281749695 3.7975279485079696 1.6401871417731682 
2.3649432390252287 2.0 1.6047243287771045 
2.0957404050786588 2.171160286083417 2.046864376809154 
2.4796895296000265 2.2359967964486747 1.3772580460659483 
2.0 2.0 1.0344493299095998 
2.0 2.0 0.673253511809869 
2.0 2.0 1.9711358699475081 
2.0 2.0 1.5722713703961064 
2.081271870204716 2.7553245210984976 1.2108783471482523 
2.0 5.858462410881843 1.5440055452836567 
2.0 2.0598716110563626 1.1689892948383744 
2.050668021048099 7.164901159170362 2.5281905974560264 
2.0 2.0029317952978976 1.5454197974143524 
2.1888875754725623 51.23807491710324 0.3870521410150565 
2.1696994867411155 4.859877223731145 2.1856381224867625 
2.0505676215294413 2.0 1.9273001180814744 
2.2297441997306615 9.270967717693981 3.0306730613662762 
2.0142198816778656 2.4736015631416737 1.2380289575237977 
2.0 2.0 1.7091997779198862 
2.0 3.110407191612679 0.6424909205502396 
2.0 2.401860460332314 0.8348322009896124 
2.0 2.0 1.0703602766351212 
2.0 3.799548141658784 1.8080443345654456 
2.0082493763061455 2.1754688522906074 1.5914124210297915 
2.4343920802151815 2.2227406425137737 1.0483269576360703 
2.0 2.0703990449937164 2.0022786635282643 
2.0098364653173113 12.742159014585873 0.2677449272818301 
2.0 2.0 0.11471222646951752 
2.124072299232087 9.466145901993121 3.389881109809048 
2.3120625125273606 2.191544340939541 0.7420425330758312 
2.0 2.288347660046504 0.9957454050827241 
2.225311305121525 2.0 1.3404158631601295 
2.0163139767437617 2.5199427804655263 0.7255314750060413 
2.0 2.915125248820197 1.5004412048872409 
2.007289364845334 2.0 1.1096142754828409 
2.105876217582823 2.3827112677879545 0.8990994100400238 
2.0558590149123224 2.261446796859169 0.7940093356361653 
2.3094658440239355 2.113806883397386 1.2271092143394957 
2.0 7.1673198773743545 3.287979827106222 
2.0 2.0313658710435143 1.1881915332019855 
2.425046244315713 4.763517153151589 2.2140758220955252 
2.0 2.0 0.6998267093446322 
2.0408522344058007 2.6874599216578656 0.9405386773647282 
2.0 2.0 1.3139731172248312 
2.0 2.0 1.0109668018157292 
2.287332477843526 2.30107252126221 1.8591512431254422 
2.0302728646459816 2.013333549142223 0.7678304582568396 
2.0361771316731336 5.409517918995469 2.368497622307927 
2.0 2.0 1.3965938496657913 
2.005272891746514 2.0821551926492057 1.2778307225065857 
2.3796852571239673 8.795029087311951 4.523638260036648 
2.085361356986788 8.657730884380204 2.964262295908071 
2.4848194392588296 2.1403623223622485 1.910258496745258 
2.000876551931707 4.534287183575318 2.2958034097794306 
2.038456632128316 7.285012892955549 3.9523759893157995 
2.416609909099635 2.0 1.4264998766858672 
2.0 2.0 1.2628745740821337 
2.4375828352829876 4.1625100826862065 1.923744134024871 
2.005777943317257 2.051276762033577 1.6876978944231484 
2.0403726859115077 6.700035735900306 3.7002756685584095 
2.0 2.0 1.3667707576348571 
2.0 6.941579451890407 2.557695084664465 
2.0109250408461414 2.512265704151388 0.9652536200467707 
2.033207990503362 4.041604548084223 1.8659946348449334 
2.4092030292560613 4.671056944722175 2.1534212327847677 
2.0 2.0 1.0860211337892034 
2.2022812364225457 7.348657464863738 2.6713856597380583 
2.0764838782968145 2.709321104931163 0.606984204203649 
2.183013765010645 7.145091145770001 2.8333359454654756 
2.371557665033122 2.436511846163214 0.9147104574822256 
2.030207026664288 2.480484639666681 1.1358816073053317 
2.0 16.481520392115574 0.1681443443087387 
2.0 17.19767846102481 5.755039799289516 
2.0255606559894415 2.127456135521295 0.5872714272007701 
2.0 2.312740798488422 0.8527503261298224 
2.2237485085369153 8.572210264916418 4.206886321895789 
2.4223091750054673 2.0 0.8155769930822409 
2.108558658408503 7.030362421016255 2.7531954151074656 
2.0 2.0 0.8752183216619138 
2.0138313660088865 7.168489746608062 3.166181104728884 
2.3237555707330975 2.0 1.4490804012790002 
2.64035079077391 2.0 2.0863704630482944 
2.5865974031039296 2.0 2.250903924661073 
2.673760868874038 2.214938212718549 2.133132233063166 
2.0 24.18510104479789 0.41035774397865055 
2.0 2.0 1.7539039804823207 
2.0157830345923187 2.0790699043826213 0.9330682048215012 
2.229997515234599 6.978046042911433 2.62459783036329 
2.0 2.0 1.301193266111057 
2.0016673864578984 2.9146090844916928 1.4841526084529575 
2.0454852711142464 2.297599681064 1.6686065802977115 
3.0988883384676336 2.0 2.3474409906479226 
