2.7262516345451706 42.97987826524644 99.86838898762417 
2.0 85.12405781751742 212.3473356063987 
24.937493970624963 2.2232885217289162 0.9970583220148659 
18.860037305432225 2.168219913483331 0.7101166109770232 
16.544559361920047 2.098375562905346 0.845900627723435 
16.835099195667418 2.0 0.8835913245001574 
2.0 2.066193771387884 1.442986260361114 
29.827899372927185 2.9840407072471615 0.687648846783663 
28.26480797606968 2.170886342265402 0.7601493890068993 
2.0 39.88501155168338 36.25759160977057 
18.659685278113567 2.396391515336891 0.9153834337928196 
21.705236524925283 3.2379940875400743 0.1648926840114015 
2.0 54.63222822640605 39.40536895604559 
10.201179521043214 2.3023313443827433 0.3051557841067068 
16.81403080207959 2.061305539398378 1.3372859498786438 
37.965429358671635 2.0 2.1167221067572637 
17.59742285130022 2.023303012794315 5.122416966700062 
17.522302696520768 2.0 1.1832093372084485 
10.359310339201919 2.031307923950109 6.533028532982975 
38.28733525500866 2.0601465729074167 0.9636703113815654 
17.527559958230633 2.0 1.2376517210787423 
21.886817364198897 2.4758196895253266 0.4176198345562385 
9.747048340195425 2.0 4.646129293243355 
12.228397999866154 2.1846175973407247 2.325007011307174 
18.25455601718465 2.0419392359166033 1.422680946651016 
23.964503908987822 2.273505462857617 0.9634004764442814 
23.704145258201436 2.0 2.394022535268074 
17.62676251369615 2.0 0.6854606400009012 
10.11265158204545 2.0 2.670445256974328 
43.366893224740956 3.4447209143867235 0.13323178682905956 
29.040889339428468 2.27402048778934 2.5113402158784894 
24.356170900575812 2.0 3.877418706773149 
26.784367028253996 2.258351036623488 1.070387144781495 
25.81684619319762 2.0197623558801423 1.524971620865804 
11.50898464421067 2.0 3.4923424072954337 
19.593369383481175 2.0096622606701615 0.4655751425192673 
9.427639382734528 2.2300640592215424 3.2782425139779576 
11.443968071239176 2.3671385187842815 4.9115622078522225 
26.691854930639728 2.0226992094138234 0.6250022303473985 
25.088353884151612 2.0 2.016524783113799 
8.575077660807226 2.0 4.478647502737434 
35.76811124361705 2.0 2.2580093601707194 
26.403165701504847 2.0 1.9215315599391487 
10.236734893214965 2.282793042690275 0.8149863235816905 
25.047503524481275 2.258889090073633 1.4550693580213305 
12.56320835022178 2.279663277082136 4.261203872304133 
12.614421280772001 2.203585646227031 3.3740797481517544 
15.130733540879858 2.065085988112123 10.043998211605537 
11.682453401537874 2.0607742944670986 1.94506986932141 
18.286515353796915 2.0912698812017685 1.5719882380954642 
29.5872037754782 2.021231047007513 1.9923499475620194 
26.12579693773311 2.28454599970513 1.654242269114022 
17.939359014970513 2.1589920947986316 1.413463603380434 
19.923022573089266 2.0 0.6214285584475476 
2.0 2.932831678301996 0.033398254444545195 
17.727971406415815 2.3831304228068095 1.1244109512591174 
42.24702718135006 2.341402661883353 2.136588443784246 
11.73456034793947 2.1286055805413566 3.6995882126057946 
14.918693890378274 2.1062534171186016 5.0392649853233795 
22.396086812833587 2.078760711817909 4.001829985152 
9.498784282741939 2.055116739648757 7.159696471686848 
40.288684896432436 3.3276358405861375 0.36541164455899366 
21.932074788713308 2.3564666838218216 3.5549339599860277 
11.951801462157004 2.078386599395243 7.806804736560334 
30.017102029673755 2.1124295872698027 1.6321653498783117 
17.468628572824677 2.472059749760068 8.837141887505455 
12.18152897684019 3.262680867251857 0.32231149916440327 
12.628583532877013 2.23114928925974 2.4359637548997624 
22.830733930033432 2.0 1.6806006945110552 
14.725275274461342 2.3375375984363562 1.8399574421681621 
2.0 35.83287569489991 80.5196964849732 
34.24152984186247 2.0 1.262915304878947 
29.034059714955728 2.0174663104185377 2.1951105709090197 
23.81924539474341 2.0 3.099745417034355 
19.089362397735968 2.0 1.05009505097383 
4.988199166333196 2.031518117873382 0.5544233362596138 
24.614713018580417 2.0 3.008329964828585 
19.45676423637034 2.0 0.5856938001327525 
2.805172747530536 79.37936425806912 113.18678984804778 
18.460248493477774 2.04827765215762 1.7446035031212763 
27.639438489331816 2.265786895642136 0.08328249052583114 
2.0 21.39547926025093 26.13325056135696 
21.352413830392546 2.073065023064419 2.226057315203116 
2.216116625475221 20.534969340324636 21.534283002656124 
12.22527440149032 2.3187425215843573 1.511982760489321 
17.52187304255583 2.0 1.1952552979268358 
13.189420851289135 2.0404755853033243 3.7236606070596916 
2.0 45.768909766121475 98.61544978147131 
13.498014629816053 2.303844801090251 2.863157400192603 
12.522561062294429 2.1147883125804863 3.0492531161971024 
12.791497925051058 2.0515206105405577 2.8945419093967475 
12.069662334645956 2.120033355067728 4.137493383750824 
12.224814693503568 2.037043041046546 2.781369062629874 
3.209355182895229 35.1891164768544 75.22946453957385 
10.384969290308232 2.0 6.039731244053652 
2.0 2.147429523734467 0.11208269962676898 
34.112600745318666 2.0 1.018781894210056 
2.0 26.29614650210357 31.27945471041308 
8.576704416296849 2.0 5.201287990029147 
10.106023431111412 2.0 7.184400436924878 
