3.490391693109764 31.199644958705726 66.52451989824083 
14.722989365510568 2.3079210127046417 1.9360029217583206 
2.472022861407568 2.16335416410412 0.4382493989605523 
5.847676230905125 2.409077455718906 1.5303209948897318 
5.591615766312991 2.0 0.44074175709710395 
7.621653010277727 2.0 2.6530579092707995 
8.697203176692692 2.0 1.6103457840085804 
8.058039551820418 2.0 2.3214502933040633 
2.0 2.0 0.40874651664270084 
22.40450187283818 2.0 4.46433607305513 
7.6709698876135 2.250010570062992 1.3342221932766274 
2.050121455059486 16.74045358872666 2.6611855498747805 
3.2871455833267333 61.052474868097434 183.25270254637573 
2.07039558589212 3.636797652108649 1.7077779111850337 
6.866178737587651 2.1312204322736203 1.4437472308696164 
2.0685090946242863 65.00747003347719 14.374359009272853 
5.166259003530029 2.0 0.3362583419932038 
2.4707660828661417 2.411752246847888 0.7261967011388867 
5.136449313675147 2.0 1.226310460133355 
4.485862911066308 2.285183746471087 0.9920822264547773 
2.0 23.00416455205572 3.8437867807144683 
2.0 42.540347689332314 10.304814301335293 
6.382598723063625 2.0 1.6705519236337987 
5.98721343222131 2.4527439706388647 1.5756980875430175 
2.0 2.000080068154463 1.1144274283863322 
2.0 2.0 1.3584790017622916 
2.0 46.16471506138088 8.288382318840236 
3.9435358485956526 2.3472912758172635 1.4152427735041961 
2.4614897327585035 43.3041456654844 107.65085830552579 
8.287338256429528 2.0 2.333358786271444 
3.3764583261362944 2.103804457336911 0.5869946821877539 
7.098518339377968 2.0 1.8314546672581395 
2.4194751480616725 21.990003188536765 3.69451573410009 
7.560635447085044 2.0 1.3153031963904516 
2.2797388294422705 26.268950241280525 3.081825930793151 
2.17768572665894 14.465337604403896 3.2797531538571327 
2.0 8.501471494242272 2.5798506241165007 
8.411097970513907 2.229065223461945 0.7444748129557875 
2.3625024935687042 2.0 0.6409381953049982 
2.0928966370546993 2.464998132436313 0.8531232126902251 
2.338480716537717 39.706445834206114 7.616471405116356 
4.20261243892689 2.0 0.04524582891606177 
5.584580081226348 2.0 0.46675230903496834 
2.181853050202852 43.597873256108954 12.005330134432798 
2.4623492527489153 13.400403836307095 2.906659478003406 
5.930263055747982 2.0033453186543224 1.493201283169732 
3.0556436253182326 2.0336191936033488 0.23805897147974864 
2.0039230101400394 2.079511947815125 1.0819963667132857 
2.016221717727684 2.389501252084536 0.6921500335184713 
2.0 9.390906579047877 2.6506327624963033 
3.004307478484548 46.37376451825776 49.64847117884004 
2.4952529313233 20.988685922678947 4.227647222776486 
2.0 47.410706935671854 9.107217843468444 
2.0 10.150161758711358 2.326287689916139 
8.021758863694412 2.0 2.031649634558807 
2.0 21.35991998966546 4.4119010340032085 
6.696704576697497 2.0 2.23678109515527 
9.90697654400304 2.353259109401184 1.864018860300538 
2.0091574394169562 63.377434966810846 20.378164111395392 
2.0371105187975296 20.972695218952467 3.4836993073718405 
3.7418931143999097 2.0 1.2245378334425134 
11.452309012302164 2.0635251070838643 1.7664343819950346 
2.1050474964403914 12.343023125357629 2.250880678808448 
4.949863466192698 2.0 0.852949606902619 
2.517870285897878 2.403162414209696 0.16755835277581557 
2.0 2.0 0.9821212223133946 
2.0403018191144913 39.069400114834 7.035081741159661 
2.039938754332929 20.95855772395693 4.013565927588674 
8.26762427803587 2.4889800266922415 1.112540369776848 
2.0 20.457013472458566 3.2681140039081003 
2.2090144569570422 41.0456846701112 5.212039062790134 
4.533241159654841 2.0 1.2735403543539072 
2.135534571222121 2.1216048852735327 0.7729364763548252 
2.0 2.0 0.9435098062861547 
6.049348387296941 2.0 1.0482539989416821 
2.197609625016821 23.180163232449 3.1303845472677057 
2.3602938564588167 7.195100237158298 2.257266056714283 
5.088046731548308 2.0 0.7782766679888982 
2.0 28.02876951834184 4.637347708405425 
2.0 11.132697646443427 2.7621092207546085 
8.334451993840426 2.0 4.698796162547989 
2.0 59.53852501145954 12.966913148384666 
2.0 2.194813586708168 0.6686443254440251 
2.1308066560183874 2.250030782243296 0.536260705898211 
2.0 2.0 0.33388652330855173 
3.7029586193102713 31.883814149013553 62.84822430283267 
8.353713076048074 2.2548380732569973 1.0998699366353497 
5.9593368654330465 2.0 1.1689811036094682 
2.0 2.168657797828609 0.29754514453913034 
2.0 2.3391961489651902 1.4947027772708341 
2.0262728289914156 31.13380746991927 6.10002664907109 
2.0 10.847864507331625 2.123204656746307 
4.3355392782521935 2.0 0.6889866222933473 
2.335690069429367 2.6311005565794887 1.2013256867773794 
2.0 30.1577662598073 6.389844404817393 
2.044340465687247 75.28567289763336 31.704759122884184 
3.260764477674372 58.753403779460484 34.12052516854242 
2.0 39.70574721241618 4.837558339622766 
4.510387374145763 2.0 0.890966163459439 
3.4066845793976634 2.2513068896965294 0.5479176512050059 
