2.0 23.384935010487784 256.0 
2.0 6.400499989548166 256.0 
2.0 11.445991853890007 224.5564190655206 
2.023573476437599 31.238585051367522 240.77427330140807 
2.0 7.787632139683764 255.9125323163401 
2.0 15.444983445462896 175.3592284676718 
49.405607930541414 2.0 152.01599809653442 
2.0178675682477505 3.201899760401462 131.84672078968418 
2.0 2.020871718045738 3.4474483127242124 
2.0 2.0 4.490145604103077 
2.0 20.94579110833739 150.654603442515 
2.7455751406940827 2.0 0.4346315872495552 
2.163218963824675 17.881545652541384 11.815549486885182 
2.0 2.0 1.4965505733113158 
2.3857477277850565 9.260860989075226 1.4965505733113105 
2.1872562954648265 7.069286497368844 0.9290848853104963 
2.109202411620885 2.973538225974648 6.12036098131296 
2.438631610425885 11.938223535492991 1.1510781695898231 
2.2131373653928255 7.849396011719571 0.7072282961652927 
2.0 9.531053200230847 1.7622236141943808 
3.4253001558838476 2.4143903812651724 1.073255734713122 
2.0 4.657230957636802 0.012486933909806208 
2.0 8.996264909698697 1.637086195945694 
2.336844844946995 7.226923639755823 0.15315991364161885 
2.1550909790445703 12.94550514652487 0.244081080272523 
2.623424459189045 2.4682693725033036 0.5175280461534665 
2.279374410461991 2.04065456773551 1.2599158729726883 
2.630086586608572 2.231533451236475 0.46275719905831153 
2.150358741977565 17.33199858163955 0.35718115788612803 
2.0 2.0 0.46281741157181777 
2.0 7.899634039415478 0.5688129214257593 
2.234672231763086 9.423694292434558 0.6594145723489924 
2.102347264744556 2.1115958234250956 2.8697519713300905 
2.8932030815753427 2.0 0.639591896783064 
2.0 2.0 2.883977916067129 
2.9780295206411913 12.135705724485419 0.2810615178826052 
2.1873155696458997 8.240261958052415 0.9961285781492271 
2.0 2.0 4.015334172142477 
2.3730417097713716 13.346817405098884 1.0960110695828196 
2.0 2.3643659434596094 1.13516966234589 
2.0063669245111058 2.539986286624679 2.7430376963063585 
2.2687833015772356 7.263527138274597 0.7818227045626546 
2.0003052774441867 5.608882106182859 8.804091746182905 
2.451708696120598 15.456844865864259 1.0948398928735792 
2.0 2.0 0.7719778449612982 
2.052983683384327 4.129226084217773 2.669278360844211 
2.0 2.0932804963588767 2.9798568186891297 
2.0664262148126604 2.5037084874055613 5.3056956411132905 
2.0 2.7480124476946473 1.6946867183171903 
2.013460174186849 2.2191141110010304 3.9172840970844334 
2.0 3.100985526358304 2.453477791716852 
2.326191314789942 8.543607266605608 12.341975051831131 
2.0154291545268186 2.153722879861342 1.4625914505597009 
3.5462669930416695 2.0 1.4154184541257102 
2.0 2.0 0.9458702891099937 
2.1173927877052243 2.5414023640450956 1.5772822916944609 
2.015408714308883 2.153519231037902 1.5075487121928883 
2.0 5.622388086672025 0.7984354991610529 
2.0 2.0 4.715662777080635 
2.6900826209864572 2.0 1.3800864066496956 
2.174051752896869 5.049369405985139 1.0771377816283927 
2.3582176488535427 12.744082542888577 12.63427329757986 
2.0 2.0 2.448548900474757 
2.005132917510002 2.057219366053421 1.0288729996783825 
2.040789676946919 4.8117794732471415 1.6543601386850568 
2.0 2.0 3.196451273709603 
2.2336536371013898 6.0977720408312 5.199215721702203 
2.1129949706441065 5.234787687205968 1.9919146058489066 
2.0866551586602697 3.3280359785445146 0.14640716021009698 
2.2411148321841257 6.232401533212677 7.50536119021697 
2.004587817337328 4.25689209573421 2.743739678008762 
2.0 5.264767793173142 0.16258565086036825 
2.7520343178703275 3.676464695808562 0.28401560253089997 
2.0 2.0 5.064640878243639 
2.0 4.19323676870856 7.1995577378066 
2.018902246593133 2.0118418008285306 1.856642819886043 
3.3962381852961236 2.0 0.5047709762448915 
