2.0 9.282447781891117 120.12369666749468 
2.0 16.75898795890476 164.2153483846732 
2.0 2.0 0.801367224779284 
2.0000004002726746 2.0668972026586534 1.9034650661998738 
2.005888321571384 4.461500672038304 2.430666263784035 
2.003564878835573 2.0 1.926864514414628 
2.0096832285850805 2.2325623334708693 1.7191244562634034 
2.0 15.19913503527158 0.26195585769192764 
2.0194840364233526 4.794839522904659 1.99359928687059 
2.0 2.0 0.6065810476722362 
2.0 2.2805000853854054 1.3891576297485002 
2.0 8.849970133763604 3.0004499319494293 
2.013895528338954 2.229495011999698 1.2769933627027232 
5.224884063492997 2.0 2.8604697916142907 
2.017087626079212 8.157214613675182 1.0772788382642706 
2.0026019242788315 2.0 1.2185607185199727 
2.0193574325705215 5.11152700401326 1.142202243498737 
2.0 3.4822109499169684 0.9532167906855713 
2.0003881963611176 2.0 1.2385485206800415 
2.043054408251603 8.952597886423515 2.5624260962222016 
2.000798683689398 2.4558505727611153 0.8316276113263044 
2.0040334583085757 2.566627101036863 0.7175909236617605 
2.0 2.0 1.2924196864908952 
2.0043150951676076 2.0457187257663723 1.9523317494991996 
2.017960728295299 9.579333650105355 0.48689033798785153 
2.039012315684292 6.763145640800214 3.220666434964676 
2.001724683881838 4.613346028071541 1.5204246423098167 
2.0 2.0 1.6590150513148636 
2.001693900491519 2.4094577665278685 0.7464790806405392 
9.005184752512111 2.254165480183873 0.3381496932964393 
2.3157357636904243 2.554009716905134 1.1819896038232678 
2.000436345855892 2.0202554188727473 1.6795780745371263 
2.000270732571935 7.211406498991438 2.2858115613594316 
2.0096892753633293 2.0 0.8965368797742661 
2.001695012263594 8.747238018283756 0.9638662419741915 
2.014503421742505 2.9210624456468395 2.3958430608917176 
2.000917179971479 2.0 0.6930911503127282 
2.0 2.0 1.2624558896324942 
2.0131088530387276 16.944804398521946 5.590270862094992 
2.0023680160121713 4.988618843660957 0.48259512949871897 
2.0570860370281268 6.7832314836661105 3.4447431518585674 
2.0005538717094873 3.630105458424704 1.5597823335448446 
2.0030875791674263 14.03767615393844 0.6360331635316085 
2.0079742960727454 3.504312780639319 1.1648888758648874 
2.0 4.17013732271499 1.6069691138095243 
2.025005213742498 4.507208323218699 2.1361730477289256 
2.0 9.20578601417536 3.612705109601499 
2.3182894069710183 2.712017607585339 1.1043177525659749 
2.006549054670612 2.0 0.5863781449678638 
2.0 5.015956377988744 1.5976545768205508 
2.0000668837152453 3.3561553782382827 0.10663397175126775 
2.199098096272833 4.897627298423027 1.059166561509806 
2.0 10.241684283561174 0.1803403877475358 
2.0 4.98571712339006 1.8682437426437895 
2.476825403157049 2.3981949087303023 1.3545378811923108 
2.0 2.1984036661656257 1.3224658964084648 
2.000548609864868 9.329042013064313 0.907261858294389 
2.0556967588178043 9.081685279055616 4.178737389237088 
2.086297974063609 5.96045668729446 1.8084169093972366 
2.0321323787883214 3.7924231771019676 1.8996495922902947 
2.0 3.6218971379220837 2.8183290885163212 
2.0 2.778181094813353 1.5074623135009655 
2.0 2.0 0.9221665071175132 
2.000894668748703 7.090587773565496 2.696858668040016 
2.001551305071157 5.224281255220008 0.9837598056477809 
2.0 2.364480027059569 1.8094961640995986 
2.000721169770944 2.0 1.8260878759379975 
2.303000592856472 4.8453505412550735 1.5768660429295276 
2.0 9.233242965184662 3.676828084773444 
2.070071904805954 9.07957873343712 4.051349798559281 
2.024422085051383 5.343875430492961 1.1204916663411038 
2.010331563401737 6.040198256948612 1.4759678797733151 
2.0001625810665833 2.4856086931257124 1.693271629710924 
2.022984677795959 3.026409597175496 1.6458840425894232 
2.1101862516854686 5.11389230493463 1.455406660158936 
2.1323747687945516 5.415309413455424 2.228473151457307 
2.0188473694672195 5.773734571167736 0.7573923683784236 
2.0303665847905363 5.4824406725892825 2.0649112784633017 
2.0348915606013205 2.0 1.1987774572722252 
2.0099318089214138 5.057291559042422 0.6665111143305342 
2.0969638575183507 5.193300720641003 2.4604558758041266 
2.0394127640165656 2.1915761335938333 1.1427615574534402 
2.0 2.567137779224277 0.8536884459959306 
2.062120306838231 5.893483273573989 1.4491759090164293 
2.285928687223368 4.418710920523861 2.0817926837592493 
2.0 7.414208738210581 3.3253451840511623 
2.0 4.0626270386111 2.8660741810273445 
2.008920292077158 3.638205406862461 1.8202013368370775 
2.032549198767864 17.583148267716023 0.5208336730219432 
2.0002422159081616 2.0 0.8790102618383646 
2.146321665817174 6.218921212165087 1.5334847960700162 
2.2078826432638445 7.282731408058441 2.4969419755006896 
2.004118658897182 3.6675228908192192 1.0335719046643204 
2.3036864715121013 4.544210026197454 2.1007403963014295 
2.046233620294498 24.358101824902214 0.38656866698321624 
2.0 2.012947631811436 1.003780257463685 
2.0045501081250277 3.756814451194531 1.3299565233692334 
2.2519726888128817 4.211177691485161 1.6537391346352692 
2.020201410451797 5.562734478200667 1.4117031982510109 
2.00090177367458 2.7356899989884975 1.0089718215882644 
