0.012155500000 0.485693000000 0.439513000000 0.436075000000 
0.008337500000 0.536079000000 0.491943000000 0.488946000000 
0.009284020000 0.533534000000 0.487154000000 0.484207000000 
0.014848200000 0.455171000000 0.409663000000 0.406600000000 
0.169828000000 0.169876000000 0.116482000000 0.113110000000 
0.020094400000 0.432386000000 0.381283000000 0.379272000000 
0.018810700000 0.437309000000 0.387285000000 0.385053000000 
0.518642000000 0.003158330000 0.001523310000 0.001489790000 
0.091421600000 0.273511000000 0.204612000000 0.203548000000 
0.028389000000 0.415400000000 0.347079000000 0.346387000000 
0.458650000000 0.017958200000 0.009237900000 0.009079720000 
0.053127800000 0.340018000000 0.271739000000 0.270972000000 
0.261388000000 0.113018000000 0.072891600000 0.070761100000 
0.023811300000 0.420640000000 0.366886000000 0.365291000000 
0.013284700000 0.474244000000 0.431613000000 0.427690000000 
0.502506000000 0.011429100000 0.004629130000 0.005259650000 
0.023306400000 0.424283000000 0.370601000000 0.368997000000 
0.082755100000 0.297067000000 0.230519000000 0.226339000000 
0.013519800000 0.466519000000 0.423350000000 0.419729000000 
0.099239800000 0.264800000000 0.196522000000 0.195480000000 
0.012025800000 0.520731000000 0.477175000000 0.473089000000 
0.107830000000 0.244869000000 0.181191000000 0.177263000000 
0.158974000000 0.180359000000 0.118745000000 0.115985000000 
0.058868400000 0.324095000000 0.255264000000 0.254720000000 
0.341530000000 0.061536300000 0.035980600000 0.034730700000 
0.274068000000 0.109408000000 0.065719100000 0.065681000000 
0.534918000000 0.001402010000 0.000644236000 0.000655857000 
0.321087000000 0.064323000000 0.034316900000 0.033119300000 
0.428795000000 0.022451000000 0.010290400000 0.009980810000 
0.086572600000 0.277440000000 0.209727000000 0.208975000000 
0.179157000000 0.159333000000 0.105673000000 0.102525000000 
0.046556000000 0.346776000000 0.279587000000 0.278908000000 
0.507958000000 0.008096990000 0.003312490000 0.003586900000 
0.252381000000 0.120131000000 0.070587100000 0.069856100000 
0.202818000000 0.142384000000 0.088975700000 0.086459700000 
0.156049000000 0.183449000000 0.121286000000 0.118489000000 
0.314241000000 0.080328900000 0.049198200000 0.047691800000 
0.465465000000 0.012436600000 0.005398810000 0.005280090000 
0.252711000000 0.115667000000 0.074659700000 0.072359000000 
0.184877000000 0.158091000000 0.101072000000 0.098455200000 
0.266083000000 0.106026000000 0.067650100000 0.065535500000 
0.065846000000 0.316711000000 0.246345000000 0.245581000000 
0.139256000000 0.197189000000 0.131937000000 0.130047000000 
0.030767400000 0.402124000000 0.330550000000 0.331970000000 
0.227845000000 0.141364000000 0.095322100000 0.092715000000 
0.281888000000 0.101165000000 0.064220300000 0.062436700000 
0.138890000000 0.198058000000 0.133389000000 0.130554000000 
0.040803000000 0.362015000000 0.296202000000 0.295350000000 
0.070687300000 0.303477000000 0.234881000000 0.233966000000 
0.013125400000 0.479826000000 0.437043000000 0.433223000000 
0.014580200000 0.460015000000 0.413979000000 0.410490000000 
0.042484300000 0.358811000000 0.292285000000 0.291628000000 
0.370370000000 0.063027500000 0.035442800000 0.035038900000 
0.095253500000 0.266451000000 0.200531000000 0.199241000000 
0.146509000000 0.190948000000 0.127446000000 0.124647000000 
0.087441900000 0.277398000000 0.211197000000 0.207294000000 
0.380557000000 0.040121900000 0.019818700000 0.019136900000 
0.084466500000 0.294210000000 0.222019000000 0.220767000000 
0.057492700000 0.328917000000 0.260322000000 0.259726000000 
0.043369300000 0.354482000000 0.288199000000 0.287195000000 
0.105041000000 0.256137000000 0.192477000000 0.188294000000 
0.114575000000 0.227748000000 0.164532000000 0.160521000000 
0.015895400000 0.451033000000 0.403856000000 0.400941000000 
0.419435000000 0.025699000000 0.011918500000 0.011569300000 
0.316624000000 0.071890800000 0.039932800000 0.038623200000 
0.248831000000 0.124149000000 0.073556800000 0.073242300000 
0.024589100000 0.417564000000 0.362328000000 0.360908000000 
0.010863300000 0.526733000000 0.483583000000 0.479959000000 
0.028510600000 0.398778000000 0.339965000000 0.339004000000 
0.376885000000 0.057507200000 0.029477100000 0.029834000000 
0.036268200000 0.376095000000 0.311473000000 0.310741000000 
0.127483000000 0.222879000000 0.154436000000 0.152709000000 
0.030404100000 0.395847000000 0.336899000000 0.335745000000 
0.055072800000 0.335928000000 0.267251000000 0.266764000000 
0.031318700000 0.388845000000 0.327931000000 0.327107000000 
0.028135800000 0.407395000000 0.350459000000 0.349173000000 
0.114035000000 0.244317000000 0.179950000000 0.178612000000 
0.070466500000 0.307746000000 0.237468000000 0.236653000000 
0.035723700000 0.381761000000 0.317736000000 0.317088000000 
0.542611000000 0.000600547000 0.000259171000 0.000352833000 
0.064493700000 0.321212000000 0.249404000000 0.248319000000 
0.378548000000 0.045906900000 0.026119400000 0.025402500000 
0.024875600000 0.412326000000 0.356713000000 0.355407000000 
0.018119300000 0.443675000000 0.392996000000 0.390673000000 
0.407313000000 0.038018200000 0.021025100000 0.020444500000 
0.039239900000 0.368155000000 0.302649000000 0.302179000000 
0.415018000000 0.040495300000 0.018093600000 0.018553500000 
0.021925400000 0.428877000000 0.376618000000 0.374783000000 
0.441304000000 0.020173700000 0.009916650000 0.009614610000 
0.282690000000 0.085274100000 0.048111200000 0.046480800000 
0.031625300000 0.385641000000 0.324685000000 0.323789000000 
0.085350500000 0.286255000000 0.220151000000 0.215848000000 
0.017079800000 0.445695000000 0.397680000000 0.394977000000 
0.051817400000 0.348519000000 0.276700000000 0.275992000000 
0.229862000000 0.129108000000 0.079932600000 0.077551000000 
0.014301300000 0.464516000000 0.420450000000 0.416742000000 
0.333919000000 0.064243500000 0.035913500000 0.034660500000 
0.221714000000 0.142774000000 0.088691700000 0.088257200000 
0.174917000000 0.167323000000 0.108311000000 0.105605000000 
0.469392000000 0.011693200000 0.005072630000 0.004958230000 
