2.0 42.54179283361137 115.66457174926131 
2.5736252481794963 62.9015152498192 128.0 
2.7646324601908683 44.370354261701785 101.6406768046925 
2.409210849102758 59.247134588325046 10.839769580828477 
8.918734585083827 2.0 1.3432199410479484 
2.044157575360896 43.940765423999025 7.1884836244620915 
2.355456376250015 47.141170922141896 7.742785866574028 
8.963823535870954 2.0090985151250074 0.1536396322778523 
2.0 8.136797498857977 2.157998593230868 
14.607491264258321 2.0 4.294725338127433 
24.45954382366621 2.186906611875571 0.35106321825584164 
2.0 10.84483023007833 3.017957884059764 
31.323891718994762 2.3971256393972764 1.0018029288675403 
2.0 37.11992026761198 6.231059911041432 
2.0 57.978386106333886 20.847725616055953 
2.1081180451580117 24.99700928123741 0.226275329058803 
2.0 27.581514484415305 6.6152059171048565 
28.036278750054592 2.202532741983729 2.2260341239175623 
2.097515748804971 73.09368658270243 14.678145126441626 
2.0 8.315561062647767 2.080714708717706 
3.0500491623526873 56.55340028071791 29.141721673515743 
11.232147819057857 2.0 1.8148152722391977 
2.0 2.0 1.4490441716513116 
2.0 10.040846705372646 2.8020777271735753 
15.58160542318151 2.170180593905231 0.6669218742667189 
2.0 9.663628200208358 0.9947927683304594 
7.454527241391956 2.0 0.0967350900516104 
2.0 2.0 0.7612006540265581 
2.0 2.0 0.4535943954274946 
2.0 10.077462525241145 2.2047167030078367 
4.8337163036921 2.0 1.2789390430151604 
2.0580951569546895 14.456261189291821 3.1396052016482194 
11.178890934255353 3.4028932459324257 0.20427448096263104 
2.0 3.7914244876889507 1.0436202095755363 
2.0 2.0 1.21805190994004 
2.0 2.122230338871188 1.4706744928984352 
40.518515595864436 2.0 0.7728034079083264 
2.0 2.043771311841998 0.3459109016069561 
19.129559815545136 2.0 0.9995880190862354 
2.0 2.0 1.3075635573501774 
20.17647792227683 2.0252017337324473 0.9657613976879071 
2.0432183769841514 8.93543244837654 2.6416996198082585 
2.0 2.9322671519177503 1.552706096292227 
4.529228592362731 2.218957671873217 4.635208519756587 
59.16843360204793 2.038505442315756 1.1457465097160682 
81.59125050453392 2.0 0.807548779144717 
2.0 2.0 1.5692008611672716 
2.0 12.500693700294162 3.5842173785926694 
2.0 10.652819436033303 2.4906533382162377 
2.0 60.01005946482977 26.428996878813912 
2.0394543898411515 44.917777137792406 12.901735978422707 
2.0 14.329194158703304 3.4228734625314896 
86.72712104332656 3.438908129798258 0.3390683972480881 
2.0 13.066337460023433 2.1002302302377287 
2.0 2.0 1.523259008448446 
14.704272875896315 2.0 2.0525133085714913 
2.0 2.0 0.5998001470390572 
2.0055686107541923 5.540893542489511 2.367274453673606 
2.0 10.312664214223673 2.8698478850148414 
2.0 12.561243057784433 3.3715014406327164 
20.918788011957226 2.0 1.8643162332025671 
7.942094509373473 2.0 1.7182227163012973 
2.0 44.17608484003383 10.100694784344086 
2.0 2.0 0.4858591740087608 
3.1632619590735436 2.3780844774633394 0.7896428542050655 
2.0018656431135264 5.9174229461328824 1.0558224166831414 
2.0 27.64502144118027 6.024516954329819 
3.4640074655031925 59.621294076690994 38.566203297523806 
2.0 23.045206935860918 4.926478582662924 
2.0195276262431996 10.95090659984524 0.633822711124367 
2.0 13.147452208320981 4.00007356964862 
2.0 3.6835571488958982 1.7208035178940968 
2.0 27.425397740870007 4.719985007844391 
2.0 9.857969998563757 2.9855541751456647 
2.0 17.658809918672883 4.5099559882539975 
2.0 57.91990911020157 5.088125537323318 
2.3537863594473416 13.200941777992362 1.9171259904253724 
2.0343653353305897 8.6378749879119 2.5357267471194835 
2.0 12.999988579608525 4.234363440597895 
2.9189315661995074 2.0 0.004628731500188721 
2.07205576524842 6.604570106078601 2.6920161884760194 
24.248359832775492 2.154064051638757 0.5713501192757311 
2.0 46.59445045277362 5.468320644248276 
2.0 29.36111301685254 9.04959831540647 
34.62130050229213 2.0 0.5219748446993471 
2.0 13.788421897236246 3.7352027320525094 
2.0 5.303925105794308 0.5237773203082896 
2.247833321950284 36.5373994949697 6.943587253868339 
3.9226068814161383 2.0 0.41181845219177493 
2.0 2.0 0.8881154317951809 
2.0 21.886855349336333 4.355995826303014 
21.786285785613252 2.0 2.1436279049818743 
2.2623801850443925 46.21828000615584 9.025734840617906 
3.3093094320997665 6.664255895402228 2.811897709228426 
3.2186941262665743 2.0 1.1250607774927808 
2.0 61.650280223238724 14.108483494816468 
3.7926719943751213 2.1384855897396244 0.7322944177525159 
2.0 6.73040214690313 1.1650659019852736 
2.0 2.0 1.3666979696644825 
2.0 2.0 0.3433344930233205 
