0.410384000000 0.100838000000 0.086632600000 0.104664000000 
0.075097100000 0.631005000000 0.617701000000 0.621022000000 
0.215465000000 0.242626000000 0.221340000000 0.247319000000 
0.313368000000 0.156389000000 0.138366000000 0.160584000000 
0.075391800000 0.629217000000 0.615654000000 0.618955000000 
0.081511500000 0.600968000000 0.587441000000 0.592311000000 
0.304270000000 0.162679000000 0.144242000000 0.166822000000 
0.092195500000 0.449460000000 0.428835000000 0.447494000000 
0.515440000000 0.055389900000 0.045517700000 0.057497700000 
0.180486000000 0.271151000000 0.248752000000 0.274988000000 
0.292260000000 0.170002000000 0.151101000000 0.174101000000 
0.657227000000 0.017803700000 0.014282600000 0.019914400000 
0.272708000000 0.185584000000 0.165949000000 0.189704000000 
0.086490200000 0.582269000000 0.567079000000 0.571790000000 
0.563454000000 0.038990000000 0.031026900000 0.040249400000 
0.141500000000 0.318669000000 0.295886000000 0.321051000000 
0.084910400000 0.587147000000 0.572384000000 0.576996000000 
0.288694000000 0.176306000000 0.157314000000 0.180826000000 
0.707937000000 0.007402730000 0.006186710000 0.009053870000 
0.636130000000 0.021378700000 0.016712400000 0.022585100000 
0.233371000000 0.220829000000 0.199988000000 0.225203000000 
0.604878000000 0.029375800000 0.023276900000 0.030994600000 
0.764867000000 0.000768443000 0.000780200000 0.001255690000 
0.072432500000 0.639086000000 0.626377000000 0.632028000000 
0.390757000000 0.110477000000 0.095389600000 0.114049000000 
0.236845000000 0.213246000000 0.192486000000 0.217452000000 
0.254019000000 0.204535000000 0.184288000000 0.209025000000 
0.335973000000 0.143375000000 0.126035000000 0.147371000000 
0.327960000000 0.148488000000 0.130884000000 0.152602000000 
0.351649000000 0.133838000000 0.117282000000 0.138194000000 
0.224929000000 0.226559000000 0.205482000000 0.230844000000 
0.109329000000 0.367596000000 0.345061000000 0.368975000000 
0.492239000000 0.063552400000 0.052671000000 0.065715800000 
0.218479000000 0.236546000000 0.215101000000 0.240649000000 
0.429894000000 0.086728900000 0.073273600000 0.089400100000 
0.364744000000 0.125249000000 0.109171000000 0.129263000000 
0.096757400000 0.400487000000 0.378922000000 0.401067000000 
0.358114000000 0.128941000000 0.112700000000 0.133137000000 
0.122394000000 0.348384000000 0.325838000000 0.350290000000 
0.222688000000 0.231343000000 0.210184000000 0.235691000000 
0.297131000000 0.167765000000 0.148945000000 0.171739000000 
0.102649000000 0.370072000000 0.347337000000 0.371225000000 
0.169938000000 0.285029000000 0.262380000000 0.288550000000 
0.166009000000 0.289470000000 0.266895000000 0.292827000000 
0.158529000000 0.295147000000 0.272438000000 0.298477000000 
0.256913000000 0.195710000000 0.175517000000 0.199581000000 
0.197227000000 0.255331000000 0.233382000000 0.259346000000 
0.503087000000 0.059662500000 0.049349700000 0.062097400000 
0.076681100000 0.612709000000 0.599793000000 0.606292000000 
0.321948000000 0.152030000000 0.134245000000 0.156223000000 
0.418017000000 0.095477600000 0.081476700000 0.098321600000 
0.112365000000 0.358020000000 0.335310000000 0.359498000000 
0.344931000000 0.137420000000 0.120495000000 0.141391000000 
0.239588000000 0.210271000000 0.189490000000 0.214221000000 
0.727198000000 0.004990200000 0.003834880000 0.005679960000 
0.576392000000 0.035575300000 0.028312500000 0.037207900000 
0.447830000000 0.079980700000 0.067384300000 0.082702800000 
0.115872000000 0.353058000000 0.330304000000 0.354719000000 
0.187961000000 0.260957000000 0.238804000000 0.264796000000 
0.394159000000 0.106991000000 0.091919600000 0.110116000000 
0.371317000000 0.121928000000 0.105844000000 0.125347000000 
0.590744000000 0.032602600000 0.025822800000 0.034039000000 
0.536476000000 0.045537100000 0.036610500000 0.046997400000 
0.152678000000 0.300433000000 0.277771000000 0.303700000000 
0.205551000000 0.245658000000 0.223937000000 0.249536000000 
0.476311000000 0.069476200000 0.057709400000 0.071824000000 
0.484194000000 0.066277200000 0.055305100000 0.068827000000 
0.081868600000 0.593667000000 0.579498000000 0.584048000000 
0.185719000000 0.269326000000 0.247238000000 0.273204000000 
0.176690000000 0.279007000000 0.256687000000 0.282670000000 
0.201377000000 0.250233000000 0.228192000000 0.254287000000 
0.442046000000 0.083219000000 0.070076900000 0.085988800000 
0.128808000000 0.336201000000 0.313355000000 0.338066000000 
0.548859000000 0.041617100000 0.033130200000 0.042996800000 
0.287306000000 0.181847000000 0.162095000000 0.186276000000 
0.092490200000 0.432266000000 0.411563000000 0.431342000000 
0.149702000000 0.306177000000 0.283615000000 0.309124000000 
0.069674000000 0.645744000000 0.634197000000 0.639198000000 
0.099483500000 0.389082000000 0.367097000000 0.389981000000 
0.650311000000 0.017976800000 0.013731400000 0.018788500000 
0.405378000000 0.102449000000 0.087804100000 0.105749000000 
0.088592100000 0.452465000000 0.431851000000 0.450263000000 
0.746129000000 0.002315390000 0.001934780000 0.002986270000 
0.148242000000 0.309472000000 0.286690000000 0.312391000000 
0.093495400000 0.414307000000 0.393377000000 0.414439000000 
0.075690300000 0.617161000000 0.604944000000 0.611071000000 
0.462090000000 0.076663500000 0.064662600000 0.079891600000 
0.096942400000 0.396917000000 0.375170000000 0.397567000000 
0.101139000000 0.376918000000 0.354293000000 0.377898000000 
0.140156000000 0.330208000000 0.307305000000 0.332374000000 
0.380885000000 0.116028000000 0.100209000000 0.119541000000 
0.146509000000 0.315609000000 0.293037000000 0.318502000000 
0.614820000000 0.025264600000 0.019314900000 0.025867500000 
0.693429000000 0.010223400000 0.008393590000 0.012385000000 
0.263782000000 0.191101000000 0.171121000000 0.195031000000 
0.127562000000 0.343956000000 0.321375000000 0.346058000000 
0.523378000000 0.051107300000 0.041532900000 0.052930700000 
0.466477000000 0.074031500000 0.062148400000 0.076820400000 
0.678620000000 0.012484800000 0.009356390000 0.013083300000 
0.081260700000 0.606329000000 0.592494000000 0.599531000000 
