43.68311791572235 2.019248236494109 1.2886027107508677 
2.8532941569457715 86.00689597069427 46.10537303579344 
57.44671789419535 2.0 2.601441259279685 
38.05144034163794 2.0 1.79979573369053 
3.305197542527525 71.59672302328144 42.196261204539816 
2.0 87.61297628855931 35.64904147377573 
36.481030661464665 2.0 1.851218301474277 
14.47911652368941 2.0 9.815145005210326 
31.43759937634264 2.0435681088359923 0.8995959936723676 
12.126159107118085 2.0 3.032640628128116 
28.87236920158749 2.0 1.8614328633650483 
50.789712642264604 2.0 0.4700220214143984 
26.244125453972742 2.0 2.019993725736001 
2.0 59.46763971044118 17.48166550048926 
10.829344222440156 2.3100731503500738 0.7424362819990921 
19.706246003653888 2.000598107199508 3.764008774232388 
2.0 56.40149666602336 20.19104150316804 
52.405819651259634 2.1190717553922718 1.9694322210924184 
24.309227923723775 2.602846285236292 0.20845153542972739 
38.11036425517393 2.3387138849302183 0.5510542507183387 
44.19904502646144 2.046341764621801 2.3613146384448043 
38.450905172865916 2.0 0.6538916602368527 
2.0 2.0 0.03471554253060827 
2.6398998400843467 34.662770986473305 128.0 
28.748928937180704 2.0323352770976184 1.3307814446719366 
21.403576381403486 2.292100711582134 2.287271890573679 
39.78462246505668 2.034812914662733 2.2296383760148824 
35.59025157027521 2.0 1.668300464688594 
42.17693962116875 2.0001980722852695 1.6604493581579183 
56.62093207397453 2.1395971587561133 1.493148685477756 
36.3962657327306 2.4530498720705434 2.45387229930724 
9.894924840719632 2.0384754602776467 4.861644948658931 
24.517780349427646 2.0 0.9542784414607635 
27.274497042506376 2.037762983161907 2.5816451576059674 
13.015942465698524 2.061250183971079 1.1882653990943708 
44.535966755777295 2.0830586722646354 1.443514427238754 
12.26455173562573 2.288179012433271 6.009014929412912 
46.79354871012603 2.476410313901317 1.4820786231358487 
23.53525739292897 2.034101370934509 4.3404110189692515 
45.18409944437447 2.0933205967655577 2.4658855089135985 
24.76166808895946 2.0739394777118614 1.8642385418784375 
8.618758787648964 2.0 4.919392737723493 
9.848231044764523 2.0385627966121 3.2642428423679744 
16.903641249657518 2.0757344433338365 3.2615324736479048 
9.531899181993525 2.0335316340047784 3.401627698689487 
18.379372930929577 2.1135910405070706 2.135779915835891 
21.30596655597817 2.14465490187959 2.8096548202455205 
34.89443011150013 2.0255399374895586 0.9038125813851732 
2.0 44.6265831917032 102.65466957256962 
43.448653476835915 2.0 1.7035497449739427 
22.858492926230994 2.158499353243899 1.253099591799008 
9.535629853241325 2.2654215861140945 4.595880426271499 
45.121474982645765 2.0 1.6503194256126146 
18.315319013769304 2.101730713474364 2.2747099664625923 
9.005627538927376 2.061547715621229 0.22296274557536755 
16.452130057462064 2.0 0.6962598592087944 
24.4693362364999 2.017340318961744 1.1425041901757702 
10.464506019491985 2.0 4.4968871428720645 
17.62541309801746 2.006070999621749 2.867566422646796 
14.579871979573708 2.0 1.3469345951113052 
22.765649636104012 2.2263266001468125 1.4890744618009393 
20.8711012577451 2.0098066500450376 0.6642044802878151 
7.156997484221989 2.0 0.8238539333713741 
11.651481473183422 2.125295510624606 3.479864537668571 
24.16648979278421 2.206178776631593 2.6671710946250955 
11.019340444601383 2.0 1.0420761672392573 
37.20090796430967 2.0 1.0182611987136898 
2.0 68.89475091605483 25.37963190394198 
34.8422593715606 2.182472179673342 2.9892162839868917 
21.488070779796573 2.0 3.127555304342015 
12.812537197565373 2.0 2.719716005430041 
6.81767331903562 2.0 1.153329439798405 
20.079614704753816 2.129071183153439 4.032595817834535 
7.054462392433516 2.0 0.787877296484121 
9.363538581169271 2.048069108052917 1.9882264588649459 
16.42512485696801 2.3830159974874845 7.493743395998577 
23.50680146631688 2.0 3.5293743641063204 
3.197220746935681 89.75809257906323 129.32718540631302 
9.875245849037016 2.1027127844839715 5.524332293237931 
14.512120225322075 2.326836500172989 0.47864954546502336 
20.725153942792634 2.0349472884313395 1.2799973205456445 
14.912537749253978 2.0 10.30926055407462 
8.040694464245048 2.0342584802557866 0.11713495544191233 
10.219369419616653 2.302445337690576 3.6229346340782516 
9.808651584696273 2.366875399361423 6.675749336488512 
2.0 76.62068418991355 158.4692389007597 
41.27932470480998 2.1496200725010244 1.082650984292415 
12.027320269014925 2.089834924452692 5.8486504169306945 
9.087562716363252 2.0168390790324975 5.115652122997933 
13.878557056705983 2.0 3.9669206915050665 
13.052358204602719 2.0599128363965944 1.4147878239574638 
20.769147018453737 2.0010494176276565 3.7011500263901906 
6.270845576414743 2.023152268989431 0.6013242186284297 
46.10103388984561 2.0 0.2772962208858374 
17.670750171852866 2.0 2.0609871476347106 
20.960684291778207 2.0 4.214279946290686 
11.08644408571768 2.070685351214739 0.8743517179187685 
30.36338676284711 2.200986132365781 1.0877125927383837 
9.628086572090885 2.0 0.4030484596873633 
2.0 27.00083293353554 128.0 
