0.009284020000 0.533534000000 0.487154000000 0.484207000000 
0.012155500000 0.485693000000 0.439513000000 0.436075000000 
0.008337500000 0.536079000000 0.491943000000 0.488946000000 
0.027099100000 0.402215000000 0.344326000000 0.343111000000 
0.013815900000 0.468323000000 0.422396000000 0.418648000000 
0.463570000000 0.015261700000 0.007919140000 0.007747610000 
0.049496700000 0.343562000000 0.278016000000 0.276646000000 
0.075454700000 0.301809000000 0.234663000000 0.233700000000 
0.055417500000 0.335626000000 0.270206000000 0.269077000000 
0.068372700000 0.313457000000 0.243101000000 0.242359000000 
0.013613200000 0.471927000000 0.429208000000 0.425257000000 
0.412847000000 0.033744700000 0.018393200000 0.017870600000 
0.080242200000 0.295177000000 0.229272000000 0.227756000000 
0.029097600000 0.398398000000 0.339992000000 0.338744000000 
0.101272000000 0.261954000000 0.193806000000 0.192718000000 
0.025948000000 0.409354000000 0.352645000000 0.351436000000 
0.014992200000 0.456100000000 0.409390000000 0.406140000000 
0.089329200000 0.277141000000 0.208074000000 0.207104000000 
0.212831000000 0.136928000000 0.084878200000 0.082443400000 
0.012006800000 0.521870000000 0.478429000000 0.474402000000 
0.450964000000 0.017495000000 0.009292490000 0.009173970000 
0.023392200000 0.419817000000 0.365701000000 0.364075000000 
0.033453500000 0.380573000000 0.318381000000 0.317316000000 
0.024708700000 0.414058000000 0.358773000000 0.357405000000 
0.380714000000 0.038868500000 0.019112600000 0.018465600000 
0.122241000000 0.218136000000 0.157854000000 0.154045000000 
0.064114100000 0.317320000000 0.251156000000 0.250091000000 
0.317114000000 0.066470500000 0.035625100000 0.034390500000 
0.257163000000 0.102268000000 0.059584200000 0.057624100000 
0.484236000000 0.008458590000 0.004315220000 0.004340820000 
0.083752600000 0.296372000000 0.229729000000 0.225428000000 
0.029350800000 0.394431000000 0.335391000000 0.334267000000 
0.096384000000 0.267778000000 0.201379000000 0.200411000000 
0.013222200000 0.477219000000 0.435615000000 0.431681000000 
0.035491000000 0.377231000000 0.314538000000 0.313357000000 
0.014514000000 0.460581000000 0.414670000000 0.411150000000 
0.031226200000 0.390515000000 0.330368000000 0.329450000000 
0.396700000000 0.033957100000 0.017539900000 0.017036400000 
0.097666300000 0.263019000000 0.197217000000 0.195908000000 
0.179592000000 0.160708000000 0.108953000000 0.105818000000 
0.146235000000 0.191681000000 0.131912000000 0.128375000000 
0.018973800000 0.440677000000 0.391608000000 0.389285000000 
0.358857000000 0.049707000000 0.027099900000 0.026263300000 
0.085698100000 0.281149000000 0.211748000000 0.210820000000 
0.292802000000 0.088398000000 0.054447700000 0.052708200000 
0.436569000000 0.020096300000 0.009121480000 0.008858220000 
0.044804600000 0.355133000000 0.290253000000 0.289067000000 
0.070451700000 0.303401000000 0.236048000000 0.234769000000 
0.020446300000 0.431973000000 0.380458000000 0.378492000000 
0.052152600000 0.338743000000 0.272899000000 0.271612000000 
0.060805800000 0.321069000000 0.254846000000 0.253744000000 
0.035635900000 0.373257000000 0.310162000000 0.309118000000 
0.021969300000 0.423852000000 0.370460000000 0.368729000000 
0.527231000000 0.001741820000 0.000808766000 0.000850372000 
0.157146000000 0.176656000000 0.120141000000 0.116981000000 
0.067161100000 0.311269000000 0.243395000000 0.242600000000 
0.016397500000 0.449724000000 0.401718000000 0.398897000000 
0.100750000000 0.262574000000 0.190130000000 0.188238000000 
0.045613800000 0.351448000000 0.285165000000 0.284451000000 
0.164593000000 0.177048000000 0.116055000000 0.113277000000 
0.026587000000 0.406256000000 0.349028000000 0.347855000000 
0.109533000000 0.236661000000 0.173956000000 0.169920000000 
0.428795000000 0.022451000000 0.010290400000 0.009980810000 
0.093574000000 0.275551000000 0.207001000000 0.204059000000 
0.021242600000 0.427229000000 0.374497000000 0.372593000000 
0.236061000000 0.117431000000 0.070477600000 0.068315200000 
0.543034000000 0.000600933000 0.000259613000 0.000352866000 
0.047984100000 0.346548000000 0.280112000000 0.279354000000 
0.414116000000 0.026432000000 0.012451200000 0.012048200000 
0.304688000000 0.087213900000 0.047712500000 0.047128800000 
0.019432100000 0.434705000000 0.383837000000 0.381681000000 
0.229805000000 0.134809000000 0.089964600000 0.087276000000 
0.085526000000 0.287465000000 0.217920000000 0.215137000000 
0.516534000000 0.003067640000 0.001364710000 0.001386670000 
0.137985000000 0.205846000000 0.139966000000 0.137154000000 
0.125525000000 0.209489000000 0.148865000000 0.144994000000 
0.032098300000 0.385975000000 0.324516000000 0.323448000000 
0.502021000000 0.004972260000 0.002083770000 0.002078930000 
0.242085000000 0.114876000000 0.068634500000 0.066531900000 
0.142564000000 0.198989000000 0.133326000000 0.131470000000 
0.085326700000 0.283452000000 0.216280000000 0.215299000000 
0.040104900000 0.362760000000 0.298453000000 0.297651000000 
0.016886200000 0.445157000000 0.396973000000 0.394309000000 
0.477346000000 0.012378800000 0.006198040000 0.006194980000 
0.323703000000 0.062620900000 0.033298000000 0.032121500000 
0.012025400000 0.523084000000 0.476998000000 0.473420000000 
0.038085900000 0.368927000000 0.305906000000 0.304873000000 
0.199711000000 0.145000000000 0.090958600000 0.088407800000 
0.268568000000 0.095359500000 0.057604200000 0.055695200000 
0.247774000000 0.108312000000 0.064085600000 0.062073800000 
0.378548000000 0.045906900000 0.026119400000 0.025402500000 
0.305207000000 0.073785800000 0.040345500000 0.038945300000 
0.058615700000 0.329339000000 0.263460000000 0.262079000000 
0.216090000000 0.135621000000 0.083948900000 0.081534100000 
0.120504000000 0.229850000000 0.168620000000 0.164616000000 
0.113800000000 0.240225000000 0.170047000000 0.168268000000 
0.497233000000 0.011093300000 0.004021310000 0.004277540000 
0.011002100000 0.529113000000 0.483095000000 0.479965000000 
0.355784000000 0.053289200000 0.030077000000 0.029159900000 
0.130900000000 0.211587000000 0.144805000000 0.141956000000 
