3.168819036882184 44.73384295733001 200.0322422298744 
2.0 42.59850806502892 198.81424215916462 
2.906786686314266 63.1633429365568 184.46336647409106 
2.103876235399092 30.000911423936117 5.0055892954347065 
2.0 39.83302920230982 17.077775972286652 
33.96436077957575 2.0 0.26770962883609367 
2.0 18.98250393131513 3.1052095713120957 
2.0 14.724702026807355 2.4687017528939803 
2.136703888404187 22.354899521919187 2.9753982747534415 
2.2226993202572567 9.291088022162064 2.599769498659008 
2.0 61.69249910961447 18.959406916345216 
25.093117909511577 2.0 0.44522928863332245 
2.0 18.73478138628932 2.3973860284121096 
2.361108467525878 38.738192533542616 4.727876490200441 
2.064275423360201 8.271907088601793 2.051848528315336 
2.0 27.827777433611807 5.467973232357628 
2.0 46.4598444930027 11.476072735008742 
2.296027120776282 8.202905458951852 2.192146366223005 
2.0 2.0 1.1863958111689064 
2.882501074712674 60.54253156805217 30.752788106415167 
82.14380498384116 2.0 0.360363234802763 
2.0 40.97536727383711 5.9853556886233665 
2.002144474455324 21.110336261326154 4.126298949040029 
2.3458514812550577 44.792470451256435 5.5518335103409076 
2.0 2.0 0.5917845457709494 
10.675004646914733 2.0 1.6600717868624821 
2.0 19.922444646836063 2.660887843312565 
2.0 2.0 0.7741031500495055 
2.0 2.0 0.9858767163968878 
51.09091789763644 2.0 0.024508455990085665 
22.548170501381858 2.0 2.2173496104202033 
2.0 30.683361534434777 4.644300220788181 
2.0054606859317206 11.637946159568253 2.124755163328248 
2.0 74.64538269294233 21.81250395581393 
2.0 18.532343851539792 4.006669240801628 
2.0 45.35994053528515 13.097208856501146 
2.0 22.145153042540745 4.567912172683137 
6.26544010814446 2.0 0.513146081794649 
2.0 12.550990356891157 2.0808958044341317 
9.044789281983713 2.0 1.2912934603496067 
4.685769193280379 2.0 1.4763601334296723 
2.0 56.82173512220732 7.835740303760781 
6.382008836861917 2.0 0.6178623505445119 
2.0 8.905366885149732 2.229091516728937 
19.75271373499819 2.0 0.8205389076623099 
2.0 2.0 0.43461421218628976 
2.0 21.302512616514406 3.346132629470397 
2.0 13.256771496570467 2.490578552193996 
2.090385594341093 36.70427450543018 7.2592230044792085 
2.0010144648108197 18.826685265155408 3.0135294624427313 
2.0 17.563379489179585 2.7190397191707154 
2.0 21.101433988254595 3.8355371496994204 
2.0 42.449186813387435 6.328219158167196 
2.7637781159112684 2.0 0.14078794948568235 
6.289485369197033 2.0 1.3970341789188603 
2.0 13.81829087456823 2.567753141290316 
2.0 41.48416057065055 9.84361289649449 
2.0 3.25529162000865 2.076308302978747 
2.0 14.505292187940075 3.2932436390239883 
2.0 2.0 1.4321831553804452 
2.0 27.89878367155334 5.198751382344897 
10.442201415742623 2.407776251026217 1.7792662497818785 
2.0 2.0 0.4582530419559912 
7.711135290517613 3.2551481265636832 2.065930755046797 
2.0 41.89497415839898 6.586917293791267 
2.0 2.0 1.0766548346601517 
2.7171386109477647 2.0 0.02257739081605159 
2.0 17.443484062272812 3.1490919316891266 
2.0 2.0 0.49164041537873315 
2.0177092332405215 2.681313392182312 0.8719479498718352 
2.3000212649253893 39.8239548483713 7.440448116976993 
24.630082831374185 2.0 1.0788759797309202 
7.854672025026809 3.3886283540520776 2.1603004842337543 
2.8318271116544156 2.1044729777682885 0.18551895670511398 
2.0 2.0 1.6263253207027615 
7.572958397757249 2.0 1.6029907697516315 
2.0 20.72973490215633 4.307691178665799 
2.0257425378017366 2.0 0.23688874140382254 
2.0 2.381146862562476 1.0591641065613122 
2.0 2.641403558354213 1.5684559248961711 
2.0 12.050761350248086 2.269812819004544 
2.0 17.62405798217197 3.5331588734063626 
2.0 45.794804118415655 8.869790168246695 
42.15226351629355 2.2557336583391683 0.23849188241622749 
2.2276745973711622 2.0 0.7516820011645863 
3.1973179552312656 47.89946899822862 30.93379737418095 
2.268099162748781 22.003083879625592 3.7330476664960552 
2.3873388930662074 2.0830316816335683 1.2303851426514933 
5.172458316008119 2.0 0.9081510265561334 
2.139223594939029 2.237190961403934 1.02286528231677 
23.777277709588507 2.0 0.5860234034546259 
2.0 2.0 0.8210349039105742 
2.1799027375247326 21.0865564763807 2.8685856445018585 
2.0 2.0 1.1783156677913924 
18.991155254472602 2.3110038474779437 1.6951912616948834 
2.0892664137784545 4.259627512064924 1.855574217757404 
2.0 2.769504876080939 0.2666191454285086 
3.4957818676051087 46.51469337395608 40.201488674524754 
10.562351755463444 2.0 0.6442518440469449 
2.2122632084048197 2.0007821988254997 1.6681356868234158 
