20.393242891072887 2.0 49.37036814078065 
2.0 41.96166505199449 256.0 
2.0 36.422041647921375 168.46774444431514 
20.25990674973722 2.6196752433882757 58.85083967508629 
35.87890723775046 2.9119896236544673 14.502270022532432 
12.013126243761413 3.0183216694519133 165.28913432526394 
59.08272520633486 2.596630777702517 18.170167623808094 
21.933025221667698 2.0 0.46118022927096547 
75.4484322397926 2.8664685931613985 112.28879260154118 
12.044617026969622 2.0 0.32331790708282 
29.751110325747025 2.0 6.360544299482086 
15.907232717843296 2.0 0.7296239133502729 
14.79230863903544 2.0 0.46118022927095126 
3.0899175660831055 36.90176642612318 256.0 
27.84439245385714 2.0 5.972429999684101 
40.71173889359337 2.788435071300005 22.53485789171833 
38.90866472566461 3.25409925699834 17.156494250497683 
14.812382039959003 2.870160239118977 14.74057352625276 
2.0 2.0 0.5241970381443632 
3.293819486696116 35.52427873884183 235.9444400174248 
8.172943189575516 2.1090187523709236 0.5233160713927307 
41.69054434709555 2.9638938472531082 17.734688575948674 
94.40035821299307 2.5254658992011927 22.30082741477726 
10.655288779383335 2.2062245201872632 3.824973091337078 
37.13052709438158 2.811453978500825 19.02381314431907 
18.02335891995483 2.420273282856012 1.6122617102252499 
2.351879519246591 2.1127042966864202 1.3338433399423983 
28.94964283089645 2.0066852893344302 5.758852030066959 
2.3372588318381173 2.1080214032489955 1.2781634692419428 
2.0 2.443570771529919 0.8849831669720467 
2.0 2.077258150953967 0.9735585484770589 
7.429047171596427 2.2165507001426077 0.06882335496628045 
16.37270755728619 2.131018142364403 2.08139277987098 
9.86206252755349 2.45979459877274 16.68445612161821 
2.0 2.0 0.02670930582127327 
2.0 2.0 1.0917136746880942 
28.662318976240265 2.0671269602821085 3.472636025567172 
17.12866653733085 2.3414234311700577 1.4750942380673409 
21.375779548003493 2.099170914475393 1.0592222580865687 
21.017770959679186 2.0553091886691113 1.8987626120686176 
54.90110400349674 2.8881532719209257 0.0 
14.402139182868549 2.308669967047448 1.5661609528357947 
14.644438513804953 2.1742411282042466 2.096481494575423 
2.0 2.061075767312749 0.9392903557621319 
11.150430490247436 2.0 3.6963199882447935 
2.0 2.0 0.7332874588912222 
14.29551055371015 2.1328431693408696 3.4458546681607913 
10.929870038802633 2.0 3.808999769419821 
12.45891866044327 2.146787957249356 1.9524848719611807 
2.0 2.0 0.34016798890596034 
11.956814422430448 2.130394366715007 1.6315051519732988 
6.69530056000121 2.5567960808510724 17.293179310585963 
10.641376583250832 2.632884172707455 1.3182667128184318 
2.0 2.44194901594021 1.3560307910383287 
9.593682083440058 2.4935983247926092 4.299518450910621 
2.0 2.0 0.3502074611809983 
12.016041325392496 2.138333263982861 1.85544770399872 
8.190536183979718 2.012044700239002 2.343130368415781 
9.71565501352178 2.1626008006776276 1.4048611186641062 
16.380567536119624 2.3925511687948235 1.516368158356432 
31.999407544082956 2.42543702943358 1.2660230542062934 
7.893028358692613 2.000691956998542 3.0698407782655606 
2.886477463166178 2.068932111626869 0.6782508265135774 
2.0 2.2492174809840373 1.1781512383258277 
9.851602060948196 2.7053707515113903 12.84691889753351 
2.0 2.2297843198869303 0.7117848052344145 
9.71568333782264 2.0297932665106955 2.803618248291481 
7.565182775867479 2.0 2.887231892075244 
2.623891398063123 2.0485135305535325 0.6161008942275289 
9.620896302429237 2.1861929081902742 1.9774325136450601 
27.997613858532212 2.1903892445415165 1.3474999453922694 
2.3176356627844106 2.333747730708353 1.0241022546783412 
5.679836495127998 2.4581186688836394 2.753976660590065 
17.8580092663627 2.0 0.7643072960203829 
17.755461648425065 2.069423112399777 1.3682465813624618 
8.957356041150897 2.308274961235444 0.7992824208606437 
5.868759512809131 2.0 2.3187032868467146 
7.841186463535159 2.0 2.547100342246423 
20.75988319976198 2.067177795741722 1.7672020893082736 
8.39952257931317 2.0 5.717402427570008 
14.944150252280778 2.043361599296263 1.6359382672932927 
30.958273349617514 3.434957906027243 15.469461838996065 
6.672746066079885 2.0 0.8559707471995559 
2.0 36.49417953701022 128.0 
7.8066246159452515 2.0 2.4900948280905624 
21.06418372051962 2.066353113648654 0.7287479500453586 
23.27131853561158 2.0812060191187003 1.7977275572524183 
7.140747937114301 2.6473427281091677 0.7488638819345983 
8.36093597446472 2.0156818710942908 2.3879087630043436 
2.792047287884075 2.178556291916756 0.21915541513619985 
20.638494923475434 2.0 1.818608211535323 
10.32821772540866 2.49097983575287 18.37133443741249 
10.017637349652993 2.0 4.618417503903264 
2.397020450190055 2.016974905727824 1.1123181754495957 
2.0 2.080355519015906 1.6166115816628677 
11.458599794035528 2.0417254057199763 1.730961841298393 
2.135266389767014 2.2726759482125485 1.4270392380710613 
12.579315883532125 2.0 5.6843309436439675 
