2.0 7.752192240844559 19.110755844564096 
2.081714728987075 22.515164507083533 0.0 
2.3840256159382824 3.0975453687340626 0.0 
2.0 5.958883459237763 0.0 
2.0 4.431450150097898 0.9325424527843925 
2.0 14.771502192657831 16.684504605032597 
2.481553772957806 15.000208515419569 9.556716181572941 
2.019404051297421 2.0 1.2096358128080507 
2.014096225749364 3.575474896450863 1.1306156663479219 
2.9528262588195267 2.0 0.4650627123205828 
2.037652121765349 3.203456958473203 4.5001777849445865 
2.0 2.0 0.12462911931250953 
2.7902203636877876 2.272736367182081 0.04258825890299978 
3.0803553112848974 2.0 1.0584818569646857 
2.1476276577364013 4.24175860074628 1.1499803819084318 
2.3654973980634324 4.252438574817573 2.1060569782978957 
2.0 6.481750900845759 1.34675198146022 
2.0815730817742817 4.227090525137891 4.090980813020362 
2.141740105298096 5.58780453633204 4.631327931379051 
2.0 2.0 0.41752605766316897 
2.164572253707527 4.003576354738732 0.49128000215768497 
2.0 4.2387983368141775 2.014296941441257 
2.137727736898169 8.502364020038982 9.43382136892448 
2.0104333466471664 3.5999794449504297 1.1101574161336893 
2.5657810235775265 2.247369431875325 1.0916440891946837 
2.015596925601752 3.730768322894554 1.7788857942922756 
2.441734320727652 3.8178638541694045 0.6672287605197945 
2.003758831228268 3.8191125061033224 0.914737968202692 
2.0 4.378813864133021 0.5251478948130128 
2.1547817722476705 4.129276397288541 1.6019297569333761 
2.0332427686169923 3.6556453797604567 1.5346033292221006 
2.2374802247272627 3.0173342924282167 4.884951906075034 
2.1665673981927234 3.7973260051225415 1.8862122364460756 
2.094457469477933 4.035872113062499 2.0537802536384944 
2.3998771921962216 4.126502777496564 1.832092354545376 
2.1337806791357106 4.118311289386986 1.6941643234147958 
2.771417862421833 2.4362653548735054 0.7964729340690702 
2.0013869084148546 3.592136071543719 1.4499211958395202 
2.2172294430453747 6.206163979149131 1.2083882232426617 
2.0 5.999295780208113 1.3068779959592622 
2.0106302866957173 3.6660208653790503 1.421295363513514 
2.0 3.5133529791220557 1.3717179622111877 
49.75393522278493 2.0 0.0 
2.0 8.524109309128665 0.6104145468058115 
2.372235888349904 3.6429664760782963 4.696207545583025 
2.0 2.0 0.09079009792901152 
2.769637392688577 2.0186054874034567 0.7606865881297146 
2.3440769725910178 4.323368906768547 2.163985644698241 
2.495240981680115 3.6394219375624446 0.8187381202145667 
2.153816824960129 29.73646613089089 13.229749772014948 
2.3439307788232875 9.741637607064355 0.43521262269230776 
2.4035996854384205 4.265031999191468 0.7953095626096709 
2.26345641423817 3.105000648875604 2.9361595939346983 
2.0406924224755025 3.829668221984465 1.8061159025711975 
2.29672989891611 2.0154135320410393 1.535149414118397 
2.2300874732752205 3.5153836871252526 3.4651170933001767 
2.13073957348074 5.812146972765223 1.4471197009568493 
3.0126153912304217 2.3209558624208366 0.907064065163592 
2.79457041928608 2.0 0.7337057118823896 
2.2070682783658446 6.132741475041891 6.970966127231409 
2.0 34.81399517454437 19.898018632318717 
2.0 3.052370636191852 3.2197607047488384 
2.0562219575524607 3.820263376398592 1.9212625486616095 
2.107235321384773 20.731490644757542 17.25826904443331 
2.4832820290044815 2.569224344293392 4.020396871585122 
2.081261103538895 3.795508176723725 1.3138096877837937 
2.0 3.0008000546340403 3.7692117646363754 
2.1019263105261157 11.426101298808048 10.991727187534206 
2.045563128185984 5.918761474153376 8.353759745997753 
2.0 3.9120859823569485 1.0050964640215017 
2.225634792264963 2.781317740595901 3.4491590163833115 
2.490341053157855 27.544639820209863 14.859729808607334 
2.185715480046329 3.681602984436017 1.5775586954113794 
2.093868756665895 3.5408786412113926 0.3252297894764027 
2.1828784707170614 3.9251135620220765 1.7352850813721128 
2.125513433398908 3.9544440692530403 6.879760758924208 
2.342778462043653 3.8981772075646806 0.6032738824485507 
2.239562639682259 5.817732714713593 5.548640866589409 
2.0 4.449791169130512 0.6464525796902753 
2.0 3.7506273463006674 5.265810908307458 
2.264689555965277 6.125796067801556 6.08507057154419 
2.2362315295946993 4.170257146676656 1.0871209774993131 
2.0692337598702717 4.0140494820684465 1.9767980364676085 
2.1133818049966844 3.8981037708045303 0.39390780371441897 
2.2021779290779704 9.308279892808258 13.116278191398623 
2.0 3.5140394515521085 0.1304346963986891 
2.0 4.331605535443646 2.350074054897821 
2.010424418923935 12.797898642845931 13.064565746593049 
2.6040450253680456 2.361219268720793 0.8765146062625488 
2.2199067634798935 6.481699262400839 1.2401732021919962 
2.0 3.9772829855362284 1.2168180054291686 
2.460617467278788 3.967151563183585 0.21548903056890767 
2.203171536037236 4.226091106772214 0.5556801237808909 
2.453422483710528 3.8485563375290894 0.23925921676762427 
2.4359016590774227 13.288937195693471 12.928919692135871 
2.0825628073395057 4.080454276161701 1.6477426191669853 
3.1424583020068617 2.0 0.9987695091453445 
2.0 3.957052715268522 1.2454858142672822 
2.4746088828528965 2.040878406937376 0.36084563283015525 
2.2650404301018314 3.787919975131719 2.226336135524736 
