0.008365150000 0.390021000000 0.348171000000 0.350142000000 
0.010653000000 0.371011000000 0.327037000000 0.329522000000 
0.007833960000 0.393802000000 0.351205000000 0.352868000000 
0.009773730000 0.375747000000 0.331887000000 0.335152000000 
0.009568210000 0.384090000000 0.341252000000 0.344075000000 
0.008581640000 0.387922000000 0.344508000000 0.347266000000 
0.015533000000 0.350028000000 0.305034000000 0.308616000000 
0.013142100000 0.364756000000 0.320642000000 0.323856000000 
0.373127000000 0.010148000000 0.005254240000 0.005816270000 
0.014574100000 0.355010000000 0.311534000000 0.314647000000 
0.035728900000 0.258925000000 0.213308000000 0.215926000000 
0.050595300000 0.232232000000 0.187770000000 0.190677000000 
0.048240200000 0.239583000000 0.194895000000 0.197793000000 
0.205751000000 0.081186700000 0.052890200000 0.055002100000 
0.025067800000 0.303781000000 0.258396000000 0.260721000000 
0.137765000000 0.126461000000 0.089669700000 0.092363200000 
0.025647200000 0.302126000000 0.256491000000 0.258861000000 
0.088235400000 0.170585000000 0.128828000000 0.131556000000 
0.036942000000 0.252642000000 0.207093000000 0.209779000000 
0.012612300000 0.367137000000 0.324178000000 0.327187000000 
0.015691300000 0.348907000000 0.303860000000 0.307434000000 
0.415949000000 0.000666795000 0.000488364000 0.000537364000 
0.079449700000 0.183985000000 0.141115000000 0.143980000000 
0.365009000000 0.011182500000 0.006209490000 0.006744860000 
0.169417000000 0.102825000000 0.070124100000 0.072474700000 
0.022240200000 0.313320000000 0.267653000000 0.269942000000 
0.318633000000 0.030981900000 0.017716500000 0.018848600000 
0.181082000000 0.092812000000 0.062051100000 0.064293400000 
0.407959000000 0.001657640000 0.000828326000 0.000965489000 
0.359046000000 0.012304300000 0.007544640000 0.008183060000 
0.173776000000 0.099377000000 0.067299900000 0.069619800000 
0.196303000000 0.083293400000 0.054526200000 0.056659100000 
0.120370000000 0.137825000000 0.099721100000 0.102183000000 
0.271597000000 0.045482000000 0.026614900000 0.028283200000 
0.233277000000 0.066276700000 0.041566700000 0.043496600000 
0.222768000000 0.071774900000 0.045646300000 0.047671200000 
0.182762000000 0.091725500000 0.061178000000 0.063414800000 
0.088457100000 0.168349000000 0.126703000000 0.129292000000 
0.268242000000 0.047764400000 0.028187300000 0.029857700000 
0.283692000000 0.040440900000 0.023149000000 0.024715900000 
0.023264400000 0.308800000000 0.263491000000 0.265937000000 
0.016094200000 0.339315000000 0.293278000000 0.295795000000 
0.072283300000 0.189964000000 0.146566000000 0.149281000000 
0.030809400000 0.265905000000 0.220192000000 0.222857000000 
0.030477500000 0.283658000000 0.238381000000 0.240813000000 
0.024499400000 0.308245000000 0.262604000000 0.265034000000 
0.087263100000 0.176683000000 0.134389000000 0.137194000000 
0.117592000000 0.141676000000 0.103087000000 0.105553000000 
0.291155000000 0.038130000000 0.021680600000 0.023165000000 
0.035739900000 0.254669000000 0.209063000000 0.211749000000 
0.067836800000 0.197202000000 0.153308000000 0.156113000000 
0.077540400000 0.187831000000 0.144815000000 0.147382000000 
0.122649000000 0.136743000000 0.098811600000 0.101233000000 
0.383626000000 0.006964360000 0.003301670000 0.003727350000 
0.112988000000 0.146379000000 0.107179000000 0.109714000000 
0.300012000000 0.034101100000 0.018999900000 0.020417200000 
0.151542000000 0.121289000000 0.085317500000 0.087934600000 
0.239226000000 0.062424300000 0.038706100000 0.040594900000 
0.104531000000 0.151908000000 0.112008000000 0.114457000000 
0.131897000000 0.129129000000 0.092227700000 0.094574200000 
0.054081900000 0.219794000000 0.174794000000 0.177811000000 
0.356521000000 0.013970300000 0.008341290000 0.009141770000 
0.344658000000 0.019430400000 0.010779300000 0.011558300000 
0.187545000000 0.086619200000 0.057265300000 0.059126800000 
0.057699200000 0.213825000000 0.169083000000 0.172035000000 
0.395175000000 0.004562100000 0.002258240000 0.002558360000 
0.013688600000 0.360792000000 0.317507000000 0.320564000000 
0.293700000000 0.036634100000 0.020653600000 0.022137800000 
0.325568000000 0.024203800000 0.012817500000 0.013987100000 
0.114494000000 0.141678000000 0.102938000000 0.105282000000 
0.084419300000 0.177111000000 0.134776000000 0.137604000000 
0.308342000000 0.030998700000 0.016983000000 0.018349500000 
0.250544000000 0.056445500000 0.034366700000 0.036154000000 
0.017242400000 0.328337000000 0.282406000000 0.284950000000 
0.207774000000 0.076571800000 0.049804000000 0.051667600000 
0.349625000000 0.017161500000 0.008688270000 0.009626140000 
0.159311000000 0.108528000000 0.074966200000 0.077116300000 
0.029094200000 0.290215000000 0.244643000000 0.247086000000 
0.103908000000 0.156715000000 0.116777000000 0.119129000000 
0.138866000000 0.125012000000 0.088447900000 0.091096200000 
0.193677000000 0.083532000000 0.054962000000 0.056844900000 
0.018287200000 0.319280000000 0.273467000000 0.276003000000 
0.173966000000 0.098627100000 0.066869500000 0.068942300000 
0.280555000000 0.040364500000 0.023424100000 0.024745200000 
0.152548000000 0.118453000000 0.083570600000 0.085694600000 
0.029179100000 0.288412000000 0.242836000000 0.245295000000 
0.323046000000 0.030427800000 0.019410000000 0.020390800000 
0.261222000000 0.051658100000 0.030891300000 0.032644700000 
0.334614000000 0.022658900000 0.012257600000 0.013207500000 
0.025754500000 0.292647000000 0.246770000000 0.249539000000 
0.018783100000 0.317047000000 0.271235000000 0.273771000000 
0.157229000000 0.117017000000 0.082035800000 0.084350000000 
0.043546200000 0.243131000000 0.197734000000 0.200452000000 
0.380413000000 0.007195650000 0.004003220000 0.004447030000 
0.040659000000 0.248330000000 0.202595000000 0.205711000000 
0.095350300000 0.160143000000 0.119336000000 0.121835000000 
0.216329000000 0.075347000000 0.048389600000 0.050437200000 
0.126048000000 0.132848000000 0.095429200000 0.097816300000 
0.399767000000 0.003173050000 0.001498820000 0.001724600000 
0.229606000000 0.068684300000 0.043349400000 0.045315500000 
