3.5325499598767296 8.250733068580573 230.03373159292323 
3.7712615121123356 5.1359846810303385 215.80146086004618 
4.26272682400869 9.685227160925713 239.4893837829006 
2.6027056120250958 6.360301953296589 231.99125218739792 
3.381096979301088 7.614978425834053 137.55331233595734 
3.358544767046537 9.742887286088195 180.74190970314083 
3.1307857023596406 5.31193290494093 6.1114042960432275 
2.944176480819926 5.6431261954350225 6.72254472564755 
2.0 9.94617606704347 0.37983777403417207 
2.0 6.544537903912234 6.316904550269573 
8.137525313192137 2.0 3.1753044487421773 
9.866034791632373 2.2464355682333883 2.6045930563015123 
9.712391615413438 2.0312704081032718 2.7521414303539613 
2.03272443641329 2.0 1.12433646205713 
15.33495379584983 2.2414147450055735 4.465279310986645 
2.1767887917452176 2.0 1.4649706477515023 
13.47122022464469 2.0 4.338796913359922 
3.6604556540680124 2.0 1.850827329701283 
6.199668041340971 2.0 2.9714346235259494 
2.0 7.322647400660058 7.505105769646151 
3.313625641629034 5.071697481855855 6.039214396967717 
2.0 2.0 0.08737443051812666 
2.89385143905595 2.0 1.9725072931972747 
32.13087663817908 2.0127032401749436 0.4078148167204301 
2.0 2.0 1.2780582306906814 
12.51553858410374 2.054866196459446 4.923948708220806 
25.090778663019 2.0097351202457587 0.6813435652723848 
2.413865118426623 2.0050654527164795 1.2055487308660409 
2.0 2.0098390135605384 0.20058338933576003 
2.0 42.088892187756215 0.3269019963675752 
2.0 2.0 1.2516440015668948 
2.2277247166224523 2.001672884963045 1.1396698629705995 
4.132851803604986 2.0 1.5510089748945204 
2.3397844127032457 2.0 0.8507961257030872 
2.0 2.205644291826196 1.0110843602886033 
2.0 2.0 1.0540189756051932 
2.0 2.0 1.193748641233425 
5.318427046224631 2.2433959691080227 1.8154217318855639 
2.0 2.0 0.8731349342457699 
2.0 2.0 0.8080672107055964 
10.093659534307477 2.0 4.88997066636634 
6.357192646270988 2.0287285354317977 10.856991613361544 
5.267551143196681 2.0 2.0380288520030305 
6.117932812207517 2.0371586267507884 3.2678267508761882 
15.363185243555257 2.0 3.698496678635744 
11.283370477214898 2.0 4.763356655997278 
2.89716586392312 2.220560354569732 1.895293579372951 
4.438667697441643 2.0 1.5740860326209054 
2.156456080894333 2.1401004013925555 0.7915139550714758 
5.611434921812654 2.1239335636714887 3.0133384657636784 
5.241056804503106 2.0485572084325714 2.137108803137622 
7.2622427111795265 2.073342967430302 2.0111078471515365 
4.3280522858669475 2.003967229616952 1.53346932614565 
4.05895206392046 2.0007639462290383 0.3785897906834361 
4.394516695953705 2.225557456559336 1.6226262249005061 
2.0 2.0033925739204554 0.7532552864102089 
2.0 2.0 1.4235920339878558 
2.010379995743077 2.0 0.9848371820277704 
4.9753318283159835 2.0512803488676363 1.6518987978715982 
4.237970589348374 2.0 1.471705734970322 
5.419572776444082 2.0 2.435506800706129 
2.266717437345558 28.648813001186127 0.3581872660956968 
30.695740962040688 2.38266331329501 0.5378295889265419 
4.5416093746263515 2.0183751873973743 1.1391188645633896 
4.8415786288828775 2.3063541737072817 2.360564752579415 
2.0 2.915262680875345 0.2939337556300856 
2.0 6.770922181512565 6.780501042289805 
2.1948896504626045 2.0 0.7755980216253299 
2.0197077690400422 2.0934190889395015 0.6498175844089001 
4.83011480415151 2.055240280070325 1.5617428877315265 
4.195545543019392 2.2111616506427 1.9185545167657705 
2.0 2.0 0.7221666004348195 
2.0 2.0 0.9411383087140648 
6.0106708262132305 2.2151743057038136 7.142152946991475 
3.4917260883259846 2.0238249536724218 1.0856163521006308 
2.0 2.299860696076844 0.5618869955499584 
3.832698912860466 2.02745754412167 1.3203588831173574 
13.368704661417237 2.2421697885603713 3.8732864338017614 
6.1560343049218424 2.2379271447474247 1.721335344591068 
2.488803646359768 2.01429657760604 1.4537258479930317 
3.6479178702335475 2.0223527530033247 1.1289473790047932 
5.651671717054245 2.171182551681711 5.824685088969772 
4.086611027328174 2.013911808586482 1.2396833428766787 
3.7123869048649496 2.1807990521758884 0.7957066300561545 
5.5150510273614115 2.0533814158931167 1.394857099602773 
12.668386075434455 2.1387772464786114 3.792435290266593 
2.0 19.89040512207287 0.6045324822899769 
2.0 2.01783641562348 0.904757948779933 
14.00568223942237 2.1793629464765627 0.601481439977399 
7.151876818921471 2.1595804102803107 4.122326064213835 
5.5692049968612976 2.167014291172254 5.572180651025603 
2.699875695804633 2.0 1.3779791216080195 
6.245884118551303 2.4260944698310336 2.7904421626330045 
37.790507864764756 2.0 0.19282634507063812 
5.012772938360962 2.0442683046279253 2.937654445289002 
5.404560404746057 2.031780677991481 1.7355204978554641 
2.0 2.2403722986184804 1.0809058850826352 
4.275026218837007 2.0 1.5032266521499946 
2.0 2.0252264800939694 0.2858317501355119 
2.0 2.0 1.0326004302708263 
