2.0 16.948480327319906 153.1678796696822 
2.0 9.052019172246371 138.22684315731587 
5.350846730137615 2.22469150693461 2.593246291663267 
2.0 2.0 1.6101004441694053 
2.0 2.321079917261825 0.7667287983052206 
17.460566201877477 2.4484823629326367 0.3431611371919032 
5.20955841656216 2.3003682292482712 3.6687550264901674 
2.0 2.0 1.7824830844972186 
2.031370180189775 2.227605883865386 1.5560930432308488 
7.979161692932351 2.279542320173232 0.5836435039818373 
2.0 2.078532356966697 1.2291221131680012 
3.1868472975920747 2.030701080581378 0.1073001473144426 
2.033646745373483 2.134134593654431 1.956535108508949 
2.4361651783179323 2.069250760150693 1.8730112971260617 
2.0 2.0930450977597537 0.7985717535723464 
2.0 2.0 0.927920889647015 
2.0 2.1437997563589586 1.311888706658952 
2.0738547097759916 2.0 1.8297069962451067 
2.4032837952931656 2.111160953971579 1.2407720692770674 
2.0 2.17922681534075 1.8076247368693736 
2.0727016188065455 2.0 1.7043928703347082 
2.02901850945976 2.0 2.004385051512786 
2.0 2.256096047302005 0.9163166382484311 
4.695427167802872 2.2741493708328244 2.528627203307466 
2.0 2.3134659927888843 1.6812034020331903 
2.0 2.0 0.6828299841045673 
5.181243486715198 2.402676432341892 2.6642918550555104 
2.3624351611559566 2.0 1.296833226827316 
2.1365526944310873 2.1898790004316577 1.3703278451413703 
2.257416421768284 2.2149660460971403 0.8617644354815349 
3.3399490831146257 2.148550478533407 2.406365716054708 
4.596700168496717 2.245991935318159 2.390186805072881 
2.407233692996194 2.0 1.408346794764067 
2.0 10.59650594172919 0.4290803255709825 
2.0 2.4191492912491714 1.3408646423255721 
2.0 2.0 1.3238295119188823 
4.125339913537598 2.1533249474832954 2.4155351873306388 
11.61020230581814 2.071122428584313 0.43304688866111773 
2.2384557723714766 2.1551164534715888 1.4403853975159473 
2.0 2.173522852831323 0.9950922282207415 
2.0 2.0 0.7094043126469023 
2.3737644981765538 2.2348311254265427 0.9781433219250752 
2.1341986801887565 2.0126387071668903 1.033980493818035 
2.0 2.0 1.011301278503909 
2.0149322812125976 2.3145691879014185 1.1606656604149097 
3.2974071456179352 2.0426480229424886 0.531511559453719 
2.8691627606524843 2.156545046045939 2.146361263447492 
2.274700737268324 2.0103841381201066 1.1363357514046117 
2.452032921713547 2.1555596026177013 1.451897263306332 
2.0 2.0 0.8251185688731262 
2.29926430025039 2.017021801248458 2.025081681232504 
2.0 2.8730416796380553 0.8839142889674472 
2.110137804333135 2.162297250735001 1.9225764342721543 
3.2030123272150117 2.2931900604948114 2.084243724335552 
2.0 2.1382929684133805 1.2641223898340543 
6.702425067463586 2.398462415202167 2.902453784514639 
2.261370724845442 2.001179461841654 1.2075288210442972 
2.0 2.2960979028098953 1.5947020267458558 
7.320265662234292 2.2565502711797962 3.4895316607828146 
3.38970222536919 2.353230569842519 2.2826793527673774 
2.0904338907952953 2.0 1.279892354496194 
7.790555249041463 2.247666867492344 3.726048120831819 
2.1807522028941966 2.2037672939507287 1.9655600630163286 
2.509642892154949 2.187710096591615 0.9587327818818531 
2.0024050892826373 2.023086692166034 0.9380528098132094 
2.109536405863113 2.0 1.3878018172803095 
2.0 2.6039670492667786 1.4772163288142204 
2.7480482051517505 2.162031680198044 2.1677746705693246 
2.29274882998074 7.11741190656671 1.5631108715139916 
2.392053634307085 2.160667445175258 1.7188279906414514 
2.229454460461117 2.4108793549836376 1.0720346780370174 
2.0 2.567367449212064 1.366518248832286 
2.8502981339198747 2.0 1.0404377649805738 
2.0 2.0150641362370285 0.8482554037581099 
2.0240266398599025 2.0 1.0977291384552983 
4.6670539743642 2.209980109071368 2.895078257970703 
2.1623567203250738 4.6472316405898555 1.651439321071872 
2.9818454966261654 2.2361385183218667 2.531345168356913 
2.0 2.5568085094724844 1.5204971763340955 
2.0041005931023097 2.086863203857214 0.6193263878878104 
9.300860579293797 2.332821146493473 0.23944846151838695 
7.165908827962753 2.417812531764148 0.5451197547744215 
2.006987868786026 2.0001442651718597 1.4950817987673437 
6.229996008782394 2.4703756031812465 2.541209884731499 
2.0 2.0 0.6666148136513201 
2.0 3.843591959429044 2.6657673919483775 
2.1435847094406366 2.0 1.1075767873263185 
3.5400513980973463 2.0240177400096138 1.8671432539798571 
2.0043000530128356 2.0442738071398288 1.771179459594732 
8.19891234758935 2.262246110348165 3.2412776213247287 
2.721759064003547 2.0326451303724213 0.1726193774546782 
8.087543663666981 2.3056756689099878 0.3718945982874562 
2.490617870157435 2.3029915540128285 2.050640698418296 
2.2423338766907466 2.0647863061944416 0.3788379706773932 
6.8410600687209016 2.2440867209318744 3.0387373472627854 
2.004116627577409 2.0 1.6476140586262984 
2.0910087083663367 2.372412291262435 0.7373587693351734 
5.149441030713333 2.0 3.454102460093425 
2.425245724818846 2.361137814695408 0.7635336210675487 
4.783026551210521 2.346469685338892 3.1072337669068277 
