100.49148259112599 2.0 119.58687569744572 
2.0 22.827598763779495 256.0 
2.0 8.527015165848987 21.942873314657618 
46.83101337811377 2.0 0.1733143693620437 
2.0 88.56917074939057 0.04187568657803453 
2.0 3.6830209535179925 0.9102812366537525 
2.0 3.292230074513693 1.05420119416151 
2.0077698905707795 15.277928895476293 26.18770459345815 
2.1490115441073145 3.4152517190804983 1.9353760998446827 
2.0 3.3747736726744293 0.8783254125324929 
2.3941103022482237 3.1486577773127546 2.2988370902736146 
2.03256900753565 8.96724428104161 5.623233143315009 
2.0 9.555949706776044 2.7465141269502817 
2.0 4.272515858739634 3.570505026398265 
2.0 2.0 1.5682334629860823 
2.008434629671861 15.545734588566674 4.35724427651549 
2.150488810043982 61.54582313963571 0.6402011681050706 
2.2301831255449076 2.642892416660965 2.2579236677450822 
2.014918141988407 5.683029690444656 7.7657087467134085 
2.0224763577741234 4.9732890187793535 4.048300006114517 
2.0117344466572304 3.1160453354134527 2.3890802005172027 
2.0496827553637704 5.042195828715984 1.3270151387672953 
2.001689733922812 16.291966943626253 0.1392917404963585 
2.166013941621281 66.65066560143373 0.4336645525590954 
2.0 9.360467174469782 2.892630349653641 
2.0 5.860761976954165 6.69909850598419 
2.2248113258745015 3.0257077420629352 1.107467213120478 
2.0 14.55849953044638 4.680696797149668 
2.032350799981981 6.376421800884523 2.789411012209116 
2.0 2.8640570290487872 1.0159674877058804 
2.0324574914561357 6.472990532626369 8.255899304649772 
2.0 15.067104100043704 7.236486038624974 
2.1228136449435295 21.64470347429422 15.876672009690967 
2.0 4.976199543983707 1.1324854645275941 
2.0552582182242385 3.7655226656590806 2.2388193351674133 
2.0 97.0 0.20398076040804586 
2.025823095403914 10.185369595215635 3.021554408860532 
2.089778477870325 6.21047487011973 3.1797485119057516 
2.0276735784105675 5.260274284616294 1.24407269248026 
2.3204566239313973 5.1269201895834025 3.5472226662650743 
2.0062859367630956 17.50038929020345 0.23910888413948028 
2.0 154.50218998740877 0.24868136192274543 
2.058365265684654 5.050942740484815 2.8936768036894547 
2.0 5.80707979290296 6.414682594345514 
2.0322662412640704 2.0 1.3402141353824042 
2.0 6.296049505597705 3.2429635589980688 
2.0 18.963342278296615 14.065832711692458 
2.2765382915425287 9.296098187262984 6.269866464441769 
2.247708352042703 11.42512419674354 3.4015980126286616 
2.043705242838443 9.407051441870657 7.52098984680158 
2.3455997970641684 2.6600040168390056 0.8545017540874483 
2.409915951898011 11.256852502715661 3.511980445540035 
2.192922677417334 4.194338733587304 2.4636578296381964 
2.0 7.92648435927893 5.341257288703915 
2.0 2.0 0.9846484545726485 
2.0 2.0 0.9594118566479723 
2.0101526056596906 5.8825067530256545 1.579373287928788 
2.1841547022276253 73.21147752303659 0.1882737778951384 
2.072484327516083 5.645686802068644 5.731793061167538 
2.47294128032438 3.948475610430849 3.0402130323161316 
2.0 2.279529235251353 1.4091189277566274 
2.3302916876468487 16.989332308404208 12.813531110865666 
2.0013130708298825 4.953554346470219 2.112107127052683 
2.278760342269149 15.423663837115196 4.543084059730012 
2.0 2.0 1.4710418188157706 
2.0 2.0 1.4467616155136775 
2.009048489690066 6.341949484774982 1.5318515562264758 
2.2506103859367315 9.94140168899626 5.247631537202566 
2.0243336027041487 10.874827545943925 10.321547731411796 
2.0014081296252733 3.5841054140913218 1.8552293736733272 
2.2853373391872616 4.092000032630929 2.5769446688440705 
2.081915256648215 5.648295888642155 1.9590784838507618 
2.0250087635686334 6.045737912437191 2.193065922259938 
2.0 3.802968066857898 2.376531008237809 
2.2507843375212024 14.565466730580294 11.323620477896336 
2.041794857286907 12.876115982025144 8.541731372501983 
2.0351032690120183 2.0 1.7817016920943487 
2.087081474101297 5.566084900773478 2.107210806512586 
2.0 4.2547402214303975 2.5392409570712045 
2.004313631212444 2.0 1.7062363568461143 
2.0 2.0 1.2035569400078001 
2.0 10.576137679071397 4.9373965063239975 
2.009526763340229 3.601241228465261 1.3764619207614217 
2.0 21.058548710931504 4.141065019722976 
2.1130180063612345 5.16443931941294 1.8590838380661867 
2.0 2.635034242335572 1.277290072113317 
2.063038070556564 2.68816507732153 0.06275789363082218 
2.0 5.160532980863957 1.1659642131997319 
2.125371794039058 2.0 1.658447424570982 
2.2906950389350595 4.051696197708889 2.00166539978815 
2.0 2.9809256623081204 1.6367882225171717 
2.2342486082960846 9.090619128150891 3.8447050821242827 
2.1634109304038738 2.560309614183356 2.1629582087827286 
2.4645269791026854 5.550533882490896 3.007815113548911 
2.0 2.9698698949281415 0.7821122634316522 
2.0168058078910724 10.529708962938823 4.767012396053199 
2.0070520927994107 3.4867299159331138 1.7620329003472515 
2.256452676268561 9.234008796616637 4.65866635412992 
2.0 13.033851564377793 9.22033973645604 
2.2285786434084205 6.26282021450454 5.953143975121753 
