124.07592086680397 2.0047210183997146 3.5046061865791813 
116.02243807228251 2.523281877456227 3.6222269318869236 
14.598116027115541 2.4002172622340625 0.5334487245561613 
88.24150584003937 4.290723325063462 0.03385991739456928 
116.12847730968467 2.0 3.2808723974556817 
12.347540897719833 2.0 1.034740304013494 
16.912668268162925 2.9078880790786816 11.016282096480495 
5.630215381443946 2.0 4.636526182991318 
2.0 2.746882413894968 1.886090534701436 
63.840623540559704 2.0 5.829286328998327 
6.059700276201923 2.0694727934986568 1.1716311480923547 
8.644435405968279 2.0 0.2070833433851016 
45.56080064767689 2.463269928603418 3.2968686428221905 
27.8805919463891 2.2947396798767574 0.5300361102287017 
75.80616889151706 2.0 7.168888264342698 
41.72289145864629 4.2678650795573985 13.154336214119613 
23.49213926030918 3.917505770013806 0.6057882094115845 
4.633768117525987 2.1037884024691884 2.0937216848842892 
67.8212189773437 3.442038021408494 2.6514755314369216 
172.30834647154114 2.0 3.0308533406788243 
9.515620045153444 2.936834720249993 12.780986109845795 
65.8113927073945 2.001335548828788 4.669130273322731 
24.29289289949615 4.198543648666493 0.36488853570915014 
71.71441136124184 2.1531399041522157 4.473266866517578 
2.0 2.53298287871194 1.9255587140616317 
37.16217349149445 2.0986310030688142 0.7277956300470727 
7.9885848095284775 2.1095143205322837 1.2313329598992102 
16.40041017023399 2.0 0.28645113867155736 
74.52138980116884 2.0 6.064695604272867 
21.11286688002209 2.2639142903431955 0.8251007513534254 
3.122962746447671 2.030340789491649 3.5455253881470266 
2.3297470110850687 2.0 1.887784991038186 
5.783983376361098 2.0 1.9361629018364659 
16.157594420593675 3.3270416218630023 15.166389483878921 
67.00758808308183 2.0 5.201238256775851 
77.76325659693032 2.1084164153556344 4.236243154156487 
55.65006497027858 2.0003788242148084 5.612756548410079 
25.55575669427632 3.817147106184595 10.941799516208114 
56.022470328959535 3.513692906307718 0.2235399591909148 
2.0 2.0 0.10936168971548099 
8.158052756288804 2.0 2.4432986413906597 
39.655661976608755 4.043747269132624 11.907549897421186 
54.64741770437992 2.0 5.119638451376199 
15.04995213429358 2.367502145823638 0.43152013794242655 
6.5862084975204525 2.0 3.7993257456285146 
82.55770091316049 2.166703533874107 4.621243882801322 
4.590781305121723 2.502047508729795 2.465680684993589 
12.277274613398518 2.32797678349175 5.474668428330648 
8.071289374312165 2.295464795866398 3.6625907501780546 
2.509509743822822 2.011129528658906 0.19996713064114835 
94.77829671669032 2.1800152713582417 3.765863714448644 
2.0 2.0 0.04063476598776261 
17.741982582003605 2.120368710111467 1.1003260594992321 
12.65904683565141 2.723707246087808 1.2080392214509057 
20.613063307438622 2.2513688674747305 0.7750765899535117 
8.530346006055987 2.0 0.8950642823161284 
14.991432814037003 2.339407816878343 5.642918523986121 
5.3053039215852 2.0339727885340166 1.8115523237173934 
98.28526475504128 2.017543794885994 2.990767572799486 
11.620302353416434 2.3892802035452454 1.5884293272831196 
13.319397004852133 2.0 1.117817968723152 
19.704464486072517 2.3759687528927596 0.22653347429146262 
3.4704785755655867 3.3566806591215643 3.5283726173696883 
8.413238859947068 2.1384478430085085 1.8028587194901136 
10.828415483839265 3.123899230829169 14.129525501326192 
59.44257902653663 2.0 6.10313345020546 
61.12683005827954 2.3596667366652357 2.7991638692768666 
7.633838550292509 2.12005274135805 1.9830362595853623 
12.032916656796935 2.4273453210101836 1.5064285760973353 
83.0599634766737 2.3920727887169524 3.5730588319321734 
4.430334284882669 2.4769701006957776 2.1847040271156057 
2.0 3.8403793975716893 1.0245521768719072 
19.427487177534424 2.4280128518997897 0.31744005747076454 
8.021613213710687 2.1209129881833477 1.5157814136769607 
6.661584336048975 2.0925269979711687 1.9468454497400987 
18.847416446348667 2.024936515959733 0.6418135847263127 
2.0 2.2381121906770254 2.706574390360232 
5.857184841326966 2.1200745711607683 1.3532870714756053 
14.932842095490866 2.6283452866333064 14.032539573132762 
19.321103657816757 2.445972492741632 0.35196411931504534 
7.044689477199965 2.0340308833775174 4.271432581868542 
5.584178136761554 2.1477407953262078 1.7985326002301076 
2.0 2.07085279345833 1.3785466396704944 
13.827230642361364 2.6706116586433146 1.1492222507974084 
7.609926299769227 2.656065672455739 2.1294913327896308 
2.0 2.0 0.8515256288592874 
2.0 2.0 0.05362801889807792 
2.0 2.0637723342011403 1.0948447134921764 
6.247465017311942 2.0804169965687844 2.8445134262249994 
2.0 2.8054970702067936 1.4295600683287533 
5.785300098131752 2.1610371587590165 2.060741820831888 
5.37965384563633 2.602079449245113 2.1090585799184276 
62.40264536041815 2.077248449277206 4.7461778610409295 
2.0 2.0900248614249577 0.7528947647811228 
70.88829797948674 2.002059120367738 5.948381391210621 
4.066182623514803 2.0336288243997793 1.454802648598514 
8.860271636418696 2.019720881014612 0.47356747425528717 
6.947178004657478 2.0 2.915063290768719 
14.250719487306803 2.3586643298410506 0.8098130854262644 
