0.007178310000 0.208367000000 0.213476000000 0.232184000000 
0.019449700000 0.107473000000 0.109110000000 0.125361000000 
0.010940100000 0.147479000000 0.153418000000 0.170702000000 
0.014720900000 0.118567000000 0.118954000000 0.134794000000 
0.007628920000 0.171558000000 0.178314000000 0.196150000000 
0.007669930000 0.165649000000 0.172203000000 0.189741000000 
0.007298950000 0.179013000000 0.185554000000 0.203165000000 
0.014198300000 0.126579000000 0.128559000000 0.144683000000 
0.008844380000 0.159250000000 0.166172000000 0.183891000000 
0.007481100000 0.173516000000 0.180084000000 0.197504000000 
0.010980100000 0.135198000000 0.141025000000 0.157832000000 
0.009511950000 0.155602000000 0.161835000000 0.178912000000 
0.157738000000 0.000965081000 0.000932236000 0.001084980000 
0.010145700000 0.153227000000 0.158594000000 0.175820000000 
0.010599100000 0.152917000000 0.157990000000 0.175425000000 
0.083910900000 0.018886300000 0.019416700000 0.024992300000 
