47.52138787583707 2.0 150.15280842955235 
2.0 2.0 202.3598047473798 
2.0 8.464959942453188 206.3649583878112 
2.0 2.6952207176206278 221.16974931098284 
2.0 21.110420418056243 201.93064028338378 
2.0 14.797360680950533 111.82001463869113 
2.0 31.30285067077878 221.33437269984324 
2.0 4.342356632918564 223.47591946271487 
2.0 13.442918753538091 142.07737083688153 
2.0 22.86194307733207 128.0 
2.0 5.695927465899517 236.95138252754657 
2.0353920489324677 10.712693699947513 197.44962181753945 
2.1165888659050105 4.6235278635775945 0.23986709408620754 
2.0 8.595598073050859 13.318074876654915 
2.3881008662312815 10.057173482763206 9.791756958054364 
2.0 2.0 0.911687777323948 
