0.011728800000 0.479364000000 0.431184000000 0.418749000000 
0.011813200000 0.479319000000 0.431214000000 0.418567000000 
0.015853400000 0.440824000000 0.389965000000 0.376985000000 
0.013936500000 0.446118000000 0.395299000000 0.382450000000 
0.011660100000 0.485208000000 0.436858000000 0.424425000000 
0.011155600000 0.488588000000 0.441086000000 0.428741000000 
0.158241000000 0.135895000000 0.100152000000 0.093562900000 
0.012502200000 0.452105000000 0.401624000000 0.389073000000 
0.017571900000 0.434006000000 0.382494000000 0.367979000000 
0.362123000000 0.028590100000 0.016916400000 0.016128200000 
0.307556000000 0.045183100000 0.029881700000 0.028286100000 
0.478433000000 0.000321244000 0.000192188000 0.000185175000 
0.079778200000 0.225370000000 0.176250000000 0.166827000000 
0.094258800000 0.207342000000 0.159935000000 0.151134000000 
0.071857500000 0.236252000000 0.186292000000 0.176441000000 
0.020139700000 0.382873000000 0.328881000000 0.315042000000 
0.329199000000 0.034823800000 0.020199600000 0.019694100000 
0.031574700000 0.344516000000 0.291873000000 0.278239000000 
0.077235700000 0.230636000000 0.181179000000 0.171559000000 
0.169246000000 0.121553000000 0.088957300000 0.082509100000 
0.043024500000 0.287074000000 0.235302000000 0.223363000000 
0.256632000000 0.073569800000 0.048481900000 0.045853100000 
0.202414000000 0.104360000000 0.071695800000 0.068018800000 
0.026210800000 0.351955000000 0.298437000000 0.284931000000 
0.128150000000 0.168019000000 0.124860000000 0.117810000000 
0.149261000000 0.144054000000 0.104161000000 0.098439600000 
0.020423900000 0.376183000000 0.322226000000 0.308406000000 
0.052770100000 0.273496000000 0.221385000000 0.210241000000 
0.392018000000 0.017214100000 0.009655140000 0.009236900000 
0.167773000000 0.126962000000 0.092718900000 0.086645300000 
0.113196000000 0.188241000000 0.142622000000 0.134950000000 
0.106908000000 0.190577000000 0.147364000000 0.137537000000 
0.293962000000 0.054247700000 0.034330200000 0.032579200000 
0.431644000000 0.006254690000 0.003074540000 0.003084720000 
0.041403800000 0.292982000000 0.241065000000 0.228921000000 
0.165197000000 0.133770000000 0.095585800000 0.090408800000 
0.467776000000 0.001215790000 0.000594217000 0.000590952000 
0.086860200000 0.210634000000 0.164750000000 0.153392000000 
0.037360200000 0.310791000000 0.258558000000 0.245831000000 
0.022630700000 0.367460000000 0.313451000000 0.299790000000 
0.131456000000 0.165213000000 0.122446000000 0.115535000000 
0.386627000000 0.018755900000 0.010065800000 0.010015700000 
0.408805000000 0.012578100000 0.006807580000 0.006568090000 
0.289025000000 0.056807000000 0.036212800000 0.034339500000 
0.047258400000 0.278880000000 0.227357000000 0.215740000000 
0.143623000000 0.142889000000 0.106492000000 0.098703800000 
0.083424100000 0.221602000000 0.172932000000 0.163580000000 
0.097766900000 0.195560000000 0.151401000000 0.140746000000 
0.039385800000 0.307295000000 0.254797000000 0.242361000000 
0.152054000000 0.141477000000 0.102011000000 0.096438600000 
0.137807000000 0.157938000000 0.118603000000 0.110761000000 
0.225878000000 0.084689200000 0.058284800000 0.054838000000 
0.275162000000 0.060866700000 0.039942400000 0.037974200000 
0.141904000000 0.151977000000 0.110887000000 0.104760000000 
0.019856900000 0.383806000000 0.329800000000 0.315930000000 
0.031652500000 0.340594000000 0.287254000000 0.274072000000 
0.027857300000 0.347105000000 0.293660000000 0.280301000000 
0.040155900000 0.296740000000 0.244732000000 0.232460000000 
0.284105000000 0.060741900000 0.039415900000 0.037250800000 
0.447638000000 0.005823370000 0.003371820000 0.003311540000 
0.340162000000 0.031654300000 0.018145300000 0.017740500000 
0.456034000000 0.002468880000 0.001461570000 0.001425460000 
0.327551000000 0.041318600000 0.026511800000 0.025260200000 
0.315046000000 0.044215900000 0.027400000000 0.026135600000 
0.068923000000 0.241103000000 0.190849000000 0.180794000000 
0.192945000000 0.110793000000 0.076839800000 0.072831900000 
0.208784000000 0.096095500000 0.068629500000 0.063843200000 
0.263340000000 0.065760000000 0.043641800000 0.041361400000 
0.065305700000 0.245525000000 0.195044000000 0.184819000000 
0.061680800000 0.251652000000 0.200778000000 0.190179000000 
0.374476000000 0.023562000000 0.013942800000 0.013487200000 
0.218485000000 0.089345800000 0.061964800000 0.058245200000 
0.366066000000 0.025136900000 0.013933100000 0.013729600000 
0.115269000000 0.178885000000 0.134285000000 0.126762000000 
0.034311800000 0.317382000000 0.265075000000 0.252138000000 
0.232640000000 0.084699700000 0.056284700000 0.053610800000 
0.021946900000 0.375719000000 0.321730000000 0.308038000000 
0.089166600000 0.206254000000 0.160867000000 0.149695000000 
0.400461000000 0.014489100000 0.007570260000 0.007557050000 
0.351253000000 0.030824800000 0.018312600000 0.017563600000 
0.017033100000 0.438637000000 0.386363000000 0.372320000000 
0.019540300000 0.418382000000 0.366640000000 0.351636000000 
0.216776000000 0.092326700000 0.062185000000 0.059129200000 
0.238908000000 0.078314800000 0.053306400000 0.050265100000 
0.208913000000 0.095101700000 0.066617100000 0.062534800000 
0.023401700000 0.365534000000 0.311480000000 0.297855000000 
0.017634400000 0.429131000000 0.377512000000 0.362766000000 
0.299025000000 0.048714100000 0.032491700000 0.030704400000 
0.120868000000 0.175400000000 0.131993000000 0.124595000000 
0.419971000000 0.009049130000 0.004551470000 0.004565780000 
0.018969500000 0.423251000000 0.371410000000 0.356353000000 
0.025888400000 0.359654000000 0.306465000000 0.292908000000 
0.185082000000 0.115774000000 0.080853000000 0.076607000000 
0.059829700000 0.257382000000 0.206154000000 0.195557000000 
0.055114700000 0.262478000000 0.210955000000 0.200141000000 
0.053350900000 0.271292000000 0.221591000000 0.208377000000 
0.245173000000 0.075716900000 0.051268600000 0.048398000000 
0.271249000000 0.063840100000 0.042138500000 0.040026000000 
0.034044700000 0.334783000000 0.282226000000 0.268839000000 
0.175181000000 0.117072000000 0.085320100000 0.079158400000 
