2.0 18.118351561913812 256.0 
2.0 19.134892675464584 242.99938473954077 
13.12331537892953 2.6091975032043067 128.0 
17.978289465478753 3.48303902245353 52.374281894904286 
2.0 20.314017819526242 187.91940621309334 
2.0 23.3149337246263 256.0 
2.0 2.7020314771916967 1.4871389133729354 
27.56969041932404 2.7620862299247024 84.86621315029157 
26.766070707199706 3.052488246083459 16.70572126560492 
11.771341636819825 2.452577233179773 0.5812053427297244 
2.0 3.5805951859968435 0.7213532371980961 
2.0 2.497184243246138 0.02344998689644484 
7.826547534813236 2.25823747530751 2.1498106757695927 
8.38052585782445 2.0915034286576595 1.9878569492975586 
17.814653529446367 2.2128742319031276 2.208598991876935 
24.94387403775896 2.0 7.496724135771743 
2.0 2.0 0.7191877387085608 
4.007170594252317 2.2487561342354785 5.7171584003074285 
11.912098621609594 2.0 2.1849154870546657 
2.0 3.707083177729529 1.3269117559049548 
4.211207438216555 2.0 3.1093613199542287 
5.269044924077544 2.1007555415917674 0.9829875218427442 
2.0 2.1707144490747425 1.2702077177296176 
6.331613518753542 2.191077535992236 5.367898596368072 
5.174136523385833 2.0 1.6773701673848804 
2.0 2.0116262894714523 1.5629515052343856 
17.427314573790547 2.0 6.916114090776034 
21.648454300532684 2.1406589687602127 2.6244281665219913 
18.287270603900858 2.150166672456337 0.4372753805125096 
2.0 2.817328618602561 1.4180767293246845 
3.6231552123577417 2.4422318356035295 1.8662032887826494 
2.3192306977726704 3.1281523786770906 1.9877106278245376 
4.54946700594278 2.0131638064868462 0.8354989255780083 
2.1935994952062328 2.0085608225982794 0.29521073116423463 
3.780281298896605 2.005003194911969 3.2134783550328905 
2.0 2.0 1.4796428934772432 
2.0 2.0 0.1113678217668328 
2.0 3.9386365580885885 2.071056820486238 
3.7147530635198605 2.092273890588714 3.608832434603293 
22.61875266944262 2.0 5.53944283765442 
4.623699897221332 2.2405866894917854 1.6559829001312902 
2.0 2.0 0.5327199942408063 
11.331733409935056 2.113070571103336 0.3840664126347696 
4.69925696661979 2.348136625271688 0.853227075914121 
4.423504245913174 2.186753332156936 2.9715305977477326 
2.0 3.895381547174489 1.4849314102710804 
17.992600283552907 2.439474457360075 2.1009126880660345 
2.0 3.714925570577083 1.9185947654209474 
4.691585020099161 2.0437568857044055 3.4100664455866623 
2.0 2.0 1.5422654917661678 
2.650959546737095 2.7784354070720583 1.595560380584418 
2.0 2.875020165592553 1.0628332464556456 
2.0 2.608509699044191 0.8634475233924109 
2.0 2.0326169536139815 1.6270874165469404 
25.381675388712637 2.0 7.7045767192682035 
6.4748770271765075 2.1406759396434705 4.4571509999030425 
5.908463430262487 2.168555586983083 4.950841439862686 
3.6320154411381718 2.4722479508377986 3.273435816269851 
10.98389545567744 2.314651572472969 0.8481711069526676 
26.288067986959035 3.2432654210968077 0.0014234968089259503 
2.4610114333775304 2.0 0.6885146149179251 
2.1069521337267654 6.077825078079217 0.1480923311568012 
12.124847563276285 2.5230987973350656 0.6188124773331656 
2.8999193310440465 2.0 0.7574430859248027 
7.8670708356307575 2.2593384432240504 2.3190463554159635 
2.473632837252495 2.049785099605126 1.3145069886445242 
2.0 4.1520679329357 1.1395546460558545 
2.0 3.045353836379896 0.9008331857935801 
13.199454822817758 2.1029063430007287 2.332098135990908 
4.589141348018926 2.224948351513067 2.506912383949361 
5.2815477712725665 2.848512559935696 0.46749069451575775 
2.1658485754242003 3.11272471004336 1.1033843473505975 
2.083702780625946 2.0148352188873218 0.6168611000431647 
4.652555706782715 2.247904169995943 1.771930833232446 
3.798183910902505 2.036903996154495 3.806124104693852 
2.0 2.0 1.1200875038587481 
24.84227181988375 2.328406379318454 6.330796356193981 
2.464303364884461 3.6345737695114577 2.0306718706867373 
2.0 2.006402892323084 0.4644339587471342 
3.0127422217505635 2.0977399469047113 0.6333915558117449 
7.01481765577484 4.14237161407799 41.156626686157075 
24.984712293455964 2.983399916034174 10.469808893336614 
2.0 2.0 1.1810141974116901 
2.0 3.0351413907981235 1.0087296204576792 
2.4077267588520272 2.9222397839844145 1.1531212802768798 
18.39859905257039 2.0 5.499399758081512 
28.153126618470235 2.583898621725803 14.119257011656527 
2.0 3.753270321012487 0.7528100616755522 
16.90936413895801 2.0 1.680302744958788 
2.0 2.0 0.3617287517115139 
26.28614204900606 2.7409055747289144 12.192074209910727 
6.649402713034636 2.1730446917539368 6.268295750030175 
2.0 2.03266598605726 1.3501245918821478 
12.607143912107475 2.1411170780584925 2.485762321524842 
7.639992636066586 2.2976369552190907 2.5695253721807756 
4.880821085683326 3.4515284087805536 2.7506535871169504 
2.097475267140681 3.0516483811050423 0.9891707290654518 
2.041997970599314 2.852573960293105 0.890079783001687 
4.321500847981682 2.1168495392823554 4.694916760338841 
2.0 4.275249548437346 1.2981881319038377 
