0.008643150000 0.471274000000 0.451681000000 0.451422000000 
0.254847000000 0.107176000000 0.092020600000 0.093612200000 
0.008541580000 0.475952000000 0.456326000000 0.455588000000 
0.020948400000 0.404706000000 0.385548000000 0.384725000000 
0.394230000000 0.035899300000 0.028526800000 0.029936900000 
0.424211000000 0.025887800000 0.020349100000 0.021179800000 
0.013661900000 0.427162000000 0.407960000000 0.407164000000 
0.303527000000 0.080286100000 0.067688000000 0.069972200000 
0.018208000000 0.413908000000 0.394760000000 0.393863000000 
0.015934500000 0.418527000000 0.399421000000 0.399304000000 
0.012030100000 0.436187000000 0.416922000000 0.416222000000 
0.339430000000 0.055418400000 0.045644300000 0.047514800000 
0.010537600000 0.441549000000 0.422360000000 0.423373000000 
0.264195000000 0.103023000000 0.088052000000 0.089741100000 
0.334214000000 0.061810100000 0.051328900000 0.053668200000 
0.453282000000 0.014518000000 0.011314200000 0.012538200000 
0.318272000000 0.070175300000 0.058601600000 0.060752300000 
0.019515500000 0.409220000000 0.390044000000 0.388799000000 
0.476088000000 0.006329210000 0.004800160000 0.005456750000 
0.431414000000 0.020468800000 0.015946500000 0.017180100000 
0.194962000000 0.148212000000 0.129768000000 0.130607000000 
0.465374000000 0.009917600000 0.007651880000 0.008614120000 
0.110116000000 0.207422000000 0.185338000000 0.183623000000 
0.403854000000 0.029767400000 0.023402200000 0.024715800000 
0.269559000000 0.098350200000 0.083984200000 0.086329300000 
0.182852000000 0.157326000000 0.139002000000 0.140504000000 
0.187418000000 0.149098000000 0.131059000000 0.132819000000 
0.388249000000 0.041663300000 0.033559400000 0.034426000000 
0.039646600000 0.326085000000 0.304603000000 0.303534000000 
0.308784000000 0.077064400000 0.064846700000 0.066804500000 
0.509065000000 0.000553865000 0.000344516000 0.000385077000 
0.494333000000 0.004043750000 0.002953000000 0.003363710000 
0.110756000000 0.206589000000 0.184495000000 0.182791000000 
0.415670000000 0.029410300000 0.023415200000 0.025053000000 
0.326618000000 0.067382000000 0.056309200000 0.058856100000 
0.441853000000 0.017847400000 0.013804800000 0.015010300000 
0.012606600000 0.432906000000 0.413655000000 0.413029000000 
0.380606000000 0.044255600000 0.035881000000 0.037926900000 
0.024006800000 0.396354000000 0.377003000000 0.375898000000 
0.014268900000 0.423549000000 0.404367000000 0.404164000000 
0.022199600000 0.401218000000 0.382249000000 0.382045000000 
0.274870000000 0.083255500000 0.070062900000 0.071826600000 
0.141534000000 0.192655000000 0.172438000000 0.173470000000 
0.459699000000 0.013184400000 0.009931430000 0.010983300000 
0.008891580000 0.453309000000 0.434348000000 0.436329000000 
0.074657900000 0.252138000000 0.231013000000 0.228967000000 
0.195033000000 0.133643000000 0.116004000000 0.117215000000 
0.343473000000 0.053453100000 0.043921800000 0.045750200000 
0.483701000000 0.005088300000 0.003726600000 0.004075550000 
0.072931300000 0.272869000000 0.250842000000 0.250045000000 
0.028354600000 0.363752000000 0.343419000000 0.342052000000 
0.077225700000 0.247433000000 0.226644000000 0.225313000000 
0.025018700000 0.391638000000 0.372317000000 0.371138000000 
0.247608000000 0.109574000000 0.094694700000 0.097006700000 
0.329705000000 0.064756200000 0.053971800000 0.056158100000 
0.178611000000 0.158045000000 0.139519000000 0.141215000000 
0.029590100000 0.341091000000 0.321234000000 0.317584000000 
0.374510000000 0.045293100000 0.037025700000 0.038979700000 
0.034020900000 0.336689000000 0.316742000000 0.313205000000 
0.055649800000 0.280721000000 0.260399000000 0.258514000000 
0.040738100000 0.311797000000 0.291921000000 0.288436000000 
0.356759000000 0.046988700000 0.038381700000 0.040186600000 
0.010527100000 0.447120000000 0.427860000000 0.427753000000 
0.057344400000 0.274819000000 0.254144000000 0.251831000000 
0.076449900000 0.253379000000 0.231229000000 0.228661000000 
0.123048000000 0.194328000000 0.172462000000 0.170950000000 
0.441287000000 0.018757500000 0.014433900000 0.015773500000 
0.185720000000 0.154797000000 0.136334000000 0.137646000000 
0.045764900000 0.298068000000 0.278074000000 0.275435000000 
0.425906000000 0.023435700000 0.018384600000 0.019822400000 
0.023189500000 0.398204000000 0.379143000000 0.378661000000 
0.146359000000 0.160099000000 0.140969000000 0.140974000000 
0.026427700000 0.383986000000 0.364360000000 0.363104000000 
0.035344600000 0.329020000000 0.308771000000 0.305260000000 
0.313822000000 0.076097700000 0.063936200000 0.066108500000 
0.416647000000 0.027225800000 0.021565200000 0.023075700000 
0.505632000000 0.003402400000 0.002442960000 0.002791340000 
0.211217000000 0.131168000000 0.114581000000 0.116557000000 
0.232398000000 0.110342000000 0.095002500000 0.097080900000 
0.009257320000 0.453652000000 0.434395000000 0.434727000000 
0.145016000000 0.185106000000 0.164944000000 0.165661000000 
0.086095300000 0.241797000000 0.219626000000 0.217222000000 
0.044987200000 0.305562000000 0.285784000000 0.283012000000 
0.041923000000 0.311515000000 0.290576000000 0.287279000000 
0.087655500000 0.236812000000 0.216061000000 0.214913000000 
0.010166200000 0.448288000000 0.429019000000 0.428979000000 
0.266528000000 0.100057000000 0.085900100000 0.088325600000 
0.056431800000 0.278525000000 0.258157000000 0.256311000000 
0.108680000000 0.218476000000 0.197675000000 0.196422000000 
0.211777000000 0.120831000000 0.104561000000 0.105592000000 
0.011549500000 0.437409000000 0.418153000000 0.417535000000 
0.081716100000 0.247229000000 0.225588000000 0.224229000000 
0.008605960000 0.474575000000 0.454902000000 0.454365000000 
0.020722900000 0.406051000000 0.386910000000 0.386156000000 
0.079306600000 0.247161000000 0.225974000000 0.223967000000 
0.038084000000 0.328784000000 0.307601000000 0.303256000000 
0.051576600000 0.297982000000 0.277171000000 0.274992000000 
0.098932700000 0.218813000000 0.196568000000 0.194676000000 
0.019592800000 0.408008000000 0.388914000000 0.388254000000 
0.026794400000 0.375143000000 0.356542000000 0.353107000000 
