3.0914054741659354 17.0603951932698 140.45725286486743 
2.0 47.0950315691005 1.1225433173374881 
2.778033875745038 22.125781477483464 139.70150100794083 
2.0 17.3478565837286 9.444659153749 
2.143576910837544 49.95590885950258 0.5329982912809589 
2.0 107.7296992499137 0.47160723191007736 
2.380045770066118 30.24632614980007 15.081774597643825 
2.2001153133937588 16.9778025940949 0.9722730208794539 
2.0 22.957035892644836 11.554996905332814 
2.0 17.105962669031943 12.979847059988638 
2.4646158104625013 37.36375915285226 17.93459665483286 
2.03669496434508 2.734446994961751 0.8599884603500996 
2.1649367764775196 16.852362867662368 23.279728311342918 
2.0494475106927124 90.39945817439352 1.0224498243386195 
2.0 7.039630764447544 0.8650853206288667 
2.0015455662025117 51.59145308937126 0.3194892067915016 
2.006106963049777 28.271087153403474 0.9034402419254663 
2.1167499380661 25.798437019622675 10.102811532072351 
2.008922251317839 30.9177992917975 0.22005258536654054 
2.0015557781276483 36.46743782057887 0.43336125893777033 
2.091895846797139 2.0 1.642375067396873 
2.012633651280631 42.345289529815616 0.2506560106989345 
4.18169956383335 2.0 2.261965463073361 
2.0403461174228954 45.73379419442539 0.4629950593941631 
2.232387769308337 12.985675300449671 1.1149195593652665 
2.0125577422040717 11.89360913816196 1.5430490248643252 
2.0092910568437468 8.751377879196266 1.4864200890854367 
2.0471315752176102 176.47423170235362 0.3675778066025038 
2.3344791895337784 12.946340744134213 3.6975236490609134 
2.0 55.44094470940748 0.9557035158153949 
2.0 2.0 0.03644163015172652 
2.0083806237132937 10.0236387420756 0.17365141497979097 
4.225258806970763 2.0 2.255190040310728 
2.1561578214809534 29.077825005678527 0.5635580595844814 
2.015809340351506 8.608132763583018 0.894174724119383 
2.138836278057954 32.99581670917035 0.40059491836071526 
2.0 31.309571983513248 17.188876134736983 
2.2652182718983265 19.648005000565654 0.6884895117080188 
2.0 19.14314688301335 8.056263004555811 
2.0136309550893303 21.174761547906776 14.785613260057008 
2.437027322673638 11.562083931095493 9.845599897035335 
2.0086912528625542 3.3112808955175552 1.0791102842051585 
2.0051892248523235 8.533471032642261 1.8377564778861335 
2.0196759625365215 37.98170485259131 0.3607928455467251 
2.0 18.464161639537643 195.97125844121499 
6.353725941017512 2.0 2.880861686569003 
2.0692442641082316 2.5897230638381963 1.4812269952778947 
2.0367248264142606 3.4778117633950405 0.8463922872119666 
2.031043316488392 38.37949915909932 0.152983156605047 
2.0 15.516888870054494 2.6863533616958253 
2.461070931876031 13.000250825193785 5.12845924564305 
4.785201368962198 2.0 2.832862334601143 
2.1129881154028474 17.982127661142954 7.23695282988551 
2.0 11.186249811485006 1.2201301366986015 
2.353749900110806 40.16759095158008 0.8115813924377782 
2.197569092486443 8.815711863554224 1.5722596197929635 
5.520946504610622 3.6638430586328425 4.431491516527889 
2.1919671105798946 36.53614553471788 0.6348395460015608 
6.89359871620738 2.0 5.01988827996453 
5.43092505897622 2.0 3.521823698065377 
10.7826324124106 2.0 3.8920777047641693 
2.2201606015976107 3.139804777737595 0.7965934711475389 
2.007106152568254 35.23915291715558 23.052634280640092 
5.5773234471029 2.0 3.3327174474138435 
7.484429539608365 2.2924361730465854 2.796252823451497 
4.262138434248618 2.0 2.097578133035075 
2.047616631182533 42.51738585081017 0.36951042679963964 
2.040181794606754 7.365294158259293 1.5520718726066063 
6.426722590989319 2.0 3.9596530765362767 
2.3495940661433776 33.66849650525654 0.4448713364304977 
2.171232334924211 13.492204029408562 8.553759058252936 
3.101725341659508 2.502444377797353 1.7062386352366605 
2.0 12.975029028985073 6.528076083226992 
7.159492222031356 2.0 4.70574306907383 
2.0 70.15060331538413 0.8779997438589968 
2.0240022391769865 38.43416473721663 0.5283287581751467 
3.109655132795323 7.208577238723158 0.14197599789338047 
2.187245012449293 10.092574339383141 1.3759539664038192 
2.3945055753981843 4.248725248626386 1.2670034404925699 
2.0 37.266641817951516 27.936206551229322 
2.231609533298745 4.159408046308785 1.8374633636379567 
7.251452068551393 2.002317025388425 2.6180054822136007 
6.107247078646203 2.0 4.184395863736735 
6.359005653941157 4.306315145188094 3.570962590658487 
5.195956210275959 2.150422811499333 2.640256034840834 
2.005955971723091 35.8886088458405 23.774530772628065 
2.2767999836869213 9.697233448458672 1.1269293640321174 
4.692323046032611 2.0 3.4715830514883894 
4.9491342196766235 2.5081866325985853 2.1793018088039644 
2.6229997951396875 2.0 1.4436785612884862 
2.4177358731658103 37.037261958572834 18.40963316592139 
3.467378616636064 2.0 2.901928805486866 
2.7241006004406016 20.797784331698615 141.79829126578258 
2.0 17.187142166845405 9.768770621258572 
5.802107729620142 2.122996701816782 2.779313627585257 
10.228025838853377 4.4596283517387505 3.6606987055645535 
5.093622393757389 4.160890288096205 3.247767459425016 
4.094712778898367 2.19854744620876 2.415096023007764 
2.1458194213498687 16.58705906980434 10.231133360834153 
4.6638866411344235 4.9764244952224574 5.747294653756166 
