0.052131700000 0.369631000000 0.363024000000 0.386202000000 
0.050822700000 0.382789000000 0.377691000000 0.401058000000 
0.450567000000 0.024052500000 0.022728100000 0.026510000000 
0.033946000000 0.547877000000 0.541617000000 0.554322000000 
0.037468000000 0.435009000000 0.430181000000 0.453560000000 
0.041093300000 0.424954000000 0.419391000000 0.443094000000 
0.539755000000 0.016177500000 0.014099500000 0.016090900000 
0.192266000000 0.120042000000 0.117313000000 0.128647000000 
0.329894000000 0.062644600000 0.060994200000 0.069185100000 
0.046455900000 0.408534000000 0.402813000000 0.424070000000 
0.035026600000 0.440730000000 0.436553000000 0.459011000000 
0.054555400000 0.296017000000 0.289221000000 0.302099000000 
0.034373800000 0.442282000000 0.438105000000 0.460833000000 
0.033377200000 0.548163000000 0.541931000000 0.554624000000 
0.113344000000 0.175467000000 0.171646000000 0.184330000000 
0.446648000000 0.027893200000 0.026506800000 0.030976200000 
0.408741000000 0.044713200000 0.043468000000 0.049860800000 
0.637124000000 0.000556648000 0.000433267000 0.000535678000 
0.036745500000 0.437505000000 0.433210000000 0.455585000000 
0.222088000000 0.093052100000 0.089679700000 0.099647000000 
0.033160700000 0.548248000000 0.542011000000 0.554701000000 
0.063552400000 0.262849000000 0.257092000000 0.269600000000 
0.085032000000 0.200654000000 0.195446000000 0.208549000000 
0.312534000000 0.065336700000 0.063113500000 0.071087200000 
0.035563500000 0.439493000000 0.435263000000 0.457794000000 
0.101744000000 0.178666000000 0.174274000000 0.186921000000 
0.078187000000 0.216637000000 0.211622000000 0.224702000000 
0.252066000000 0.084465900000 0.081916300000 0.091298700000 
0.155074000000 0.133472000000 0.128125000000 0.139168000000 
0.241479000000 0.092638900000 0.089941300000 0.099865800000 
0.170155000000 0.132965000000 0.129980000000 0.141843000000 
0.038570900000 0.425498000000 0.420418000000 0.443052000000 
0.242777000000 0.092299900000 0.089912000000 0.099960400000 
0.193676000000 0.112342000000 0.109190000000 0.120177000000 
0.175170000000 0.132658000000 0.129747000000 0.141473000000 
0.033680900000 0.548083000000 0.541836000000 0.554539000000 
0.505228000000 0.015729400000 0.014396800000 0.017173200000 
0.035784200000 0.439031000000 0.434790000000 0.457280000000 
0.570430000000 0.004031760000 0.003216680000 0.003697550000 
0.054681300000 0.282635000000 0.275158000000 0.288191000000 
0.562099000000 0.004753810000 0.003875220000 0.004448330000 
0.058898400000 0.275756000000 0.268893000000 0.281791000000 
0.609985000000 0.002824330000 0.002348640000 0.002909450000 
0.566330000000 0.004482610000 0.003655570000 0.004183250000 
0.294603000000 0.072411900000 0.070154100000 0.078794900000 
0.596591000000 0.003342960000 0.002852580000 0.003493410000 
0.083914300000 0.213643000000 0.208900000000 0.221978000000 
0.190519000000 0.123554000000 0.120721000000 0.132094000000 
0.062339300000 0.275834000000 0.268635000000 0.281233000000 
0.049304000000 0.395781000000 0.389316000000 0.410009000000 
0.615861000000 0.002402080000 0.002092520000 0.002631730000 
0.036963900000 0.435673000000 0.431321000000 0.453549000000 
0.077550900000 0.223705000000 0.218994000000 0.231769000000 
0.083401700000 0.215836000000 0.210997000000 0.224072000000 
0.415059000000 0.032197600000 0.030513600000 0.035200200000 
0.193161000000 0.114696000000 0.111895000000 0.122934000000 
0.085999000000 0.193311000000 0.187797000000 0.200978000000 
0.042326500000 0.414502000000 0.408930000000 0.431613000000 
0.089771300000 0.185007000000 0.179743000000 0.192896000000 
0.337196000000 0.055698900000 0.053639900000 0.060736300000 
0.037673500000 0.432199000000 0.427642000000 0.450549000000 
0.329877000000 0.062645200000 0.060995200000 0.069186300000 
0.066172600000 0.240092000000 0.233263000000 0.246355000000 
0.372589000000 0.049529300000 0.047896500000 0.054625900000 
0.142258000000 0.136816000000 0.132424000000 0.144420000000 
0.540798000000 0.008330310000 0.007214620000 0.008522960000 
0.123277000000 0.152225000000 0.147710000000 0.160116000000 
0.211755000000 0.100094000000 0.096942300000 0.107298000000 
0.070637200000 0.236481000000 0.230884000000 0.243788000000 
0.066250800000 0.237328000000 0.231215000000 0.244132000000 
0.616337000000 0.001611430000 0.001138630000 0.001294940000 
0.053169300000 0.306500000000 0.299051000000 0.312796000000 
0.085296200000 0.196277000000 0.190666000000 0.203897000000 
0.053473900000 0.300288000000 0.293420000000 0.306442000000 
