9.540499875090745 2.0 256.0 
19.769810703324005 2.0 210.71639369470864 
20.4793700060209 2.0 0.6662480415283412 
2.0 36.19653651680612 128.0 
21.386120915824606 2.7023538899518798 209.59116086944584 
11.755518380356506 2.8163886572949086 132.15123662874802 
78.84412903443904 2.8697498057280884 0.2740996067620343 
28.557998344610894 2.0001157347736997 1.6607753881047245 
60.52866338306166 2.0 1.0992373466987972 
14.732865784421843 3.317141090229919 13.30330062532002 
65.84676411124919 2.8533962287487666 18.2794533716226 
18.01567587631949 2.2606262763923333 5.129592509031209 
62.993195057898575 2.9387358516236435 20.10739870878486 
2.0 36.349481583279264 137.72104029496893 
16.281140470996657 2.1571809806529676 2.3611753071611785 
37.65119205444793 2.0 0.67814946846984 
97.0 2.0559744377230222 0.9437255734685999 
4.625958845153235 2.0 0.03879830032461129 
59.19745737688813 2.8316403774394794 17.530612134747827 
10.466986789133982 2.2700500458066184 1.4352500541641533 
2.0 35.869329008158076 140.95890123673416 
21.20734314912258 2.0117951337326505 3.9517437310817787 
10.404953148830469 2.3531228140677425 2.7753640811011504 
30.972305013473488 2.0 1.1194228770437316 
56.5885307467535 2.8598222599500787 18.251591688792146 
9.084211831001454 2.0 2.432674381249999 
10.983095239591776 2.388110135170016 3.0437784616286936 
17.715117989563623 2.0722833665710336 1.3153639520354707 
4.211544538435437 2.101060450154597 1.9044474521534922 
25.32300523660402 2.0977120192377874 1.4036796508440512 
28.31362922527284 2.0 1.8401307721148177 
21.350734437879268 2.8222610736261124 16.51292262611128 
28.773180145490898 2.094991924776968 1.359245827729998 
15.214405806826516 2.0987155374512585 1.6324104838601035 
30.192579554487708 2.011532859897018 1.8042678293251995 
2.0 35.7579778897062 134.6460463073813 
22.128416153335323 2.771544149378023 0.4415380219155499 
61.32152278772512 2.8498118133453794 18.00766159721477 
2.0 2.0 0.4143826488563427 
10.142865359012854 2.0 4.876201781381842 
2.0 2.0 0.44088161545217175 
10.878445645673873 2.0 4.575935722941582 
14.267433772749081 2.0170408536141116 0.18165448188721484 
2.0 2.0 0.4325446658220864 
31.08112815384247 2.0152139851074056 1.1595531778656323 
9.547814157268125 2.000404827126931 0.2415547320256628 
12.582390148689274 2.1695751264140393 2.9650490328957844 
34.41814605527652 2.1325597084782286 1.7421971926062094 
9.387801878616482 2.0 4.539065629823325 
10.572145187964411 3.006776715587396 12.523566501055566 
23.587188255242875 2.0 0.1360603422532501 
56.92701625846827 2.822520232566751 16.8284720132674 
21.122687668593898 2.001807669473025 3.0833223839211144 
12.971497224989744 2.1812344482483668 2.9925511541722614 
19.90777421362964 2.212344919684191 0.7747538915333949 
21.933000481674608 2.0216281646522716 1.6190912641858461 
7.674265604581356 2.4654000699793936 2.6716547985736554 
13.551776900906042 3.194701140262932 14.876050999915334 
8.21444925120424 2.0 2.5527473680727635 
31.37557024515612 2.036460344314962 1.0494053753135406 
25.70896555832396 3.0001178608478885 18.18620449484267 
55.1695912915253 2.00004208068698 1.0550111631844967 
8.409730183099116 2.2452304962083254 3.593431939055012 
48.27860219523812 2.134832390628048 0.8915837011485722 
7.959857714441058 2.153999025057083 1.9167472007069448 
6.279586279036087 2.0081214233781117 0.4250416504812486 
7.151040755005279 2.2714036036369336 2.117797945306328 
11.397671084567785 2.0 1.524057252897309 
10.997182093862818 2.0 3.4432697727530206 
10.177551286856412 2.0 3.4784834423948414 
2.0 2.0 0.28703490972623014 
11.681502366419991 2.0 5.87798182476125 
7.888973655316166 2.0 2.710216507720723 
17.585848116693736 2.3094418997839092 5.332674708084529 
