99.38518681855786 2.0 158.98213362703007 
28.126738882274967 2.241950142918288 0.06758482157713264 
2.0 192.0 0.8948559671744933 
2.0 22.980226419703335 256.0 
79.74768034009746 2.294651272275388 0.18221074835874562 
2.0 31.037242413445515 2.8582057063175954 
46.31995392863833 2.2760944073834017 0.2493769478265896 
93.09448921724466 3.16024685163681 0.5444713237035549 
2.0 6.6012502141132705 0.7776577796996316 
47.66479200299912 2.0 0.17947069988775777 
7.939235603543693 3.815032087697934 0.13623389193887614 
2.0 2.0 1.2821933390678453 
2.2357135268185884 8.99541880863285 1.973167619750869 
2.0 2.765167545119183 4.4174993729430545 
2.0 40.84771559751057 12.599245257778778 
2.370131235883683 87.15265704466826 0.5057038306620523 
2.0 3.1324821667748255 1.9731676197508818 
2.0 12.69602286561933 18.921612081232396 
2.0 18.154364948181048 20.13696454984442 
2.0 29.519458115846994 1.7273482224312156 
6.908935025436492 64.30961679736626 0.6083574610633029 
2.0 11.390163087486426 1.9603183548393663 
2.0 37.21387671420207 3.2850712357787013 
2.665403593571451 2.0 2.5522677169664565 
2.47332776361873 23.132600958290645 6.095713048154248 
2.0 12.561824956018992 4.593033566758538 
2.0 9.984398553032124 0.9592514767986309 
2.0 3.159692357149985 3.591092251165384 
2.0 23.48828177807207 3.35564388884434 
2.0 22.179081126448665 3.508236207048659 
2.211589141722255 62.38299012522665 5.911910198165458 
2.0 60.88041942674297 0.4844443421617246 
2.0 9.997291077009663 14.275004577764967 
2.0 30.90628983836739 1.9315734529137034 
2.467718144240925 22.02925604492614 11.638376461112907 
2.0 44.847241402502924 1.8608316250694719 
2.0 57.16142873658994 3.485121017087465 
2.197899473239847 55.26435431425961 6.344598775630578 
2.894271839626321 2.0 2.444600494074366 
2.0400200874010825 34.46110372191524 3.4529068658948145 
2.0 124.03856914508734 1.4653846165442435 
2.467497760249758 16.408195019562186 6.970430031146657 
3.0059274440473365 2.0 2.294931706376555 
2.0013029933661524 32.286670755447474 1.341992137216803 
2.0150298055646956 13.11879714361973 2.292967016837655 
3.017093004489438 3.0464689216530143 2.279964827606774 
2.0 78.7596158241875 1.8547137734972623 
2.0 2.4237465101943236 0.8925919945222485 
2.0135603796741504 30.32356856614569 1.8798658264276138 
2.0 74.04055082618581 3.1473922712121443 
3.2475855321057914 2.0 2.8274695071509193 
2.4723778329126933 17.81349151370752 3.1767307479482554 
2.0358172483386987 54.60356320577431 1.1783445411160254 
2.0 2.0 1.5240234677214843 
2.0028648467499175 6.533964882863565 2.485086108281458 
2.0 113.89172415210612 0.9989085828108824 
3.229799211687929 8.558183059589773 2.83763664530896 
2.0 2.0 1.4117557926206885 
2.599994571355316 2.0 2.529654784413817 
2.1969447934799042 7.552421568179476 1.2652675883497757 
2.3372027782866938 5.92365303867075 8.318291181466968 
2.048074829778894 4.7016357408955365 4.551554292914844 
2.3278120340193604 56.34901476236652 2.894629769999235 
2.3893105703842927 56.11901397570732 5.331346109751876 
2.0 42.48728057334728 2.962969196715737 
2.0 2.0 1.232963154561248 
2.0376734829405945 18.67437277716981 4.301206847096457 
2.01667352626193 14.57679697688144 0.6707950131623397 
2.0 10.804442956168069 3.6484337389355534 
2.2087504534153477 2.865281277416244 0.9955046450619642 
2.0 18.55576813352019 4.552610002858303 
2.0 15.237574014478056 1.7669733205834346 
2.0775039333664016 28.78255732744923 7.648589496456438 
2.0 2.0 1.44177417644118 
2.007698960188489 9.124672282299713 5.218232071012336 
2.0 3.4870883370646846 0.5424086578757983 
2.0 127.8804816002291 0.2172261959307651 
23.596904972369654 2.8548295447713814 0.11908520090728977 
2.035444254584179 10.080332257531271 6.477571984510394 
2.101054377737868 13.533687490341087 3.6511946393627386 
2.0358662184054435 7.835559684289981 7.688943804157178 
2.0535941113777842 53.14511926297685 5.20554827946416 
4.813719522400714 92.75140201805674 0.7181100382292287 
2.0 3.1176946015647893 2.047951144138554 
2.13540506537106 9.240792140351278 11.212729277649172 
2.0 22.252199766328587 27.508455148834514 
2.0388963585857427 10.867318685865909 6.900857703540364 
2.000166587688239 34.292765023017864 1.8173611140850947 
2.0 15.610856207246727 2.379695909091503 
2.3574325843783086 6.40161208057206 8.822998233587654 
2.0 3.6057985208601444 3.3573554102031977 
2.1037708312108103 26.507492917777608 3.180176530779538 
2.040309085915353 15.7401125840141 9.550079041606303 
3.010175781849324 2.0 2.111795172578977 
2.0 2.0 0.7259125552240957 
2.202831762876924 12.954469220836163 16.030095585511468 
2.001936273138929 26.293444933991935 1.9749550061220595 
2.0 9.223322331891715 10.201563671012575 
2.0000506955916286 17.722540138973002 4.390659777820251 
2.0 2.0 0.8477290530002735 
