3.1176610347749203 84.70389627319902 119.97279124396331 
58.20896616962624 2.0 1.5747952897496216 
2.308892061288886 76.76472190752048 128.86728788006454 
32.086962396277485 2.0 0.3259340475882766 
10.696226983499322 2.0 0.018737113604103683 
22.720455304957447 2.6742683965360836 0.8071543597730872 
14.54151700089703 2.049610731863046 1.8717576610751145 
16.364771539616054 2.6748820227585215 0.6748925514388364 
30.883125252385003 2.0 0.8963654607884441 
2.0 44.890317115604596 79.24685198564548 
50.369414996820076 2.0 1.396803629237303 
21.392741895902844 2.2207286196997313 2.688589849385449 
19.84867653172803 2.0 4.488765142551089 
30.62029998008216 2.1315004260099633 1.190047613433376 
21.976727626062807 2.006826473021244 2.2358866783452847 
29.978264584607018 2.0 2.1889978494280826 
20.33004448655302 2.0 2.3480759709786803 
3.1217073141308855 59.94927975349657 63.5686152180264 
16.779368134201547 2.245498078932863 0.5712306208617906 
44.89682268269357 2.12632997880292 1.6146356942910067 
12.386956086081675 2.0 5.140611986704321 
28.290680604235185 2.078997970415699 0.7948232550459713 
22.332490580620686 2.009515061169453 5.353385674502969 
50.4935954249812 2.191111452300665 1.4490063585711692 
24.36387959629644 2.0 1.345747586304014 
11.68123643193691 2.000683059717144 5.625244145667676 
46.06836102818497 2.2315819575684386 2.0377399462408246 
31.120606190607745 2.004977247171253 0.774553518498404 
9.37256954557907 2.310910663176088 3.027297946958142 
2.0 2.0 0.13523609298538197 
26.71842224551557 2.007063545142528 1.463233960855257 
3.333933602551104 41.46901046615525 250.1990565722122 
7.398201619438899 2.047530252308274 0.44115389787765225 
11.543089798208001 2.052460765116864 8.691477226878225 
41.85577918826185 2.389800853320018 1.1118929281901513 
2.0 27.42265496339056 27.32233843639878 
54.20678654929912 2.0 0.6587260751172934 
2.0 63.38077242203907 37.31097857858931 
56.602799828118975 2.0 1.3821454247854514 
8.975002853529688 2.4295715349730087 3.941192537520814 
11.546455834425473 2.0113750096300396 6.658042679278448 
12.934682793102766 2.22261713287109 0.6187611048296184 
24.60984269778112 2.0 0.14290814656356643 
22.448984491228615 2.5169997004375904 0.05224837911359359 
48.61017938323755 2.1441277609164335 0.43246858422818146 
10.150829430901716 2.0 4.41920878773316 
2.0 39.98172754696964 15.985986936957659 
19.338560675720927 2.2187017179606725 0.952508210198352 
30.311768876185358 2.0048457179167696 0.7598900347947106 
24.860766971323216 2.2970206828026294 2.29000705760379 
9.314118028717514 2.0 3.746260152278033 
12.186077611183274 2.0136670908926058 7.465931300020264 
35.546233520684986 2.1977773954883744 4.69357294087428 
35.17443643006976 2.102516045033162 0.47350940126889185 
39.96316467737962 3.2606431312612596 0.9378164616486072 
48.307585360036654 2.248033539781705 1.0906755639626764 
22.266288503633675 2.0 2.715378812479927 
35.21125063548392 2.4885428749910803 1.900178455917846 
36.84294073186366 2.0 0.27681590004859546 
14.61336858579467 2.1670860107545824 10.449691232181557 
45.78125633261103 2.4021233584636246 1.739305516701339 
13.281593040907183 2.3172610127867204 3.5283134415578092 
37.80002590652795 2.150015010652789 2.1773875125915043 
6.596268762974605 2.215750741812614 2.6845954140650807 
8.599009214322518 2.266091616595068 4.2414754463587245 
19.890951645616475 2.0080148126517186 4.800344880396839 
28.80438087242603 2.1281493205694026 1.706754766414273 
54.13217205527396 2.1703387935945857 0.3621598958258716 
46.48791717003081 2.2803189275989975 2.4638698024450814 
8.847746076773754 2.139919070282238 3.3183145938563907 
9.558460479196725 2.0442781140882755 2.5351366947381417 
2.0 43.209683685086056 29.405287822014145 
15.44132605974703 2.0187069344695217 1.664456336485718 
5.998348879164688 3.1188482550861774 0.5113123133587514 
77.18960902504895 2.021389398870215 1.174114577489236 
42.68305107980943 2.0 0.921180167549565 
37.507019320502096 2.011967193134183 2.747666131721522 
26.291660103058916 2.244433365321135 2.856455592797092 
90.39265459409772 2.0 1.2036180137412005 
6.8384407180378926 2.0 1.8598293354864295 
14.722462871265748 2.456166500367567 1.9428616670079213 
21.98301852587941 2.3175784240482344 3.4302812325457075 
9.384131321517213 2.4450088922580546 2.920353656136989 
2.0 47.05602732127415 18.709206516982462 
7.300787590692224 2.0009020891139118 6.312727597856558 
5.859583949334162 2.0607704574806704 1.1138473568604028 
26.26207666814537 2.0 1.2903125562003481 
28.375113232313762 2.135696231510841 1.6322709459632647 
15.396401968082609 2.4011766419474676 2.4049191533125955 
24.699489559696808 2.0 1.4601484338194686 
35.09862972781842 2.0 0.6362423644698576 
61.53010370706575 2.0294525467032916 0.8135045865707735 
8.987358069546854 2.1942165721507383 3.124900751219079 
12.31876700315302 2.0 6.059184244394686 
40.78699382433432 2.2968134929958794 1.1735610867777462 
36.579800262142975 2.2283357205515983 0.9697626084549711 
7.187659919621493 2.0028086645447316 6.911894786784807 
17.555678565780845 2.2114778826364327 3.572611788229476 
23.858288663095113 2.263765817636858 2.0216761047673844 
9.26343372349169 2.2481880347987 4.095665060425962 
