0.016180000000 0.340679000000 0.294644000000 0.297163000000 
0.012801200000 0.365795000000 0.321353000000 0.324989000000 
0.009773730000 0.375747000000 0.331887000000 0.335152000000 
0.008581640000 0.387922000000 0.344508000000 0.347266000000 
0.009568210000 0.384090000000 0.341252000000 0.344075000000 
0.008365150000 0.390021000000 0.348171000000 0.350142000000 
0.010653000000 0.371011000000 0.327037000000 0.329522000000 
0.007833960000 0.393802000000 0.351205000000 0.352868000000 
0.375134000000 0.007659190000 0.004457140000 0.004897940000 
0.356869000000 0.015612300000 0.009528760000 0.010217100000 
0.063719700000 0.203036000000 0.158800000000 0.161664000000 
0.293193000000 0.039888100000 0.026750000000 0.028432200000 
0.290741000000 0.040473100000 0.028554800000 0.029407400000 
0.013238400000 0.362050000000 0.317955000000 0.320450000000 
0.037921900000 0.246885000000 0.201404000000 0.204134000000 
0.069537600000 0.194927000000 0.151192000000 0.153985000000 
0.073596500000 0.194269000000 0.150652000000 0.153589000000 
0.029077100000 0.277764000000 0.232016000000 0.234629000000 
0.370219000000 0.007242830000 0.005068150000 0.005349890000 
0.321023000000 0.025978900000 0.018223500000 0.019002100000 
0.183107000000 0.094370700000 0.063673500000 0.065747500000 
0.028694600000 0.278929000000 0.233171000000 0.235785000000 
0.345104000000 0.018390900000 0.009558430000 0.010340600000 
0.040426300000 0.242837000000 0.197187000000 0.200281000000 
0.024723100000 0.298635000000 0.252860000000 0.255171000000 
0.092056800000 0.169644000000 0.127996000000 0.130753000000 
0.328635000000 0.023683600000 0.012531700000 0.013678800000 
0.408997000000 0.001473610000 0.000799700000 0.000920215000 
0.312575000000 0.032279800000 0.018949900000 0.019840400000 
0.130438000000 0.135115000000 0.097296900000 0.099786000000 
0.041398000000 0.242070000000 0.196435000000 0.199534000000 
0.035216300000 0.270035000000 0.224142000000 0.227252000000 
0.271027000000 0.046850500000 0.027540300000 0.029202200000 
0.348429000000 0.017321300000 0.008784530000 0.009715740000 
0.061765200000 0.206355000000 0.161953000000 0.164851000000 
0.273591000000 0.042131000000 0.024889200000 0.026251700000 
0.099319000000 0.156097000000 0.115817000000 0.118428000000 
0.416899000000 0.000543090000 0.000430406000 0.000479315000 
0.243315000000 0.058238400000 0.035863300000 0.037369200000 
0.022004100000 0.304680000000 0.258956000000 0.261497000000 
0.401171000000 0.002206080000 0.001220320000 0.001364090000 
0.029824700000 0.274874000000 0.229117000000 0.231733000000 
0.017667800000 0.327454000000 0.281533000000 0.284073000000 
0.046906000000 0.232651000000 0.187235000000 0.190339000000 
0.068164300000 0.199566000000 0.155970000000 0.158615000000 
0.020095800000 0.308104000000 0.262362000000 0.264907000000 
0.093247400000 0.166028000000 0.124698000000 0.127404000000 
0.083755000000 0.171828000000 0.129878000000 0.132453000000 
0.017412200000 0.337689000000 0.291455000000 0.293657000000 
0.394953000000 0.002989330000 0.001946830000 0.002109350000 
0.076172800000 0.187491000000 0.144312000000 0.147217000000 
0.044282000000 0.238098000000 0.192538000000 0.195642000000 
0.131897000000 0.129129000000 0.092227700000 0.094574200000 
0.156617000000 0.119297000000 0.084599700000 0.086773000000 
0.262015000000 0.048148200000 0.028762700000 0.030212100000 
0.025832700000 0.292910000000 0.247185000000 0.249530000000 
0.096264800000 0.159033000000 0.118261000000 0.120762000000 
0.229204000000 0.064864600000 0.041032800000 0.042734500000 
0.388939000000 0.004812790000 0.002358830000 0.002649610000 
0.250233000000 0.052974500000 0.032397000000 0.033944500000 
0.080374700000 0.177021000000 0.134605000000 0.137256000000 
0.018330100000 0.319724000000 0.273901000000 0.276436000000 
0.096150900000 0.161191000000 0.120394000000 0.123006000000 
0.282516000000 0.041024300000 0.023602500000 0.025144800000 
0.016618700000 0.337639000000 0.291607000000 0.294129000000 
0.173740000000 0.108797000000 0.075691400000 0.077745700000 
0.027555000000 0.286932000000 0.241189000000 0.243601000000 
0.325079000000 0.025297900000 0.016965500000 0.018083800000 
0.280655000000 0.042326400000 0.024428900000 0.026039500000 
0.036291100000 0.267160000000 0.221938000000 0.224781000000 
0.157229000000 0.117017000000 0.082035800000 0.084350000000 
0.049722700000 0.228825000000 0.183906000000 0.186656000000 
0.123382000000 0.141346000000 0.103155000000 0.105379000000 
0.177015000000 0.103734000000 0.071768800000 0.073846800000 
0.294071000000 0.035418100000 0.020013900000 0.021210500000 
0.316823000000 0.028021900000 0.015165300000 0.016435100000 
0.047633200000 0.231003000000 0.185599000000 0.188679000000 
0.112988000000 0.146379000000 0.107179000000 0.109714000000 
0.111247000000 0.153234000000 0.113158000000 0.115774000000 
0.052444000000 0.223301000000 0.178216000000 0.181279000000 
0.119636000000 0.144151000000 0.104887000000 0.107814000000 
0.359988000000 0.012373500000 0.008100600000 0.008721640000 
0.060987900000 0.215904000000 0.172073000000 0.174919000000 
0.018898000000 0.313511000000 0.267726000000 0.270291000000 
0.256433000000 0.049881500000 0.030227200000 0.031720100000 
0.018002000000 0.321734000000 0.275887000000 0.278430000000 
0.305017000000 0.034272600000 0.019964300000 0.021092600000 
0.198572000000 0.086103600000 0.057317100000 0.059047000000 
0.055840500000 0.219182000000 0.174699000000 0.177454000000 
0.337810000000 0.021252500000 0.011294600000 0.012124200000 
0.212810000000 0.073293000000 0.047326200000 0.049142600000 
0.185915000000 0.089272700000 0.059233000000 0.061417600000 
0.201675000000 0.080329700000 0.052474300000 0.054330400000 
0.298273000000 0.035005000000 0.019580100000 0.021022400000 
0.209002000000 0.074959000000 0.048597800000 0.050415400000 
0.138472000000 0.122503000000 0.086629400000 0.088934700000 
0.165327000000 0.116421000000 0.082700800000 0.084278500000 
0.381371000000 0.007188650000 0.003429370000 0.003876520000 
0.208965000000 0.079729500000 0.051732900000 0.053853900000 
0.125162000000 0.141204000000 0.102587000000 0.105093000000 
