6.00326723590355 2.0 145.831059627365 
2.548038562128604 4.552143399259114 129.80722084623676 
2.985679594125224 6.044776982096531 132.3098596634871 
3.498178069555296 9.982293079301805 190.63336205703 
2.9177787075758053 8.471617735408627 177.0133791492693 
3.8908006886059936 7.66642891491685 175.15750704637443 
3.8446053542488943 4.8144406169015035 132.842501317348 
3.5622111249046027 10.113270807791276 117.88958107342197 
2.055522134577569 19.346612595793346 0.3234671300176528 
2.0562565137349793 19.303969820239843 0.4571234883808486 
4.623430458947032 2.0 2.208834684213201 
2.0 97.0 0.6655220906576824 
5.5592819121501265 45.43606138550793 0.5703617395939249 
4.232104778726132 4.967984565605441 7.219339156151567 
5.5325948867798465 2.0 2.8579973545634605 
4.882670031782638 2.1878919504591523 2.107778767983297 
4.087176620928023 2.0 2.1207247661657536 
5.5031457487293745 2.0 3.6017352058094136 
3.2618251952435973 34.59424680087595 0.06803241671559793 
3.2511847384043806 82.45574521994254 0.11719951845305052 
2.800816974592847 2.0 1.2129600850630464 
5.661847390966061 2.0 3.637381014309049 
7.008942490533048 2.1793041298172593 0.545476501995434 
4.6452524271993765 2.394054849667842 2.8332792281888666 
7.6297811824665 2.0000127440110425 4.569373852497395 
3.488194668496953 2.0 1.8214937243926617 
2.000178146801619 2.0 0.6437133987197787 
3.700875420744958 2.0 0.16750567301830577 
7.3983545181412005 3.273777327674332 0.6488669878480415 
3.272369047980747 2.206264202258879 1.518007255496392 
5.1413501601311244 2.0 2.8286445335896864 
5.0162845030556005 2.0 3.4584263494962317 
2.4309192372153188 2.3890717480823627 0.8626107088949642 
2.0 2.0 0.5656375567666783 
5.203338644947077 2.26955465164258 2.244464949577841 
3.1115267928579646 2.0 0.8211569483174799 
3.534751559289992 2.2993269402973584 1.7011401822879817 
2.0 2.0 2.049801508843263E-4 
4.527401994065407 2.014218402023979 0.9380903518469899 
5.9833783324662875 2.0003419515561673 4.753058508739369 
10.764404862002777 2.879817882533824 0.13240489773838782 
6.074283985439968 2.1793292745713684 3.515391946126515 
6.314984697060086 2.0 7.0262360484158215 
5.464532393328076 2.0168763203209714 2.659467691446776 
5.860151945861015 2.0 2.1705421705840164 
6.392423451501489 2.2908007124241268 4.958428017503559 
4.145967334141542 2.4132352166500324 1.8094623934687022 
4.972491271651055 2.297204653424056 1.8536792587092505 
8.094300702019309 2.0 9.00301699723422 
8.37029921025548 6.328803331042664 0.16735725983725103 
4.027230349713013 2.3269251187664617 2.0390471845801756 
4.509881450330082 2.1547754216906627 2.7534174801049724 
3.5703948674114216 2.2704425905985444 1.4718452919362155 
11.685420350984145 2.078777728209858 1.391986330648229 
4.0980370528422405 2.0 0.8603606151664445 
7.894481691091556 2.0014145421987477 4.2988553767010815 
4.522555735767612 2.2957129271671777 1.714532965887461 
2.694974062148991 2.150733235036786 0.9966698771759637 
3.2880751620056277 2.286293052482187 0.33768392885397136 
2.56051088583658 2.390064451123545 0.9008806214231356 
4.742283074015913 2.0 1.9046132574022354 
6.1754350577917645 2.0 5.864832059914839 
3.908519328866632 2.208322847516772 1.7602987679391187 
2.0189956001380454 2.182943351303403 0.8135518970506941 
6.311341319166672 2.0 9.599502310092593 
12.808209048850953 2.0 1.3084896504340096 
7.707899958431075 2.3867978263467635 4.005439832777934 
2.965666179047604 72.11153495840173 0.13717553508750324 
2.292455649660194 2.2543840157086534 0.8269502454056952 
9.215510208414168 2.085040441836002 3.301972810997102 
3.124550557846515 2.201887718229841 1.3742630699800356 
8.222500577725478 2.1083606859462822 2.59263466342543 
6.92408909499316 2.144690413730034 1.5736594616742465 
8.773994616597566 2.0 1.2864268549130458 
5.354785980175224 2.0 0.737646911717729 
2.0 2.0 0.6912178013362209 
4.778006723371486 2.0733519272083702 2.6213315229112943 
3.65567123686378 2.3087051162887287 1.6219334707229107 
3.181694951117308 2.0 1.6659076238625627 
4.616243095992498 2.252258890590191 2.5011518915567033 
2.0 2.1562306502675765 1.6336608402416837 
3.784677010514609 33.8838209547498 0.23677951992692983 
10.392366497598598 2.0 2.385193825534767 
5.690183019277175 2.321393201233941 5.343427725832965 
2.872089313054915 2.0187908822885148 0.8806769973074203 
5.81021043500177 2.219889832248093 6.168023581458392 
4.410311847589975 2.605262197238642 0.7010678031048219 
6.948053801258597 2.0 1.1384941082448892 
7.871934986702279 2.194002644909725 2.455007964972533 
7.108807133059983 2.0602525414180093 0.5828230507531693 
2.613272912023588 2.3050806367977446 1.060533188694231 
2.3552664362658193 2.466787286239879 1.1773704898846553 
3.514488116311539 2.3088305974965255 1.1087578522184636 
2.1657768133667687 2.155337087896906 0.7591463347832104 
2.9727504813079637 2.457068277397719 1.0726355083471555 
3.847485699076655 2.381826058226874 1.424875231311227 
2.4728700524962646 2.702692672799137 1.4140600278529396 
2.0 2.308779675522947 0.3913684857086138 
2.4562709984712137 2.0 1.1122731169839168 
3.027798939320942 2.2916004672878345 1.5632623223480302 
