0.004617690000 0.178078000000 0.151364000000 0.157711000000 
0.011498900000 0.144529000000 0.117745000000 0.124230000000 
0.009885790000 0.150475000000 0.122738000000 0.129949000000 
0.010363100000 0.148088000000 0.120332000000 0.127083000000 
0.223392000000 0.005694070000 0.004426220000 0.004674590000 
0.262256000000 0.001183580000 0.000785206000 0.000836067000 
0.149757000000 0.019541400000 0.015451300000 0.016158200000 
0.270092000000 0.000392052000 0.000271421000 0.000291629000 
0.057092200000 0.068506400000 0.053853100000 0.056590000000 
0.062769900000 0.063271400000 0.049569900000 0.052043600000 
0.011666800000 0.139355000000 0.115031000000 0.120587000000 
0.009193420000 0.152907000000 0.125025000000 0.132299000000 
0.069058900000 0.057964400000 0.045049600000 0.047521800000 
0.053939800000 0.071622600000 0.055769800000 0.058684300000 
0.086998500000 0.046329100000 0.035974100000 0.037894200000 
0.044842700000 0.081893300000 0.064222100000 0.067622100000 
0.033713800000 0.092313400000 0.072782600000 0.077034000000 
0.115599000000 0.031317900000 0.024475600000 0.025701400000 
0.025312400000 0.107240000000 0.084659100000 0.090434000000 
0.164478000000 0.015569200000 0.012381800000 0.012925100000 
0.027717600000 0.100229000000 0.079378100000 0.083987800000 
0.097119800000 0.041247100000 0.032030300000 0.033711400000 
0.119056000000 0.029269400000 0.022896800000 0.024027400000 
0.007726190000 0.158154000000 0.129987000000 0.137350000000 
0.013586500000 0.135201000000 0.110594000000 0.116196000000 
0.059825400000 0.064936500000 0.050583900000 0.053433000000 
0.018000600000 0.126496000000 0.101623000000 0.108110000000 
0.031706300000 0.096620500000 0.076350000000 0.080807100000 
0.175086000000 0.013400300000 0.010722600000 0.011180100000 
0.123333000000 0.028285700000 0.022136600000 0.023235000000 
0.169985000000 0.014461900000 0.011542300000 0.012039300000 
0.155305000000 0.017715700000 0.014051900000 0.014683700000 
0.004806520000 0.178022000000 0.151310000000 0.157655000000 
0.187475000000 0.010864300000 0.008720850000 0.009084700000 
0.133574000000 0.025140100000 0.019777100000 0.020724600000 
0.106241000000 0.035597500000 0.027701800000 0.029128200000 
0.030263900000 0.098789100000 0.078492100000 0.082629700000 
0.160610000000 0.016535500000 0.013143800000 0.013730600000 
0.022258800000 0.113139000000 0.089079600000 0.095312500000 
0.033206500000 0.094061400000 0.074764100000 0.078796200000 
0.066458200000 0.058810200000 0.045711900000 0.048232400000 
0.034483400000 0.090163100000 0.071013100000 0.075153600000 
0.102480000000 0.037370600000 0.029077600000 0.030576100000 
0.064554700000 0.061249000000 0.047650500000 0.050308300000 
0.112392000000 0.032704100000 0.025501400000 0.026791200000 
0.098956600000 0.039017100000 0.030364500000 0.031940900000 
0.041627900000 0.083380500000 0.065971500000 0.069376700000 
0.006817340000 0.163518000000 0.135772000000 0.142606000000 
0.251684000000 0.001330080000 0.000934985000 0.001008980000 
0.179159000000 0.012271600000 0.009826530000 0.010240900000 
0.089478500000 0.044717800000 0.034767900000 0.036405900000 
0.018637200000 0.123350000000 0.100298000000 0.105455000000 
0.021290800000 0.115394000000 0.091103900000 0.097449500000 
0.057777900000 0.066925500000 0.052187600000 0.055142300000 
0.006172180000 0.166294000000 0.138416000000 0.145297000000 
0.202814000000 0.008170820000 0.006530200000 0.006793740000 
0.054605000000 0.070551300000 0.055054100000 0.058204700000 
0.139302000000 0.022922000000 0.017934200000 0.018746200000 
0.035815700000 0.088074200000 0.069256400000 0.073312200000 
0.079289400000 0.050666300000 0.039332300000 0.041449000000 
0.012949900000 0.137054000000 0.112253000000 0.117913000000 
0.049688800000 0.076703500000 0.060225100000 0.063507800000 
0.050515200000 0.075352600000 0.058833100000 0.061915300000 
0.129427000000 0.026637800000 0.020895400000 0.021915600000 
0.143561000000 0.021759200000 0.016978100000 0.017737700000 
0.022598300000 0.109222000000 0.086365300000 0.092226000000 
0.007065300000 0.159139000000 0.132886000000 0.138985000000 
0.076434600000 0.052514000000 0.040756700000 0.042958600000 
0.046649500000 0.078831300000 0.061695600000 0.064918300000 
0.228245000000 0.004802370000 0.003432630000 0.003729580000 
0.280050000000 0.000056940800 0.000005178410 0.000002959730 
0.005017760000 0.171541000000 0.144766000000 0.151063000000 
0.192568000000 0.009884060000 0.007931510000 0.008257820000 
0.092425800000 0.043312700000 0.033624100000 0.035400400000 
0.005639550000 0.173477000000 0.144645000000 0.152171000000 
0.027102000000 0.104558000000 0.083040100000 0.087890100000 
0.240883000000 0.002606200000 0.001861970000 0.002022250000 
0.020533600000 0.116667000000 0.093982100000 0.098884700000 
0.083379700000 0.047692500000 0.037018700000 0.039007000000 
0.211902000000 0.006958930000 0.005559730000 0.005796570000 
0.019065900000 0.119647000000 0.096605000000 0.101609000000 
0.196882000000 0.009170700000 0.007383050000 0.007685260000 
0.245038000000 0.002053040000 0.001465290000 0.001585630000 
0.236910000000 0.003618920000 0.002632860000 0.002818710000 
0.081471400000 0.048578300000 0.037701900000 0.039726800000 
0.005909920000 0.167602000000 0.141285000000 0.147561000000 
0.025264700000 0.108983000000 0.087884600000 0.092316800000 
0.233829000000 0.004406050000 0.003452260000 0.003634010000 
0.008168220000 0.150708000000 0.125413000000 0.131323000000 
0.015763300000 0.128144000000 0.102190000000 0.109033000000 
0.014472000000 0.130099000000 0.105970000000 0.111388000000 
0.109983000000 0.034058300000 0.026528300000 0.027887600000 
0.006840230000 0.161776000000 0.133420000000 0.140848000000 
0.076097000000 0.054431100000 0.042477500000 0.044543700000 
0.010573400000 0.144386000000 0.119227000000 0.124901000000 
0.040218400000 0.084503600000 0.066300300000 0.070149100000 
0.007364270000 0.156088000000 0.130046000000 0.136059000000 
0.014439100000 0.132106000000 0.108124000000 0.113585000000 
0.218103000000 0.006846370000 0.005043320000 0.005401730000 
0.074190100000 0.056628800000 0.043318700000 0.046355700000 
