2.0 16.733535752529615 46.10986087869642 
7.1688372803953 2.071246118173504 2.701830709993402 
6.077234494481411 2.00733601331527 2.8026548391486106 
5.400029078932887 2.393029264773273 2.6448938299549494 
3.186140543893383 2.0 0.5609810649070583 
4.016518242955294 7.592834762867675 0.2533287500607022 
2.308153199298474 2.484730999922338 0.9095195616004442 
2.204225023457804 15.987186998633108 0.1960998354361174 
2.0 3.1567929960536993 1.4638127466819844 
2.0866784693836697 2.8953656114458917 1.4003303768513848 
2.112233092191545 6.612645807912557 2.597220741243276 
6.083440584373824 2.0 2.8712659871006956 
2.0 2.0 1.3430997943073704 
2.0 4.967192298617144 1.475972724730465 
2.3723032436460025 2.0 1.2278182762028813 
2.4400210246777165 5.380479952705531 1.600465489222576 
2.020816679547744 2.180358623058447 1.7055269557844295 
2.0 2.0 1.06256318638941 
3.7630292901311826 2.0 1.9168366028254036 
2.0 2.0 0.8423302360224847 
2.0 2.0 1.8030211659061037 
2.0 2.1953311348494613 1.1720396908606503 
2.157658917699326 2.006762765252723 1.0393750800331487 
5.939753418516394 2.0 3.0712146213925062 
2.0539940622785307 5.2807655900056245 2.3991088414270347 
2.113590959883676 2.0 1.4078421951601006 
4.0124995200400395 2.0 2.283361072573088 
2.0 2.0031659375085824 1.7587777156947308 
2.0813531116392054 2.103866796093736 0.7970264761643978 
2.4733512659674317 2.0062388032098473 1.0276808561091724 
2.069630197577429 2.0 0.822319171947764 
2.140627239227144 2.241483274314424 0.8797891896910768 
2.3286549345345393 17.10616712659238 5.802899040606001 
2.0 2.0 0.7423296699791762 
2.000233473138625 2.0 0.9881490296481239 
2.0 2.043516068404026 1.1095363319611051 
2.0 4.902800493977946 1.8063174741025678 
2.0 2.0 0.8570026639160615 
2.9383464480420063 2.036296650221943 1.9907280930460258 
2.3551985430238425 3.8380019913843544 1.755560330960908 
2.294699886244071 2.0 1.3481724761757992 
2.4908052629667523 2.0440915343033956 1.6814002770424257 
2.084075304090961 2.1287843908209982 1.1335097781823515 
2.0 2.0 1.3726657138861347 
2.126595063265376 2.0 1.0825292458994453 
2.0312988831603946 2.0 1.1508317735923148 
2.1903514405627473 6.118262629620009 1.6381135348969975 
7.129790978037798 2.0 3.409776009025469 
2.4692492114719355 27.04425594314712 0.2681533172144501 
2.125722943080887 2.0 0.7770792377691784 
2.0 2.7862382883232177 1.2053103272409822 
2.017161253402218 3.8801562979277864 2.2389054995013424 
2.5441048634371217 2.0 2.030785007041542 
2.0 2.1409290439179505 1.429003268014569 
7.320634410066835 2.30149611489544 3.5430237942574063 
2.3533892173476647 2.24873215905448 0.675084497629161 
2.2518645068906915 2.0 1.464207061274202 
2.0172510687338563 3.052378771944182 0.9495866750863755 
2.0 2.0 1.6604061146400648 
2.0 2.0 1.2695672201131403 
2.024370858480537 5.187270034460035 2.452131915765253 
2.4736802539824176 4.448187271746177 1.5404677819593948 
2.453953674820883 4.594921854585817 1.5234367997383207 
2.342587530157872 2.12265519079574 1.0097261900690864 
2.3818782366748814 2.995900247519827 0.9339250512213084 
4.033502885249664 2.0 1.9578888226118543 
2.0 8.657797375087823 3.2905838109310817 
2.401384881307794 2.0 1.2899860161659271 
2.3830083606360235 5.317486553182105 1.5603877854158505 
2.0051605534677424 30.77573106898823 0.47797038934172453 
2.147880786140647 2.107820429618186 0.1319211561923373 
2.357484996151294 9.130392441388448 5.55044359053056 
2.0 2.3300300586424196 0.7224357325771895 
2.0 2.334238278135964 1.1966180930818124 
6.3994422967425955 2.0 4.470995253628088 
2.0056695084147997 2.0 1.8635586829786934 
2.114568012531299 27.55932099917838 0.41535719713857966 
2.0997246074744136 4.657621129327898 2.045484075149884 
2.350065591655396 2.1471287068078913 1.2372999925140258 
2.0 2.0 0.6380652837195435 
2.0 4.8533074475373885 2.101662807178847 
2.165551814535042 2.0 0.7022568891646758 
2.0 26.968588969750133 0.36491773269294625 
7.815290510792679 2.120213780406942 0.452503551354829 
2.0 2.0 1.2490825641415633 
2.0535875969950728 7.115229278440805 4.144929776689372 
2.2220091857543607 6.997263427955463 1.9862265326905755 
2.0 2.0 0.5372706293260694 
2.0 6.9149165159507895 2.9540732512932517 
2.8620306472077406 2.0178911438140004 2.264171930717266 
2.103676285851631 4.694481061427651 2.30166627835022 
2.000028292328541 2.0000000287420034 1.0986726832607236 
6.405036096413255 2.0 3.252421775738557 
2.011838916927403 2.9524217895297986 1.3084609482574585 
2.0 8.937209862806526 2.699942118724416 
2.1882044861122094 2.0005865964404106 1.6192466940212789 
2.0 8.687040605571791 3.138738110471509 
2.0 3.688407552602577 2.426415827764253 
2.1210362090169146 7.698572842408874 0.5950033133815289 
3.137298471224403 2.0 1.333044309388109 
