2.0 39.973630737076846 0.0 
2.0 35.52477112636159 0.0 
11.5879531101412 2.9047239986615248 14.561556790728048 
8.390796076083369 2.0055867214332976 1.1827903721863713 
7.073152096980865 2.0049895816232572 1.391816539120731 
3.978713146151394 2.0 1.3620251531586722 
4.479542297215573 2.0 0.4753631087809538 
6.4624561291453695 2.0 1.2731772377929615 
14.622010542744324 3.0457167110019623 19.15462491151917 
4.270966425181713 2.0859292828726637 1.5596041254996744 
2.0 2.0 0.09505461325758802 
2.1128577740733143 2.052106797231757 0.4677139986180163 
8.334415285606969 2.0 1.8513165850213325 
7.952448393055013 2.0 3.474002643760066 
10.04161136343478 2.0764735758250583 3.1437246905846727 
10.482098776278963 2.130226190414078 2.9181066165067646 
6.388573417150868 2.1757053048994677 1.817131846997515 
11.100445009245961 2.0 2.4295710699171904 
9.895893219422996 2.217435539830656 1.6881336463960999 
4.47782951025742 2.1062762489789044 1.515697446930306 
8.25174620240757 2.1802419898915346 4.58400278358064 
10.214358929942232 2.0221547121160413 5.770862901336872 
10.3593311771641 2.8694471511235795 12.518956951711596 
2.483194193826316 2.059691309511325 0.44313505681786103 
7.080585345905455 2.0 0.8047204621019581 
2.8460280620482745 2.0 0.6704569331938237 
2.9693917592537176 2.389185980474434 0.17512731196194686 
58.73940668833975 2.5641514960167133 20.000723102887168 
14.371216423842158 3.289177670964806 15.60111500669911 
8.058202547164562 2.376606251795387 3.07495422027221 
8.041511810338491 2.0 1.921008521496595 
5.295293147179073 2.168027782102995 0.9870583452525439 
3.013919383393405 2.225116748689971 0.6893786713533998 
6.748673042965379 2.0386774667618797 1.2897936854467693 
6.571912749235008 2.15543287311387 2.1863234203621538 
21.197932163700333 2.7154810581385456 18.955528274729 
8.419896752032288 2.0 1.982344277510006 
9.931543396906186 2.034313927095822 5.425795896033895 
2.0 2.3728222786843345 0.5006169910925626 
2.832953249428958 2.0 0.6373715142396703 
2.0 3.41225665942852 0.17974066033339642 
19.594933462860624 2.4377973286894057 19.328465993794183 
10.14379920402308 2.0 2.6953815242754304 
6.447910638364127 2.1999071995512813 1.3724163070205662 
2.0 2.3987130801242587 0.624159061060316 
4.820863257928138 2.355870833777359 0.7826048619953763 
5.691416845348806 2.733420497036472 17.609291251962766 
7.83021289447528 2.1146081007847775 3.665117517650744 
2.825051405856294 38.928987033939116 0.0 
3.3376239122846787 2.176882799180037 0.3701684363850063 
7.272899743690942 2.0 0.23102716659960976 
6.833281458286095 2.3181145749378165 2.28755229885364 
7.809313296091269 2.0 1.891537225251384 
3.2860316690807623 2.8776245464195784 0.694544760965056 
8.355355266098684 2.0 2.0406132042549174 
6.022989484230673 2.1887760303972725 1.6639405956047129 
28.43662728363208 2.921981700304818 19.567018740194175 
3.853719854344699 2.1099726456607915 0.8018224904258755 
6.9380556824901465 2.0689877929660647 3.356510210682908 
5.822342692526519 2.1772723358200046 1.750120019065788 
7.5845663638465215 2.0112613065586378 5.526650519624271 
6.66644482927407 2.00796392928454 1.1520039237547253 
5.868643752252874 2.1013930951336306 2.142354087602511 
2.7729497704278336 2.2025461164081044 0.32780737782268116 
10.015928382480269 2.0 4.450975000680693 
10.964077977217439 2.1773037667598616 3.9025076666190732 
11.439066046251742 2.2628967781661777 2.4014356848965326 
8.423773716298015 2.0642878319038043 2.5450732648190852 
10.352689252446515 2.1163633669509894 2.813958344870323 
7.56475157427125 2.2122974455838764 5.030954426798717 
7.286643352549751 2.1529497640614412 2.359182603005121 
5.448398494987124 2.0300219674239095 0.9636220765755044 
6.539708927669924 2.0 0.8346970741760026 
5.740750790872518 2.0 0.7269802633606823 
6.61311291477141 2.0 2.134338365939826 
6.051211605579299 2.226904180203234 1.4831421017515085 
8.401103329799142 2.2057681590495526 2.57138233061942 
8.085929596090233 2.1887281356629846 1.7932709916531175 
11.135330987487755 2.2272908358986645 3.9967229312883195 
6.371382549415415 2.23469860773748 1.2248611546533086 
7.793121987822402 2.088790629266181 1.2364945790282387 
2.0 2.800593014447646 0.49822515968094405 
11.26671381080358 2.2483229331850354 4.1524721863341 
7.604982828705504 2.477673533729072 3.8389727858358684 
8.498022608016386 2.234339466690613 2.249991904730419 
6.567247478613459 2.023499394849116 1.0725815415541429 
3.7068319119489415 2.0 1.5944331637690718 
12.236185193712574 3.320349699038389 19.042638901948987 
4.740076866465104 2.177650036982509 0.8971940791202828 
5.619573665151303 2.0732611753287262 1.039899383943285 
9.610713656871656 2.046263424587475 2.6374738552165597 
6.427536789420518 2.2836127005136935 0.9780260961232503 
3.8542518729094977 2.0774882473105873 0.6804812247237346 
6.136818080291825 2.462572687571809 2.857430096392954 
5.857739904601087 2.254541009999635 0.8924665496332432 
5.353029956207714 2.49385980301525 1.4498825415846914 
3.9150415515280064 2.1129932919839 1.0121556035785044 
10.054723275582601 2.0 6.315133127468371 
8.192687161683443 2.0427446036942145 5.241136508112723 
5.94806020258657 2.248393647183053 1.1108891433085208 
