0.011728800000 0.479364000000 0.431184000000 0.418749000000 
0.011155600000 0.488588000000 0.441086000000 0.428741000000 
0.015853400000 0.440824000000 0.389965000000 0.376985000000 
0.011660100000 0.485208000000 0.436858000000 0.424425000000 
0.012836900000 0.449323000000 0.398683000000 0.385960000000 
0.011813200000 0.479319000000 0.431214000000 0.418567000000 
0.012502200000 0.452105000000 0.401624000000 0.389073000000 
0.467200000000 0.001119770000 0.000690990000 0.000681132000 
0.125405000000 0.169255000000 0.128687000000 0.120082000000 
0.226029000000 0.083402000000 0.057364400000 0.053972000000 
0.106706000000 0.193320000000 0.147520000000 0.139415000000 
0.162415000000 0.136756000000 0.098059200000 0.092719800000 
0.295050000000 0.050082200000 0.030683200000 0.029567900000 
0.200224000000 0.106685000000 0.073588700000 0.069771700000 
0.102605000000 0.197462000000 0.151307000000 0.143056000000 
0.245173000000 0.075716900000 0.051268600000 0.048398000000 
0.322292000000 0.037790100000 0.022210900000 0.021571500000 
0.143581000000 0.155792000000 0.114131000000 0.107782000000 
0.094219200000 0.204807000000 0.157521000000 0.149093000000 
0.090943300000 0.210766000000 0.162737000000 0.153851000000 
0.145929000000 0.147960000000 0.107453000000 0.101520000000 
0.034524400000 0.322462000000 0.270078000000 0.257060000000 
0.439792000000 0.005414290000 0.002730400000 0.002658900000 
0.255556000000 0.069393600000 0.044706300000 0.042782900000 
0.017960100000 0.425168000000 0.373504000000 0.358650000000 
0.115926000000 0.180777000000 0.136055000000 0.128736000000 
0.197462000000 0.109347000000 0.075661300000 0.071733600000 
0.138682000000 0.157380000000 0.115719000000 0.109452000000 
0.348273000000 0.031520300000 0.018876300000 0.017965400000 
0.212208000000 0.096868700000 0.065756300000 0.062473500000 
0.173775000000 0.125693000000 0.088932000000 0.084155400000 
0.478388000000 0.000321167000 0.000192169000 0.000185018000 
0.425922000000 0.008129150000 0.004221350000 0.004136870000 
0.043995900000 0.287466000000 0.235343000000 0.223439000000 
0.123408000000 0.176126000000 0.131924000000 0.124818000000 
0.057765000000 0.254927000000 0.204213000000 0.193463000000 
0.071854600000 0.229896000000 0.180624000000 0.170992000000 
0.219821000000 0.088138100000 0.060993800000 0.057350300000 
0.019448300000 0.385342000000 0.331317000000 0.317398000000 
0.049368400000 0.280451000000 0.227898000000 0.216436000000 
0.053475900000 0.275389000000 0.223776000000 0.212672000000 
0.264744000000 0.063213000000 0.040153900000 0.038487500000 
0.131226000000 0.157044000000 0.118311000000 0.109671000000 
0.234512000000 0.082548100000 0.054634000000 0.052070700000 
0.414402000000 0.010390000000 0.005851150000 0.005765360000 
0.054296500000 0.264371000000 0.212739000000 0.201867000000 
0.040011900000 0.299088000000 0.246719000000 0.234517000000 
0.020007600000 0.375464000000 0.321369000000 0.307613000000 
0.041856300000 0.291612000000 0.239747000000 0.227657000000 
0.059704800000 0.249492000000 0.199073000000 0.188577000000 
0.177691000000 0.122563000000 0.086386100000 0.081795200000 
0.066545000000 0.242140000000 0.191773000000 0.181520000000 
0.034955000000 0.316932000000 0.264627000000 0.251705000000 
0.016621600000 0.438335000000 0.387020000000 0.372821000000 
0.368813000000 0.025805100000 0.015296000000 0.014569100000 
0.146158000000 0.147182000000 0.106803000000 0.100921000000 
0.037924300000 0.312550000000 0.259268000000 0.246870000000 
0.453253000000 0.003587570000 0.002063540000 0.002066880000 
0.014504000000 0.444823000000 0.394054000000 0.381128000000 
0.040633700000 0.297170000000 0.245159000000 0.232878000000 
0.238581000000 0.079059900000 0.051968200000 0.049593900000 
0.478415000000 0.000321300000 0.000192129000 0.000185017000 
0.070461800000 0.232448000000 0.183050000000 0.173291000000 
0.065305700000 0.245525000000 0.195044000000 0.184819000000 
0.026141600000 0.352075000000 0.298569000000 0.285071000000 
0.382511000000 0.019641700000 0.010575500000 0.010516700000 
0.031859400000 0.328465000000 0.276030000000 0.262848000000 
0.331319000000 0.037404400000 0.022744200000 0.021755700000 
0.016954400000 0.428314000000 0.376669000000 0.361912000000 
0.025485500000 0.364851000000 0.311468000000 0.297673000000 
0.391317000000 0.017912400000 0.010134900000 0.009698880000 
0.318205000000 0.043138500000 0.026633700000 0.025438700000 
0.076656300000 0.225095000000 0.176149000000 0.166711000000 
0.308413000000 0.047431800000 0.029637500000 0.028272500000 
0.331562000000 0.034251200000 0.019856500000 0.019362300000 
0.257678000000 0.068925600000 0.046040500000 0.043572000000 
0.068213000000 0.236411000000 0.186405000000 0.176405000000 
0.407577000000 0.013588800000 0.007335750000 0.007118550000 
0.056328300000 0.259360000000 0.208012000000 0.197367000000 
0.377885000000 0.022392000000 0.012877900000 0.012402700000 
0.398878000000 0.015646900000 0.008663210000 0.008324970000 
0.154696000000 0.140726000000 0.101392000000 0.095840600000 
0.281095000000 0.055064100000 0.034232900000 0.032897700000 
0.215685000000 0.090436300000 0.062903600000 0.059066100000 
0.340162000000 0.031654300000 0.018145300000 0.017740500000 
0.021858700000 0.369791000000 0.315718000000 0.302042000000 
0.127500000000 0.169702000000 0.126327000000 0.119495000000 
0.084912800000 0.215660000000 0.167189000000 0.158081000000 
0.031174700000 0.341479000000 0.288451000000 0.275438000000 
0.028546800000 0.347865000000 0.294412000000 0.281054000000 
0.184103000000 0.114689000000 0.079951100000 0.075768800000 
0.112613000000 0.185090000000 0.140462000000 0.132604000000 
0.109964000000 0.188919000000 0.143410000000 0.135349000000 
0.250482000000 0.073347300000 0.047661300000 0.045527100000 
0.048259300000 0.283945000000 0.232260000000 0.220465000000 
0.210024000000 0.106264000000 0.074386600000 0.070049900000 
0.100189000000 0.202018000000 0.155217000000 0.146769000000 
0.359340000000 0.027024700000 0.015992100000 0.015221600000 
0.275162000000 0.060866700000 0.039942400000 0.037974200000 
0.169367000000 0.132153000000 0.094852800000 0.089546500000 
