2.0 18.326608070922163 177.26090644549356 
2.0 23.424111158113192 174.30914065395172 
13.021936414649147 2.7136727362234048 254.7537377620359 
2.0 20.385576425350934 229.38046352939503 
23.25641657968984 2.8407895515284336 195.78786186581766 
2.0 18.779129007192005 0.0 
27.63628211936334 3.0339789771503685 243.2 
6.839260320307105 2.766453498377217 0.07641205926383066 
2.0 3.2897781343381 1.785792060313085 
2.0 3.4338094220035487 1.0614491450966428 
12.797332704659969 2.015715026888461 1.8250914202383566 
2.0 2.128260020338888 1.5082268399895882 
2.0 2.022596838209031 0.8567205376763474 
2.0 2.0 1.2854310728289433 
16.50101388208279 2.156834367416245 1.8814801891991988 
2.0 3.1324122591224848 0.9911840010193054 
2.0 2.0 0.7452840876498641 
2.0 2.0 1.6516955050649984 
3.5869522981249684 2.151709769040302 2.0314006421763784 
5.459075344152265 2.0 2.056228822228239 
2.0 2.03895414845906 1.5964141590272136 
4.340588330281222 2.0 4.003292467432165 
10.030972256393715 2.284374446966277 0.2513643646673437 
2.4660198257597292 2.0 1.0097659713344314 
24.57322064779198 3.3178214224159417 12.832435017699234 
4.123138662116807 2.1525193206330013 1.8065097167331268 
2.0 2.0279536111100613 1.3056247040957913 
3.7133279208733048 2.0 1.6048064773763868 
8.124632624430541 2.045440259864699 0.6093451760145179 
2.0 2.0 1.2097282501349143 
2.0 2.0 1.4245516936756428 
2.810947772344285 2.0060166347553703 0.016996657899355228 
2.9001015289661405 2.0 0.33894515343855236 
5.375025683421161 2.4051516608464762 3.0382224703112684 
3.890314059049272 2.0 1.760740873367319 
3.978006225784527 2.0 2.634573766957724 
3.933595535420147 2.0 2.3179074389580023 
2.0 3.212274605027833 1.0979497107871907 
24.935622685086184 2.0 7.969660095066098 
18.014816975026505 2.0 2.7004836007348536 
7.49908831948261 2.083586878858253 2.77285016864209 
2.0 2.0 0.9620616088046366 
2.0 3.568201175644855 1.5951841700436475 
2.0 2.2392552718473855 1.1087882395831459 
8.544056006366517 2.807010180993048 0.29776026066600547 
7.796075920554073 2.0 2.598193658035843 
4.5174426486434625 2.0 3.244776188888584 
27.902822225607128 2.1003562026842912 6.291622737112267 
4.061475388782387 2.272324630003581 3.185175857320277 
4.128975659173175 2.0 2.5620916649090613 
2.0 2.0 1.398192483473908 
4.927484508752573 2.0 2.3833869776754 
4.113730204101727 2.474179102042149 3.7929010638084826 
28.333922313899585 2.521736777637277 19.28036128403116 
20.46222474656813 2.0 0.55691427948787 
2.4674702354744333 2.4869526887209292 1.590413547303731 
20.399088015031843 2.112735975923483 3.2246712315437667 
12.063310124093862 2.7377578125034248 0.1685252226814377 
17.470997775444026 2.8895669768503347 0.0 
4.036580265117431 2.3049633593536054 3.2830245839332575 
2.0319019467662174 2.0 1.078854793440275 
2.0 2.0 0.020328137756795428 
3.8242997777429664 2.0213855097611204 2.3504345622901073 
13.378519216301868 2.102612934472876 2.3342551215385923 
6.209931881589587 2.050414264324319 5.396064659421345 
2.3283782091381804 2.085583855980305 0.5423117653893235 
4.136026552492104 2.0 4.308112793953505 
2.937276199681765 2.056008577605875 0.6921278187629166 
26.181502814303606 3.4718778974311992 14.176834856143255 
6.200836223583656 2.0 7.319790654194193 
13.859779965018271 2.3959365324688418 0.44551874389687485 
2.5462098099673494 2.0 0.7485489768610027 
4.007455779796345 2.1515542600693918 2.26994295041686 
3.0644046526209205 2.025340494715135 0.7860787761032377 
2.0 2.0 0.7149856872775846 
2.0 2.6762817259986322 0.9332480205334117 
5.312160092308031 2.0 2.3235207904461097 
3.530634235588094 2.0 0.4078691673845004 
21.065783013260262 2.0611652836160292 2.488636121294284 
2.605604144250221 2.0 0.5420081524373681 
10.209781952128608 2.146770740323652 0.42164826451482884 
2.0 2.0053189095532784 1.539114705397136 
2.0 2.381445143450469 0.8971474508603472 
2.0 3.1056042328756277 1.1133304826624353 
2.0 2.0 0.6907200236390264 
22.38045163057476 2.149276965130994 5.809493795466695 
3.792715040603327 2.4823789294766443 1.7125812687098043 
5.1488113402921325 2.0 2.099165908420817 
7.345334129502646 2.1323959085459054 4.440934160474105 
5.900891087886561 2.0342143381893494 4.98851961928428 
2.4225028798349513 2.002772656759629 1.3411922557894083 
14.817760841511213 2.21915593075991 1.7642476919035586 
8.117615619628753 2.0075158239512008 1.8249628407151528 
2.0 2.115229911343202 1.037428058266138 
4.044413221644258 2.3486227354992653 3.062331722835398 
10.453854901824315 2.0037470307153598 1.1817774890419332 
13.117790322704497 2.150926693478832 1.9064603006969079 
14.242760794802853 2.431800061835535 0.5630990446124102 
2.0305914707246076 3.294606787911222 0.8663112840972412 
5.642972088954384 2.4584153443153682 1.401558492713537 
