2.0 17.738333977137625 3.2070291497834207 
3.076277430383623 58.03324631796515 98.38179182798785 
3.085941366768129 31.384259152611982 68.42104921951734 
2.0 43.27560725292351 0.0 
2.7086450812062983 38.91822489312509 179.97695563133752 
14.90013328925369 2.0 1.3737328605992225 
2.0745612629571912 14.78799757078567 3.0103158894245503 
2.2279704998769545 41.371590460773106 7.352025923989743 
2.0 13.192589099449691 2.256575067813057 
2.1833988525231693 20.39335034910694 3.697617772625469 
2.0 72.62517356526374 14.216960090745067 
2.3263840422740936 17.542482271611433 4.059718310990945 
2.0010811664135217 58.61995419763544 6.6328952802034635 
19.3161064900481 2.292213213965127 1.2934794872150945 
8.345990564666987 2.0 0.4321076816336875 
14.870820881226336 2.2498691375233406 1.4344332594817875 
2.0675884698199285 45.9673735731781 12.758891959430475 
2.0 2.0 1.3035073017947727 
2.0 2.0 1.5669146389301958 
2.3803848116971937 2.0 0.702083693723842 
2.0 29.66270274831683 5.5664091937478535 
2.0 2.1634253364465157 1.5241950755428462 
12.199722796820172 2.0 0.6276609577797281 
2.0 14.858195891592068 3.456596877966249 
2.0 40.92352985810374 7.976115368254993 
2.0 4.3944851856609475 1.7448312477734484 
13.145666367830449 2.1610998959894485 2.122426352310091 
2.0 59.14213738631194 9.582464135479892 
2.0 28.7904868175264 4.63176817822349 
2.2620304595371117 29.84015309244832 4.448595747653387 
6.602428521226253 2.0033795268136196 1.114334939095751 
2.818808006465744 2.1259348788152606 0.90980387578143 
2.0 21.967545948975896 3.552817579840654 
2.0 70.69442043082594 18.6815694925768 
2.0 58.01472679545802 6.399863953247289 
2.0 2.0 0.8137582575274722 
7.647000881978994 2.0703790097581543 1.2286458992298679 
9.660584634358308 2.0 1.053879220086861 
2.0 46.19285442479055 11.444424492530905 
2.0129216125867533 5.735381143728116 1.4392588698871611 
2.0 2.0 0.2434799942509822 
2.393724643794832 28.448053230009407 4.275978961783595 
2.8820808607383226 2.0 0.13550005696730527 
2.063440623361727 2.3371754854877405 0.06969168046558138 
2.0 46.67972551082006 8.789378591688738 
12.814233903167981 2.0000114270262563 1.977744792312817 
2.0 39.9068670819102 6.143653865083149 
2.042487599224934 2.0001663808904047 0.28306464316998414 
2.0 30.430840302515314 5.022563555319542 
2.0 21.127274622089402 4.177603089324373 
2.0 2.137542384464009 1.2325432387445208 
15.06059164956385 2.014686724286153 0.7424645841119921 
2.0 2.0 0.8580321907710828 
2.096677654515563 14.749917376601529 3.351356198945485 
5.24294984206599 2.0 1.0026133033570845 
10.15790644385569 2.0 0.4370844520090548 
4.788800944325213 2.417445954784335 0.7175183301922817 
2.0 30.256336845255937 5.720822325584452 
2.0 2.0 0.8039931324037636 
5.539143890565963 2.0426376650937157 1.772079989394962 
8.834584355730161 2.0 0.8621130888922076 
2.017505949122238 2.000068553070907 1.339407733207738 
2.131849641291585 54.729562338253366 23.863249025808653 
6.6942994446547885 2.1972061172060227 1.1539565701185523 
8.026358873608501 2.0 0.9081102402247148 
11.491433052919994 2.0 2.3392610748365668 
10.885405320889202 2.4891906066394363 0.30443417718764354 
2.0 2.556870994073992 1.8390470478608325 
2.132889388674993 2.2142055753306216 0.38177037615638926 
3.2895295954848294 61.85725973175844 34.19117424376816 
7.160607420489379 2.0 0.5562420595055038 
2.0 2.0 0.9721196948246233 
2.0346072593374878 2.0 1.3849925730122978 
4.91813217475353 2.0 0.5362307288764983 
3.940591119979455 2.9009164666519767 1.5972968981961866 
2.0 2.0 0.06188160538446086 
5.1265113059502525 2.043002908033521 0.6883278373793835 
2.1021156303209256 21.767126528320787 3.929053527138244 
2.0 2.057339107033044 1.6745711736781643 
2.0176777308506777 9.135433572462613 2.1951830581762017 
2.0 59.317656490221 16.839259093589355 
2.4495936750274274 14.050403763053202 2.916632262635101 
2.039642881721987 13.323552136213259 2.8001076240652463 
2.1911220492201995 2.02396051674339 0.559265055755564 
2.022236164468865 10.956853906350691 2.384389421759254 
2.074841860296967 13.113111271441454 2.4988892007380756 
2.0 2.0 1.1341527320773697 
5.891705160278374 2.0417167200926603 1.8216611999012415 
7.4546789180853255 2.0 0.5943232425918661 
2.0 2.183051048808152 1.2526034956796437 
7.055474322180669 2.0158624313014077 0.16438568204994247 
2.227087574859378 2.004665279080649 1.0059195603070794 
2.0487994788676316 14.429876731455913 2.402434782554529 
13.895343712062024 2.0 1.4436693916434815 
16.963181282632743 2.0 1.0336235671157739 
5.3480537667184205 2.385799690292929 0.49150554465706253 
12.116439948260037 2.0 0.3792029403907261 
2.0 15.060165151638039 2.683242510570817 
2.483326609489379 23.280646906496067 3.1018467534632532 
4.059994232536637 2.0082348395329253 0.5837350202322906 
