2.0 18.821647159020046 0.0 
2.0 23.392639011717996 128.0 
2.0 17.64841664184626 0.0 
2.0 2.0 0.7002742719079162 
2.0 2.0 1.0009843487288959 
2.0 2.0 0.5012456446249587 
2.672712921424047 2.0 0.36581257331036543 
7.943207431427744 2.089453398889863 5.9338192581799785 
6.339597753716516 2.0433507168949188 4.831741001811238 
3.604759129972034 2.2685598333942734 2.349984368263137 
2.1521492206138206 2.0 1.228983163008719 
2.3573818714529344 2.0881473193986544 1.3199995163200497 
6.0115728648088 2.0893321008326717 4.5449207520040495 
2.0 2.0404122601133183 1.098252665278298 
4.561559009763975 2.0365602459623013 3.3999988698243797 
32.74963090122122 2.4487089599113596 0.23429839459448393 
27.15449104349392 3.026478393223199 116.82925329666648 
2.0 2.0 1.5746088558239106 
2.0 2.3228458097111293 1.4987944823513302 
2.116949660819177 2.0930953795235547 1.148268898511709 
2.0 2.890408705994615 1.5008143662160762 
2.0 19.520482677818116 0.0 
4.555810768063278 2.0 3.578601126345004 
4.763917255060645 2.250813569112785 2.1260130007224225 
2.3163406167308485 2.208618339438281 0.84305394157869 
6.454858358268135 2.0 5.238867980602716 
2.1643617902459087 2.0 1.3730707367623134 
7.277965532722794 2.103702582889867 2.4766764494169116 
2.0 2.0 1.472475886968666 
4.270075432555817 2.070426797852579 2.143436230900195 
25.8451058650967 2.170371972485639 0.20598076101801788 
3.90582064673442 2.035695217988346 3.141763205586991 
22.91923987143762 3.0096451755404097 13.987864061835486 
19.14941187139026 3.060094046990366 38.906085235663966 
3.4993132268510347 2.3815520645869745 0.6436107033089715 
2.0 2.0 1.3452887175525285 
7.100540638751074 2.1186885267959634 5.742670996017818 
7.187624316258375 3.7920696899182764 0.0 
4.3916168554928765 2.328656341543086 2.7487421065928115 
2.0 2.0733024564586318 0.013703448773957128 
4.3180770387857255 2.0167244052920155 4.100611107173602 
13.325086604072368 2.2605483039719356 0.0986500959978085 
2.41313334446513 2.0 1.4316769881627502 
5.483643493313178 2.0024193893412905 0.5979316925439548 
3.983743598353427 2.437474037900152 4.307311985207246 
3.5265876615485663 2.2057251406266416 1.9583227447267104 
26.55757317544954 2.0 5.269198896403365 
2.0 2.0 0.7379143453579426 
2.0 2.6961302397932925 1.7314339642762668 
13.058827853353208 2.512546061062422 52.16215643812724 
2.0 4.038183221291635 1.932777716639455 
2.0 2.1032025633255698 0.9731136465250092 
27.538557172619775 2.0004717205842173 7.002590391959609 
2.0 2.0 1.1278910249596201 
27.333362908534085 2.0 7.8430070673242716 
18.061381098809086 3.37796704512104 12.03527414662652 
22.582514416086337 3.143487547679901 13.446769369849129 
2.0 2.0398639568213657 1.543678887304409 
2.0 2.9160104283434687 1.6118054864987315 
3.6194035117003533 2.383981114773956 3.0019754620380596 
2.1476505035525912 3.350676877234383 1.007798634520538 
5.704285538587386 2.0 0.182718272990967 
2.1132752901969702 2.1807061245915085 0.9213316582938772 
2.240625028520839 2.0234176140599294 0.6242236777010122 
2.1094281556203707 2.390804369362484 1.3982898831368962 
4.79633656423002 2.200917569111705 1.7272420366549597 
20.342117673234767 2.0218042801101626 6.453197789006351 
2.0 2.0 0.8529611826532548 
2.2562462722239918 2.3326264625295274 1.8784450481703452 
4.8927711024822464 2.0649048705294293 0.8390319973258864 
2.0980961915010683 3.9772455526579806 1.1538115657756942 
4.559755023030498 2.3603552123617 1.8168907290193699 
3.7460311193150364 2.0 2.9281577071363243 
8.444463247524054 2.2211938808497425 2.156867674380256 
2.0 3.656075532044865 2.295566702850566 
3.702336912463406 2.070193565533792 2.6964354867787947 
4.143963339779598 2.0 3.251864658560961 
2.2066333661344553 2.027627841468931 1.046617820278684 
2.0 2.0 0.9475809712952423 
4.886050976109355 2.3093464359399203 1.8590224049909245 
2.1988724270866586 2.3179954122861655 0.793881185296061 
4.022532907041601 2.3245771591247713 2.4302501088044144 
2.0 2.0 0.588869604572519 
2.132427941795887 2.268406874270803 1.2776561398017556 
19.32704892426848 2.043160116971822 6.195545175087306 
4.508097663336426 2.1405130455684533 2.543153226698018 
5.6057743161868 2.0 1.665160146378791 
3.8720866076541887 2.4060175181030217 3.3849674648114285 
2.559278486830423 2.4045882853059597 0.4181685603244314 
7.657606308149041 2.0 2.3791484867627277 
2.0 3.036989346222449 1.6746736994138143 
4.407944822905517 2.3889101294556245 2.0339296909637508 
4.88651743138519 2.3150847409464967 2.0358585255943127 
3.5624722606859285 2.456711568608299 2.482746321086836 
2.05784836225279 2.189124726910946 1.1876738987072557 
2.0 3.5984582246313965 0.4442571000719062 
5.969911918661165 2.418036075938182 1.5593798180949496 
3.492888472859658 2.4130226429687207 1.2603467612643122 
2.0 2.0 0.7620657199414335 
5.019368754883253 2.0 3.785915762074723 
