0.034214500000 0.547697000000 0.541371000000 0.554006000000 
0.033295600000 0.552942000000 0.547334000000 0.559951000000 
0.031962400000 0.573877000000 0.566916000000 0.578388000000 
0.049597300000 0.397669000000 0.390641000000 0.415974000000 
0.052131700000 0.369631000000 0.363024000000 0.386202000000 
0.041093300000 0.424954000000 0.419391000000 0.443094000000 
0.037767900000 0.432808000000 0.428225000000 0.452059000000 
0.050822700000 0.382789000000 0.377691000000 0.401058000000 
0.040748600000 0.427950000000 0.422724000000 0.446504000000 
0.624936000000 0.001326840000 0.000964106000 0.001238390000 
0.046971800000 0.400958000000 0.393296000000 0.416808000000 
0.036315000000 0.440347000000 0.435973000000 0.459415000000 
0.285882000000 0.097145700000 0.095302800000 0.106145000000 
0.036800900000 0.434317000000 0.429738000000 0.452254000000 
0.033402000000 0.547990000000 0.541726000000 0.554436000000 
0.202348000000 0.124216000000 0.122069000000 0.133926000000 
0.425157000000 0.044096000000 0.042064300000 0.048814800000 
0.227455000000 0.122717000000 0.120534000000 0.132509000000 
0.053415300000 0.319973000000 0.313370000000 0.327101000000 
0.046525000000 0.420549000000 0.415495000000 0.435194000000 
0.484817000000 0.016648900000 0.014631300000 0.017091000000 
0.036698300000 0.440380000000 0.436180000000 0.458820000000 
0.035506200000 0.440636000000 0.436383000000 0.459298000000 
0.043077900000 0.417888000000 0.411868000000 0.435843000000 
0.062407000000 0.313976000000 0.307898000000 0.321160000000 
0.041874400000 0.425596000000 0.420813000000 0.441941000000 
0.584667000000 0.005468550000 0.004787400000 0.005906460000 
0.164661000000 0.133355000000 0.130153000000 0.142041000000 
0.291143000000 0.085051400000 0.083143100000 0.093002800000 
0.575052000000 0.012269300000 0.011412100000 0.013941000000 
0.321719000000 0.068041900000 0.063075400000 0.069333300000 
0.294043000000 0.073647700000 0.071394300000 0.079941600000 
0.088336500000 0.228692000000 0.224877000000 0.237992000000 
0.041143900000 0.424053000000 0.418814000000 0.442343000000 
0.037794600000 0.428074000000 0.423125000000 0.445947000000 
0.034311800000 0.441808000000 0.437621000000 0.460302000000 
0.054129100000 0.314185000000 0.306514000000 0.321342000000 
0.240346000000 0.103328000000 0.101403000000 0.112182000000 
0.150922000000 0.157678000000 0.155185000000 0.167929000000 
0.569325000000 0.012667200000 0.011584400000 0.013962400000 
0.116823000000 0.158117000000 0.153541000000 0.166085000000 
0.578694000000 0.006078500000 0.005512550000 0.006744600000 
0.082992600000 0.228731000000 0.224409000000 0.237179000000 
0.092759600000 0.183931000000 0.178671000000 0.191771000000 
0.314641000000 0.067547500000 0.064109500000 0.072023100000 
0.334948000000 0.050528500000 0.048325000000 0.054765500000 
0.065548900000 0.238361000000 0.232209000000 0.245105000000 
