2.0 34.55640877785625 124.12237031399636 
2.0 41.67256862511525 197.41670629596047 
3.158138334250867 45.361304019057414 231.9646994226895 
4.127957029884904 3.0865146941124806 252.94104727790602 
9.797457249738592 2.2861304893604255 228.52006248596024 
11.917978585818982 3.421669588762296 256.0 
19.936979346090766 2.5204806538630145 220.3887651692629 
19.524058863763262 2.0 196.36185751507583 
14.10356607849657 2.918968193909447 138.4662157870893 
2.0 3.510603260813446 0.12841510801423928 
5.592672527499785 3.3293925971317693 18.70505526894226 
29.71561055848639 2.718042264963583 175.41695069933292 
114.17103475723749 2.0 1.4560047306358683 
42.0724873191108 3.4941949284805873 17.218260394394896 
2.188062798326386 34.78227555844595 131.8729639998644 
83.9385694405338 2.0 1.6259828359040682 
88.47459418106753 3.2536190429940985 0.8825601430899084 
97.0 2.1866349195436925 1.7112088650712893 
40.662783493752286 2.0 6.075254243892807 
90.32361821156341 3.4183116693524687 13.438396269421837 
2.0 3.682722712463392 0.6335807685040503 
50.297905115108875 2.9074407462418095 19.53150269503617 
43.21873919922343 3.428963247257104 20.656458394240218 
9.778951242921735 3.358858043311059 21.206588770907516 
85.19639883469537 2.3224997168172523 5.491608563385157 
59.82889917709808 2.592377165738874 14.339613314043262 
20.873715666713906 2.0 0.2907633808800534 
17.355840527148302 2.066747580330686 1.853984762597337 
88.8508494480742 2.3351647523889785 1.3055075190937175 
79.22076418251086 2.0 0.34657270087161063 
2.0 3.7260826536136924 1.2060867840751899 
33.29200576104814 2.1909251764687325 1.1775129084164995 
87.6239233291627 2.4024123946016704 3.101397424414438 
13.609026334320745 3.2079282551542274 19.54277199827844 
21.119732742718263 3.128914689856395 17.69605564825781 
56.428004194301735 3.4419096793927353 19.85834102883409 
10.579992336032838 2.0 6.542815850290611 
86.23232562687157 2.0147374500403656 1.481230296240362 
68.12580329219517 2.1695053758284213 2.045553243575123 
41.056359745176536 3.937962712017711 0.3520632269293229 
7.166205560053259 2.0 2.1835247240535116 
9.532286421224718 4.326905755947223 0.2896020763378495 
32.404582810832295 2.0790120840849626 3.162178982663198 
8.246473400720632 2.12365220017913 2.5409313212130185 
16.476273057358743 2.9051677403805023 1.1193020052304372 
11.00912103615272 2.0 1.0087034904525578 
10.057644633859042 2.0 3.509022785849235 
