2.0 74.40427220470883 31.535007979831107 
2.0 43.395053245681865 0.0 
2.576790917684466 30.45138240070125 0.0 
2.603870001701325 59.69995890458165 135.7134131449298 
2.009572494433123 30.06403483498886 8.722151647495124 
2.0 41.41510266929204 6.779533957012424 
2.0 2.0 1.1772368064128402 
2.148269781681531 9.886190018742186 2.04283734874533 
2.0143142434795513 43.53260241780651 7.334955874550158 
2.121256905325299 11.238663167440066 2.24231277986531 
2.009923506147617 57.24302523261577 12.337178654923632 
2.0 27.404090918059016 5.20061825091342 
2.0148170399858127 2.0 0.5076686777360919 
2.1074947801380834 2.0 0.577462807375292 
2.311849811963035 2.0 1.2461715069673325 
2.842968654284712 2.4479807325415734 1.8361400474309422 
2.0 43.093086709089874 5.616584032386074 
2.0 2.0 0.8717121907398067 
2.0 2.115321744114155 0.057389939460289224 
2.1466372719030096 29.34024784058014 4.788275220938654 
2.9648849100527945 56.619870199875805 33.73226214784476 
2.1352619354390745 2.0 0.3995591912272647 
2.0 2.0 1.5211675371298072 
2.0 2.0 1.576365004452953 
2.0 2.9874791281881494 1.949666642744857 
2.1643301371300065 28.468270979612328 4.609257704332014 
2.0 2.0 0.7978351706951182 
2.0 2.0 1.2146231281846245 
2.0574638143646977 2.8555116272957335 1.6081726540401184 
2.0 20.663962779693854 4.304995319040164 
2.0 65.50446159939625 14.065397521073077 
4.553388697659781 2.384087886969339 1.0871454880796017 
2.02859867464674 2.0 0.4396265939879789 
2.1599071277626596 2.222611532133027 0.7572250413195645 
2.0 10.876389219474111 2.2989454296576763 
2.0 2.0 1.3569339134597018 
2.366514523797748 2.342802156310914 0.6097664950790329 
9.377785115330813 2.4339138158555436 1.6623496878471329 
2.0701457367321363 13.353869028599679 2.7409877113005865 
2.0 2.0 0.825142340355272 
2.294514097266941 2.0 1.4458559801202184 
2.068049728424565 3.4405185182404074 1.4747243806749366 
2.37780780782253 14.008670300254566 2.6513946832314916 
2.0 2.0 1.1055752296944648 
2.0 8.911306186870036 2.1584461170314566 
2.0537284399103797 2.0 0.3479547674529615 
2.0 2.0 0.5451778457745056 
2.006727465512348 2.139859838097053 0.9458776001429152 
2.4669209287747784 18.488676652055478 3.42486596900829 
2.0407134419668194 3.604907102523744 1.408695436991467 
2.2257094533109183 16.647290174681366 3.1196225691244255 
2.0 2.0 0.4853232946194017 
2.0022308404034868 43.24750130201447 5.882689997713949 
2.226324787555188 21.529751055904782 4.109049812118662 
2.05728398301361 2.0 0.14362899230231296 
2.0 31.01017645634808 6.596971615074869 
2.279550706612066 2.0 1.311487596058856 
2.1105069902125875 9.678417737950287 2.36407419742714 
2.0171870548992263 3.589429591040056 1.3555956768627926 
6.296510526844297 2.053001965228884 0.28592962168285485 
2.2846222509084573 2.13612205390301 1.290914708335962 
2.0 2.0 0.07376932202442177 
2.254230280551084 6.573588603964646 1.9752459326480531 
2.0 54.653923733308396 10.862704909138397 
2.0 17.732615289384448 3.7719702737753287 
2.4973474879512327 13.42483593876579 3.0386690429225753 
2.0 2.475901906382131 0.6481064307354374 
2.0 2.0 0.25562079877066246 
2.6970605945177835 41.99346217657255 0.0 
2.0062451940583976 2.0 1.1888620884042607 
2.0698060415687913 20.74317512081835 4.519530871996334 
2.0011031979442557 14.137992930400731 2.7786733993803274 
2.001545220520461 2.2665897025879786 1.0809509691950576 
2.0 2.0 0.6995116484540669 
2.294530537705831 14.08589303630314 3.252356426475783 
2.149270150225602 18.630209177128563 2.521740742430929 
2.1160242541467054 8.439734217006977 2.123922486772748 
2.0 2.0 0.9045376668599681 
2.0 40.7219283064791 9.244596187764508 
2.214003918997054 17.964461827652734 3.5595039813175906 
2.0 3.9122998838820786 1.7434955284993063 
2.037636679715482 2.681843846987075 0.20092245790347807 
2.215142996160612 45.875026141461866 9.446808817078349 
2.4697706383942943 2.271641649580179 0.992448419001033 
2.0 2.0 1.6824776380675774 
2.0 3.8804982586966377 1.7083916564800012 
2.193855314124293 60.179300677440764 19.053121730602335 
2.116679986797852 2.035176241095489 1.039116577987046 
2.0976413905392204 9.855411045390296 2.0897760649153465 
2.0607762407289365 21.12585461662962 3.9300857492975756 
2.141124226833949 14.363982042256124 2.848982807612883 
2.4809354428477484 9.607102588478842 1.840157138872371 
2.167300258620475 2.0 0.9595165024998469 
2.046356396108799 10.64553221562103 2.589849586830855 
2.240191887052105 2.069114746106722 1.383140021153153 
2.2491121471919997 11.542971551623861 1.832376819223687 
2.0141747288914904 30.744693609376803 5.501094287980543 
2.0 56.411208782530025 23.464362707387224 
2.0 2.0 0.7295816975723466 
2.1912941867893614 11.768548185387399 2.3933544407288823 
