2.0 9.446369546763565 159.6554149143072 
2.4976288960672406 16.87881887799998 161.72242669964032 
6.376324626610545 2.1068301545324264 2.8944611076945215 
6.256055429332827 2.0070096829043673 0.5069012597195481 
8.129977054777497 2.0404912831951005 0.4532667861431028 
2.475079925433247 2.7800856253999235 1.4058877310098548 
2.0 2.0 1.5246176730588923 
2.3306332104429672 2.635552399739947 1.3714420680274448 
2.6932230824916648 2.164897819515046 2.483445711337435 
7.111415025344675 2.0 3.0563061438610566 
5.4207271221113125 2.1305482720969677 0.2746113958819331 
3.07139348810829 24.468559522540442 0.2525482608731662 
4.1716761650844365 2.0135404376883983 1.5429402325336659 
5.3546154338761855 2.099861641317134 0.15544614181422356 
3.0038184012228695 2.1166543988851503 2.3226335458650147 
6.776247930275537 2.0 2.7307529207771912 
7.306313350311774 2.166729546735086 2.9003906944768363 
2.0 2.0 1.4157033619580923 
6.999522097642774 2.000820175733157 3.30525916671667 
3.3430979169136417 2.191124593537387 1.9258337205453226 
2.2145226753338862 2.2621948868186097 1.805804596981015 
3.425841550799105 2.3359668805906715 0.8333040885156611 
2.0558639181347824 2.678506738767801 1.1924727128112478 
2.0 2.815141794113455 1.2178997718618902 
2.0 2.0671892014378335 1.6307526691805452 
2.4616013946936866 2.553109214630833 1.1534966112685119 
2.0 3.0102289894278047 1.1135919655827182 
2.1177167637828433 5.191122988911148 0.9067680092363222 
2.2079062026811824 2.69931300391886 1.092175153358622 
2.0 2.005380949933641 1.4643000189073452 
2.0 2.1877442625927688 1.9567882548526399 
6.647750099587439 2.324233567320712 0.2212070205424973 
2.0 2.89956706641917 1.5188069788153171 
2.0 2.260493407565146 0.6403720769554404 
3.1426746432789594 2.0 1.1775305109540426 
2.0 2.3543929028701163 0.11965913369249659 
2.2384469514535326 2.0 2.046072700567554 
7.537925116444418 2.0747620845986527 0.7246590837037642 
2.0334665772162523 3.0038527810798556 1.2296711720315758 
2.0 4.5929500865291075 2.558561148011463 
2.0 2.929792746025267 0.7722692506250878 
2.0 2.2517669984455853 0.819833113322437 
2.074322967315144 2.1239259940373505 1.3404628916403836 
3.445433136107785 2.187703712647445 2.178433087972714 
2.1389164293414984 2.4026761853868703 0.895210414752471 
2.0 2.445881036842834 0.9013252836695598 
2.0 2.0 1.3841564546809575 
7.341518704049789 2.0005926084343435 3.117010574231757 
2.0 2.0 1.710319742324356 
2.0 2.7210224028536967 0.7169830962666577 
4.7386427249518475 2.0 2.4707061124465 
2.0 2.1962987531112685 1.7452359054263804 
2.0 2.0 0.6841547691652059 
7.0374598261723875 2.0274056896894987 3.201000384907439 
2.0 2.19074548672941 0.8636579351648767 
2.0 2.0 1.5765574841533168 
3.783211931546983 2.0026881779777113 1.8974217509280367 
2.0 2.0 1.9156674502920705 
2.0 3.2452480840566698 1.2980513135082148 
14.439028285923047 2.0 0.5031418756075501 
2.4325426229706957 2.599882888536049 0.9700129665706422 
5.389999192266789 2.2580159674454334 2.5084642167213227 
2.0 2.2155020390444125 0.652311950850153 
2.36629637277494 2.069798047252412 1.5476934629576478 
2.0 2.3059871340538054 1.6440577367295228 
2.0 2.0 1.9890121133051235 
6.067265411563753 2.1714550675090174 0.4313919165004787 
2.236201276282128 2.8160571143375925 1.1373465574542765 
2.0231794230647644 3.8162578021433458 1.8761249946602163 
6.958140410157626 2.2836045475224296 2.8043328547973028 
2.122536463849134 4.697729336451392 2.1792707120873125 
2.0 6.441037754602137 1.631021202971912 
3.0606462854990113 2.0 1.87085790392633 
2.35774141911561 2.8445289947911814 1.317883695441447 
2.0 2.027050963283413 0.7003506126269881 
2.472923522121967 2.642293380790221 2.3993150704817374 
2.0 2.0 1.4446076578169138 
2.0 2.2306647722768345 1.779215444463775 
2.1624840275399766 2.5701708932146765 1.700686556991635 
2.1037990333211014 3.7712608734713386 0.5885932574440665 
2.392856283949728 4.78907045758221 1.2667229173092136 
2.0061386337092717 3.1707882738270072 1.3321130384177882 
3.2155779208678292 2.256169674602623 1.070662340459304 
3.5116040886136672 2.2200281736464937 2.207944287056619 
2.0 2.944098551010805 1.003714665889184 
2.172226762322247 2.0 1.2888379193094295 
2.0 8.625042233306367 4.219768074647467 
2.7994178299208543 2.1638715759628586 0.950379443600541 
8.37445511720734 2.0 0.38344271672190633 
2.0 2.911565210317222 1.045669991060986 
2.5588968092406903 2.4784765638752555 0.7831950664880885 
2.131562796947877 9.096634421418704 4.792525027246821 
2.000084154570873 2.2163021418639013 1.6825457898095022 
2.035908351529179 2.0 2.023385260550626 
2.542622592741756 2.197463016431466 1.0338206106698333 
2.469716149276902 4.647403516366744 2.152464509475378 
2.3502987278082452 2.4451786232641406 1.2358298263511975 
3.2354170030863925 2.0 2.391368733196127 
5.680204519439638 2.0 3.355916343488697 
2.0 2.0 1.2072271050247483 
