0.011660100000 0.485208000000 0.436858000000 0.424425000000 
0.011813200000 0.479319000000 0.431214000000 0.418567000000 
0.013936500000 0.446118000000 0.395299000000 0.382450000000 
0.011155600000 0.488588000000 0.441086000000 0.428741000000 
0.185082000000 0.115774000000 0.080853000000 0.076607000000 
0.037834600000 0.309952000000 0.257745000000 0.245060000000 
0.476814000000 0.000442136000 0.000284107000 0.000273778000 
0.048710800000 0.263402000000 0.212390000000 0.201279000000 
0.377736000000 0.021474900000 0.011672200000 0.011573500000 
0.180807000000 0.119157000000 0.083615200000 0.079188600000 
0.026071500000 0.355990000000 0.302782000000 0.289308000000 
0.147380000000 0.147130000000 0.106751000000 0.100880000000 
0.076731200000 0.224620000000 0.175712000000 0.166298000000 
0.028546800000 0.347865000000 0.294412000000 0.281054000000 
0.105846000000 0.190588000000 0.145001000000 0.137151000000 
0.032774000000 0.328053000000 0.275615000000 0.262475000000 
0.011728800000 0.479364000000 0.431184000000 0.418749000000 
0.357986000000 0.027557700000 0.015474700000 0.015194100000 
0.118023000000 0.173895000000 0.132614000000 0.123038000000 
0.023027900000 0.367074000000 0.313040000000 0.299449000000 
0.054565000000 0.256470000000 0.205718000000 0.194912000000 
0.350313000000 0.030864900000 0.018176400000 0.017412900000 
0.082924400000 0.217041000000 0.168474000000 0.159305000000 
0.020292300000 0.372876000000 0.318771000000 0.305048000000 
0.316547000000 0.040493300000 0.024037900000 0.023302900000 
0.308973000000 0.044634700000 0.026879200000 0.025967800000 
0.457380000000 0.002146870000 0.001012860000 0.001029210000 
0.064403100000 0.247281000000 0.196633000000 0.186205000000 
0.044124100000 0.292702000000 0.240095000000 0.228331000000 
0.434340000000 0.006239550000 0.003187240000 0.003127600000 
0.020006200000 0.414687000000 0.362832000000 0.347699000000 
0.128150000000 0.168019000000 0.124860000000 0.117810000000 
0.125962000000 0.171343000000 0.127662000000 0.120520000000 
0.302655000000 0.049382900000 0.030917500000 0.029359200000 
0.071854600000 0.229896000000 0.180624000000 0.170992000000 
0.036762700000 0.315865000000 0.263548000000 0.250692000000 
0.293326000000 0.051154500000 0.031489700000 0.030308200000 
0.201412000000 0.107563000000 0.074761300000 0.070546000000 
0.281095000000 0.055064100000 0.034232900000 0.032897700000 
0.474819000000 0.000530412000 0.000276194000 0.000272250000 
0.103686000000 0.195337000000 0.148986000000 0.140978000000 
0.031108900000 0.343131000000 0.289765000000 0.276490000000 
0.226029000000 0.083402000000 0.057364400000 0.053972000000 
0.033805400000 0.318905000000 0.266560000000 0.253634000000 
0.050416000000 0.262521000000 0.211537000000 0.200475000000 
0.263340000000 0.065760000000 0.043641800000 0.041361400000 
0.080206400000 0.223078000000 0.174041000000 0.164607000000 
0.018835500000 0.420158000000 0.368379000000 0.353316000000 
0.385820000000 0.018581200000 0.009969580000 0.009914050000 
0.027232200000 0.352830000000 0.298990000000 0.285532000000 
0.192122000000 0.111846000000 0.077675400000 0.073630600000 
0.096989200000 0.200646000000 0.153572000000 0.145100000000 
0.171398000000 0.127657000000 0.090571300000 0.085703800000 
0.032282400000 0.328953000000 0.276509000000 0.263303000000 
0.161581000000 0.136005000000 0.097395200000 0.092108300000 
0.177400000000 0.123216000000 0.086887500000 0.082278400000 
0.267296000000 0.062341300000 0.039551200000 0.037902500000 
0.016688300000 0.434607000000 0.383053000000 0.368546000000 
0.041622200000 0.302958000000 0.250567000000 0.238273000000 
0.165549000000 0.131564000000 0.093752900000 0.088701100000 
0.338757000000 0.032262800000 0.018515100000 0.018099500000 
0.245544000000 0.075233800000 0.049108700000 0.046875800000 
0.326350000000 0.035932100000 0.020947800000 0.020398500000 
0.221718000000 0.087427000000 0.060484900000 0.056859600000 
0.058550800000 0.251756000000 0.201248000000 0.190617000000 
0.151211000000 0.142524000000 0.102871000000 0.097249200000 
0.024569500000 0.360685000000 0.306657000000 0.293202000000 
0.046310900000 0.280687000000 0.228741000000 0.217062000000 
0.413719000000 0.010944800000 0.005576840000 0.005582460000 
0.255685000000 0.070007600000 0.046875900000 0.044361700000 
0.092780100000 0.207659000000 0.159963000000 0.151187000000 
0.205401000000 0.101671000000 0.069497400000 0.065991300000 
0.094447100000 0.203855000000 0.156472000000 0.147842000000 
0.159366000000 0.139552000000 0.100686000000 0.095178800000 
0.405159000000 0.013765300000 0.007551600000 0.007264510000 
0.424427000000 0.008985280000 0.004744210000 0.004592640000 
0.218215000000 0.091451300000 0.061535300000 0.058519100000 
0.017301600000 0.426648000000 0.374852000000 0.359938000000 
0.135315000000 0.157067000000 0.115718000000 0.109316000000 
0.238555000000 0.078379600000 0.051489500000 0.049117800000 
0.131226000000 0.157044000000 0.118311000000 0.109671000000 
0.042636900000 0.293316000000 0.241114000000 0.229064000000 
0.067827700000 0.236740000000 0.187067000000 0.177097000000 
0.212208000000 0.096868700000 0.065756300000 0.062473500000 
0.235207000000 0.083052600000 0.055031800000 0.052453100000 
0.273446000000 0.059862400000 0.037666100000 0.036159100000 
0.012502200000 0.452105000000 0.401624000000 0.389073000000 
0.367390000000 0.024647000000 0.013667000000 0.013463800000 
0.117928000000 0.179940000000 0.135280000000 0.128021000000 
0.039215600000 0.304909000000 0.252815000000 0.240291000000 
0.445982000000 0.004091640000 0.001954200000 0.001968520000 
0.030607200000 0.342741000000 0.289649000000 0.276568000000 
0.066785300000 0.240992000000 0.190719000000 0.180503000000 
0.020043400000 0.376710000000 0.322626000000 0.308844000000 
0.393868000000 0.016749100000 0.008873100000 0.008831850000 
0.142113000000 0.151370000000 0.110363000000 0.104272000000 
0.111189000000 0.185586000000 0.140371000000 0.132809000000 
0.090962400000 0.212715000000 0.164854000000 0.156129000000 
0.046836900000 0.280157000000 0.228193000000 0.216528000000 
0.015882000000 0.440814000000 0.389953000000 0.376971000000 
