2.0 19.72163813506816 253.17154359156328 
2.0 19.094247679353444 0.0 
18.174767553948037 3.357844400628063 128.0 
2.0 23.155703464731737 0.0 
2.0 2.0 1.3499914565460642 
4.238344434071383 2.235690173046923 3.583613364724613 
2.143495580877439 2.857788490595438 0.03200438697961072 
4.4446260887616305 2.4757161414225095 2.756250199583836 
2.0 2.0 0.5708628982735293 
2.0 2.0 1.3787075898140113 
7.248550093027523 2.493553790957413 5.773262416022073 
2.0 2.0 1.5880074750043172 
3.9517222567554837 2.039354284965245 2.2565032618260594 
6.434638642433768 2.0 4.98956854583087 
6.910053797725203 2.005426760199383 1.8489350282366095 
3.7640618536795483 2.1438665906776246 4.266261066448587 
2.0 18.19082126029645 0.0 
2.29833174753815 2.0738414828854306 0.645091966963536 
2.0 3.910059407657884 1.731052998462408 
27.226738260948267 2.123951517637583 5.435346241646558 
4.092209360109167 2.069508089792767 2.6471254205297354 
5.393341883456644 2.0438944509885486 0.6212784975722093 
5.154181235097676 2.1138653845583515 2.1225494999694994 
28.27952771683578 2.0 6.032716436898916 
2.0 2.1253497745872147 0.7726503114053469 
2.1272670621597656 2.0 0.8078870887936209 
2.0 2.0 0.17064899428886737 
4.6865294537325894 2.0 2.453042451259432 
12.744233768237725 2.0 2.93207752793389 
3.1126421948730796 2.0165116431539065 0.2951569283585027 
26.038234001196354 3.2327315514264843 9.595494396591153 
5.150064845896635 2.1060746309867624 1.68602787205106 
4.545053217236383 2.137782050238739 1.7012205594988665 
5.430846570046164 2.0826608957547865 0.7869846330893848 
3.952938572280675 2.0 2.3189302640473226 
4.282896235534845 2.0 3.7606482679670914 
2.0 2.0129808035956582 0.8695652496422677 
3.123503271974716 2.2085658666938635 1.2557262589096891 
2.188691616019656 2.0666970123324213 0.8973219661341849 
2.0 2.0 0.054134128479759624 
3.9390014827011237 2.017142779609374 1.9410250283370478 
6.055969306608134 2.169889125787043 4.6295413279495605 
2.0 3.1350944690622335 1.0576202345434866 
4.19075274337543 2.0 3.8645057146610986 
4.265397191526698 2.0 2.738266069418721 
2.0 2.642001580212832 0.9018881294689349 
4.511521444736053 2.2709407736023044 2.1780173307832964 
26.574887167425334 2.615609094227 10.802693681884499 
2.0 2.0 0.5270086456867604 
7.909665673972826 2.0 5.076870112011443 
2.0 2.0 1.3182044901992378 
4.595060861929681 2.1239487120198226 1.9693184673019672 
2.0 2.0477501906070184 1.4396524430980044 
4.279662854436507 2.0233767017253 4.327518926318961 
2.0 2.027538860742963 1.5000436660121803 
2.0 2.0 1.4048244330450905 
2.0 2.0 0.9549428082028464 
25.898874254475565 3.193150727419833 17.62216477798141 
4.992930722019956 2.1166866974955467 3.315078821360691 
2.0 2.0 1.4650074115076945 
2.0 2.0 0.6927758572540085 
2.178780511447927 2.0049690408991134 1.056540075060725 
2.0 2.0 0.7292394747975306 
2.0 2.6093858598024813 1.0900818633858975 
4.440630357728089 2.0 2.584140788776562 
2.4770002941658755 2.1052593348999418 1.5480426242006216 
27.52106762016492 2.0 4.831631659264828 
4.812048594246484 2.120968986061151 2.9157847845917475 
2.0 2.0015100751456 0.40348594467341603 
2.0 3.3937414435949864 0.944701754912991 
4.856292095965637 2.1375749831826703 2.0277405441054954 
2.0 2.0 1.2469750899625311 
5.03882554620159 2.097977433688881 1.9908514183895807 
3.5688561296644403 2.0013206477449987 1.470478207972602 
10.28421585620716 2.0 0.3901934294041114 
11.245822527872296 2.0 0.3259409435210363 
2.0 2.217569731182387 1.167366740594674 
30.56950532975634 3.464148217258214 13.40507035645079 
5.652886969744525 2.0029186525604414 1.5742083590711078 
2.0 2.0 1.0761889955082995 
2.4055953747919827 3.8680362365120384 1.5960010304494883 
5.167579427862409 2.0 3.136095543527782 
3.7709153560476074 2.1181837556422356 2.4005205951715833 
2.0 2.0 1.210917690824519 
2.0 2.0 1.111611614028071 
2.381238400300406 2.1028276003109085 0.9355759547961752 
28.407674953953066 2.996437959979327 106.15775785544768 
2.1115678580897654 2.0406588952500906 0.6102005474921065 
3.707834593569943 2.4787162469187156 1.8004994784170554 
4.135256238409956 2.2468980477154408 3.4656649020124286 
2.0 2.0 0.23634624284040928 
6.563710791765929 2.0 4.5483653148832754 
5.296342387366913 2.0 2.3783148335804842 
26.52954254063485 2.196186153411779 6.428652766010545 
2.0 2.0 0.5008390702850585 
2.0081653055072968 2.0293558622437864 1.6227738070746818 
5.5199680996139655 2.0 1.8101711548800123 
6.639538169510922 2.0915695131043246 2.0567268611597718 
5.148473985285763 2.0306134375586837 2.9067696997115253 
12.884382752133142 2.6587888892887164 40.629917501365085 
