0.011813200000 0.479319000000 0.431214000000 0.418567000000 
0.011728800000 0.479364000000 0.431184000000 0.418749000000 
0.011660100000 0.485208000000 0.436858000000 0.424425000000 
0.011155600000 0.488588000000 0.441086000000 0.428741000000 
0.013936500000 0.446118000000 0.395299000000 0.382450000000 
0.012519800000 0.452085000000 0.401608000000 0.389054000000 
0.032395400000 0.337696000000 0.284476000000 0.271411000000 
0.039178400000 0.313118000000 0.260565000000 0.248009000000 
0.212208000000 0.096868700000 0.065756300000 0.062473500000 
0.020769100000 0.381116000000 0.327041000000 0.313133000000 
0.060989900000 0.250637000000 0.199821000000 0.189493000000 
0.260392000000 0.068089200000 0.046962400000 0.043982500000 
0.390366000000 0.017318400000 0.009244850000 0.009197590000 
0.145929000000 0.147960000000 0.107453000000 0.101520000000 
0.383660000000 0.020262400000 0.011454700000 0.010969100000 
0.426932000000 0.007432390000 0.003702170000 0.003710040000 
0.335913000000 0.033328300000 0.019221400000 0.018766300000 
0.437630000000 0.005458970000 0.002648130000 0.002666400000 
0.311141000000 0.046064400000 0.028678800000 0.027368700000 
0.264739000000 0.066370900000 0.044058300000 0.041797200000 
0.116928000000 0.180358000000 0.135603000000 0.127893000000 
0.077072100000 0.229487000000 0.179949000000 0.170221000000 
0.110580000000 0.186691000000 0.143902000000 0.134309000000 
0.368927000000 0.024372500000 0.013437200000 0.013263100000 
0.461907000000 0.001446930000 0.000797442000 0.000800414000 
0.187262000000 0.112708000000 0.078381500000 0.074282600000 
0.164683000000 0.138711000000 0.100424000000 0.094582600000 
0.018835500000 0.420158000000 0.368379000000 0.353316000000 
0.319225000000 0.039690700000 0.023474700000 0.022777500000 
0.021096700000 0.373078000000 0.319062000000 0.305256000000 
0.095579100000 0.198506000000 0.154051000000 0.143190000000 
0.020140600000 0.409162000000 0.357355000000 0.342184000000 
0.021600700000 0.366639000000 0.312674000000 0.299009000000 
0.119276000000 0.170539000000 0.129710000000 0.120345000000 
0.207176000000 0.101198000000 0.069170100000 0.065676600000 
0.042728900000 0.290957000000 0.239107000000 0.227052000000 
0.058128800000 0.258972000000 0.207664000000 0.197029000000 
0.354243000000 0.028662100000 0.016170500000 0.015869300000 
0.088978300000 0.214095000000 0.165969000000 0.156966000000 
0.214398000000 0.094664700000 0.064029000000 0.060863800000 
0.033340000000 0.331934000000 0.278566000000 0.265790000000 
0.163591000000 0.142529000000 0.103120000000 0.097194800000 
0.231345000000 0.085368000000 0.056801600000 0.054095700000 
0.127285000000 0.172886000000 0.129102000000 0.122106000000 
0.128184000000 0.165000000000 0.124983000000 0.116630000000 
0.361730000000 0.028438000000 0.017794700000 0.016940200000 
0.030199500000 0.343775000000 0.290703000000 0.277598000000 
0.103686000000 0.195337000000 0.148986000000 0.140978000000 
0.135903000000 0.157498000000 0.118534000000 0.110630000000 
0.449657000000 0.003221240000 0.001552440000 0.001561020000 
0.065452100000 0.247601000000 0.197068000000 0.186803000000 
0.347977000000 0.033303400000 0.019747600000 0.018921200000 
0.094856300000 0.203672000000 0.156532000000 0.148156000000 
0.256646000000 0.075405500000 0.050022000000 0.047339400000 
0.478442000000 0.000321242000 0.000192439000 0.000185474000 
0.082675500000 0.218427000000 0.169748000000 0.160530000000 
0.420355000000 0.010015900000 0.005251520000 0.005102310000 
0.140301000000 0.151577000000 0.113554000000 0.105980000000 
0.067574000000 0.237152000000 0.187123000000 0.177093000000 
0.040011900000 0.299088000000 0.246719000000 0.234517000000 
0.181444000000 0.118890000000 0.083352100000 0.078962800000 
0.328387000000 0.035425800000 0.020597000000 0.020073100000 
0.275443000000 0.058983600000 0.037081900000 0.035607900000 
0.106908000000 0.190577000000 0.147364000000 0.137537000000 
0.281095000000 0.055064100000 0.034232900000 0.032897700000 
0.018184700000 0.425511000000 0.373739000000 0.358819000000 
0.226029000000 0.083402000000 0.057364400000 0.053972000000 
0.293829000000 0.050957700000 0.031296600000 0.030144900000 
0.380596000000 0.022597900000 0.013009200000 0.012458800000 
0.091923200000 0.208704000000 0.163623000000 0.152842000000 
0.016631100000 0.429757000000 0.378160000000 0.363451000000 
0.052771600000 0.259438000000 0.208535000000 0.197632000000 
0.033341400000 0.329494000000 0.276589000000 0.263566000000 
0.025583700000 0.360956000000 0.307207000000 0.293661000000 
0.176810000000 0.123401000000 0.087066400000 0.082421200000 
0.167212000000 0.131922000000 0.094046900000 0.088977000000 
0.025996700000 0.354369000000 0.300851000000 0.287270000000 
0.131374000000 0.163163000000 0.120662000000 0.114133000000 
0.034381400000 0.318009000000 0.265694000000 0.252764000000 
0.049457100000 0.272758000000 0.222479000000 0.209242000000 
0.238555000000 0.078379600000 0.051489500000 0.049117800000 
0.248907000000 0.073365700000 0.051042500000 0.047728800000 
0.150335000000 0.142701000000 0.103046000000 0.097414900000 
0.171655000000 0.127121000000 0.090072200000 0.085254100000 
0.202312000000 0.104220000000 0.071558300000 0.067884800000 
0.078305200000 0.222449000000 0.173741000000 0.164445000000 
0.045303800000 0.288436000000 0.237516000000 0.223830000000 
0.113390000000 0.183680000000 0.138753000000 0.131243000000 
0.020287000000 0.385589000000 0.331566000000 0.317639000000 
0.410788000000 0.012459900000 0.006653760000 0.006471380000 
0.050874700000 0.273224000000 0.221204000000 0.210190000000 
0.027321800000 0.349212000000 0.295724000000 0.282299000000 
0.046310900000 0.280687000000 0.228741000000 0.217062000000 
0.232247000000 0.079447200000 0.054161100000 0.051076700000 
0.076106100000 0.232159000000 0.182409000000 0.172563000000 
0.302655000000 0.049382900000 0.030917500000 0.029359200000 
0.016373600000 0.440510000000 0.389304000000 0.375207000000 
0.403062000000 0.014009800000 0.007290290000 0.007287440000 
0.197462000000 0.109347000000 0.075661300000 0.071733600000 
0.271429000000 0.063047600000 0.041557400000 0.039448000000 
