2.0 19.042781265445875 116.07082527030458 
2.0 17.98841455461985 107.15413015985919 
2.0 19.557702952871786 125.7707298989227 
2.070221948605036 23.219605682543282 148.09239024952916 
17.565420317495647 3.0389620491141183 0.0 
27.48104326640496 2.9349642557861935 103.72916369852231 
6.434477000955899 2.2090251951788846 4.2893122208332475 
5.093230065993123 2.062152752014135 3.5499460951943425 
2.0 2.195736324610632 1.2103617543427392 
27.294078214655386 2.112974859960466 7.1082508334450125 
16.64106682789432 2.245121624705831 2.3641104662326597 
2.0 4.127318815254656 0.9181173468074277 
2.0 2.0 0.5147732396282372 
2.3024293323132596 2.0 1.5944529588991614 
8.40777207640538 2.3495313629780568 0.48423729893001366 
2.0 2.437136843999951 0.32717449744283345 
2.0 2.0 0.7031784474267453 
2.0 2.0668825583067485 0.27847851362542064 
3.248429626471469 2.023830662301779 0.7747477060725823 
2.349030946530277 3.143371810655551 0.9067007523109041 
2.0 2.0169325661222435 1.872587392650868 
5.384113324540418 2.1037447040098107 2.2434780668486995 
2.0 3.417481692281069 1.9481340317670424 
2.0 2.1777970704622795 0.6092788610818863 
2.0 2.599431072667489 0.10225112579484041 
2.2042581889702797 2.3044804070503475 1.332653025041488 
8.247733588369751 2.2238884093110656 1.428655119344605 
27.101778218686334 2.8151253588772853 10.850513634156094 
2.0 2.0 0.769510085189121 
19.849101767366616 2.2304233067332597 6.375209711683766 
2.0 3.547066344849864 1.9540313783266112 
28.363328368968315 2.5855121124535314 8.419100460624986 
17.08773117604159 2.3860125309153344 5.664732971329684 
2.323854376987292 3.7654279770346597 1.702142832422696 
2.0 2.0 1.2410065984702086 
3.918521331492009 2.0 3.1707001882209958 
22.697426848218036 2.0 2.422789772034147 
2.0 2.062653167889152 0.6611728949538822 
8.17240975632815 2.0 2.045274704493045 
2.0 2.0 1.1935521371014017 
13.171008839718256 2.0 3.7450815434522955 
2.701851708873294 2.0267903649971752 1.5135698285495107 
2.3420156714672222 2.007516072873677 1.1282549046564765 
3.7796790833570078 2.0781287882867403 1.73850401329079 
2.0 2.7150239881721707 1.7432609108716073 
14.06260417564755 2.744179268558381 0.5251213585495812 
7.107223329026201 2.2247171664624696 4.608346101025598 
3.9990939495179916 2.2125403416105707 1.9401971586546298 
2.18406135987473 2.6466498622902677 1.675865145956124 
2.48621849446712 2.0361098326330236 0.20360450433715166 
24.28137362128034 2.064749410138014 2.3286441210012523 
4.426674604170886 2.0 0.6503981813803623 
3.6167148683735637 2.0 2.023537453088059 
2.8088326453798476 2.262207787286852 1.0105560592198917 
2.0 2.031258502146235 0.026726616509950007 
5.33038391045841 2.0727925528500273 2.1296065402538575 
6.466576436046227 2.320822618502582 0.3417995894485415 
2.2079161181014926 2.9274880811715347 1.6257400278082192 
5.136332902066151 2.111043924160618 2.3406166263381887 
4.53089997766804 2.0 3.234225190989008 
2.0561488363675737 2.0 1.3744345661685904 
2.0 2.2474450610863914 0.7257812500711482 
2.0 2.174979365038903 0.9295438480516232 
2.0 3.2819454316408536 1.9851286561857144 
2.0 2.325027493255544 0.8993471388153296 
23.386843860855254 3.275086850834181 13.705185044383134 
2.1636705170304014 3.230027910338378 1.0569176464669165 
2.0 2.335663118012593 0.8633890337170962 
12.390457579334694 2.0 0.5152201236391221 
2.0 2.571636151093008 2.178623680223211 
25.536045438260793 3.213503793349697 14.941497116229126 
3.7451622988084363 2.2277308955705735 2.6957245220314974 
5.09630272175154 2.0 4.183726135596922 
13.228765304175003 2.1257590061562 5.473342562451972 
2.0 2.2958574906703104 1.410267414538456 
2.0845398336163274 2.0 1.4715219375762212 
6.327769704704264 2.3001716440338127 5.6333275491914945 
4.149957823853896 2.0 1.6548248195527517 
4.468488987448691 2.151397325913218 3.83003997520883 
3.037600227782562 2.703362536410034 2.8460749122426248 
2.0 2.0 1.0745751777723254 
2.0 3.9227542657341283 0.9652737644093633 
2.0 2.0 1.5566919339016847 
2.0661108610257934 2.0 1.4346931092628856 
2.4669576679545115 2.0012052597067407 1.2621222217035544 
3.629909431269403 2.076247973436345 2.2380456665832433 
3.144032636782664 3.3180889527892568 3.1010514293801403 
5.501910982779295 2.246956061803852 1.804148600968693 
24.63651290882066 2.3667727637457605 8.057919560897972 
4.479307897145265 2.2334092904311973 0.39252964515090705 
23.266824514711573 2.2572102209129836 2.597495734269873 
6.416140529732931 2.075445432604875 5.135016958342785 
4.566973648732084 2.0 2.923240271885678 
2.0 2.91103434529352 1.0189514025102286 
5.019061918563516 2.029352407605068 2.2776079021675812 
4.647320232889936 2.238153684416285 0.7955456655766783 
44.93453213852648 3.0744619822803423 17.824526987889058 
2.302373877444218 2.4867646870865547 0.45722178185093354 
2.0 2.0 1.306018995987815 
2.0 2.550362028761989 0.8820962559887269 
