0.011813200000 0.479319000000 0.431214000000 0.418567000000 
0.011660100000 0.485208000000 0.436858000000 0.424425000000 
0.011155600000 0.488588000000 0.441086000000 0.428741000000 
0.011728800000 0.479364000000 0.431184000000 0.418749000000 
0.013936500000 0.446118000000 0.395299000000 0.382450000000 
0.040832000000 0.301991000000 0.248878000000 0.236796000000 
0.244785000000 0.075077700000 0.048978600000 0.046752900000 
0.109735000000 0.193775000000 0.148358000000 0.140189000000 
0.183121000000 0.117990000000 0.082632200000 0.078284000000 
0.036564800000 0.330286000000 0.276541000000 0.263831000000 
0.012502200000 0.452105000000 0.401624000000 0.389073000000 
0.046071500000 0.289799000000 0.237258000000 0.225584000000 
0.427642000000 0.006709960000 0.003339590000 0.003339620000 
0.037962000000 0.326018000000 0.272407000000 0.259687000000 
0.034634600000 0.333770000000 0.280012000000 0.267218000000 
0.151211000000 0.142524000000 0.102871000000 0.097249200000 
0.338757000000 0.032262800000 0.018515100000 0.018099500000 
0.397954000000 0.015451300000 0.008096110000 0.008082740000 
0.258948000000 0.067808300000 0.043575400000 0.041689600000 
0.059995200000 0.259059000000 0.207770000000 0.197060000000 
0.020691400000 0.383427000000 0.329353000000 0.315429000000 
0.213697000000 0.095973500000 0.065094400000 0.061841400000 
0.419650000000 0.009136030000 0.004606440000 0.004621590000 
0.038453600000 0.322682000000 0.269046000000 0.256477000000 
0.354537000000 0.029714500000 0.017616100000 0.016757500000 
0.411202000000 0.011847100000 0.006068610000 0.006073100000 
0.074516800000 0.238823000000 0.188868000000 0.178973000000 
0.227663000000 0.091943000000 0.062969700000 0.059344400000 
0.165549000000 0.131564000000 0.093752900000 0.088701100000 
0.177205000000 0.126153000000 0.089919000000 0.084834600000 
0.455616000000 0.003095210000 0.001609500000 0.001650900000 
0.144211000000 0.153378000000 0.112046000000 0.105856000000 
0.101723000000 0.204016000000 0.156567000000 0.147780000000 
0.020155000000 0.387634000000 0.333659000000 0.319726000000 
0.075824700000 0.235497000000 0.185782000000 0.175971000000 
0.122842000000 0.177029000000 0.132627000000 0.125103000000 
0.039306600000 0.311190000000 0.257917000000 0.245648000000 
0.032802100000 0.336588000000 0.283679000000 0.270772000000 
0.021121000000 0.367602000000 0.313639000000 0.299963000000 
0.273446000000 0.059862400000 0.037666100000 0.036159100000 
0.066017200000 0.245179000000 0.194608000000 0.184386000000 
0.270746000000 0.067442100000 0.044493500000 0.041977100000 
0.086994200000 0.219718000000 0.171411000000 0.162200000000 
0.379781000000 0.022499400000 0.013096400000 0.012461200000 
0.186129000000 0.113035000000 0.081174800000 0.076009700000 
0.099862100000 0.205139000000 0.158462000000 0.149789000000 
0.048242600000 0.281377000000 0.228918000000 0.217534000000 
0.295050000000 0.050082200000 0.030683200000 0.029567900000 
0.062235400000 0.254358000000 0.203247000000 0.192683000000 
0.313379000000 0.042395200000 0.025321000000 0.024509200000 
0.310192000000 0.044111500000 0.026491700000 0.025623300000 
0.202474000000 0.101557000000 0.071839900000 0.067353300000 
0.028856300000 0.353375000000 0.299432000000 0.286150000000 
0.081867200000 0.228757000000 0.179595000000 0.169996000000 
0.023871400000 0.362301000000 0.308381000000 0.294786000000 
0.082997800000 0.220567000000 0.172297000000 0.163179000000 
0.028865800000 0.345416000000 0.291968000000 0.278638000000 
0.386810000000 0.018170200000 0.010345000000 0.010258200000 
0.020934600000 0.377467000000 0.323357000000 0.309562000000 
0.149263000000 0.153244000000 0.113090000000 0.106643000000 
0.176595000000 0.131374000000 0.094693400000 0.089214600000 
0.016771300000 0.440958000000 0.389689000000 0.375848000000 
0.070441700000 0.242402000000 0.192093000000 0.181483000000 
0.053407200000 0.272852000000 0.220702000000 0.209499000000 
0.445982000000 0.004091640000 0.001954200000 0.001968520000 
0.320686000000 0.038628400000 0.022782700000 0.022117500000 
0.132959000000 0.165038000000 0.122277000000 0.115638000000 
0.050874700000 0.273224000000 0.221204000000 0.210190000000 
0.465616000000 0.001559360000 0.000750503000 0.000753731000 
0.163975000000 0.137488000000 0.099023600000 0.093598100000 
0.196368000000 0.115033000000 0.081078600000 0.076555400000 
0.094370800000 0.209396000000 0.162155000000 0.153395000000 
0.019374800000 0.421132000000 0.369111000000 0.353903000000 
0.047173000000 0.283490000000 0.231096000000 0.219751000000 
0.115926000000 0.180777000000 0.136055000000 0.128736000000 
0.055920600000 0.261352000000 0.210265000000 0.199635000000 
0.215769000000 0.093492100000 0.063111900000 0.059984500000 
0.282641000000 0.053987300000 0.033460600000 0.032177800000 
0.178510000000 0.121486000000 0.085521000000 0.080979300000 
0.250482000000 0.073347300000 0.047661300000 0.045527100000 
0.078941300000 0.232564000000 0.183046000000 0.173211000000 
0.237611000000 0.080519400000 0.053109500000 0.050602200000 
0.127285000000 0.172886000000 0.129102000000 0.122106000000 
0.329199000000 0.034823800000 0.020199600000 0.019694100000 
0.366066000000 0.025136900000 0.013933100000 0.013729600000 
0.271740000000 0.065977600000 0.042778600000 0.040516500000 
0.478388000000 0.000321167000 0.000192169000 0.000185018000 
0.017747400000 0.425383000000 0.373729000000 0.358880000000 
0.017612000000 0.431449000000 0.379934000000 0.365355000000 
0.231637000000 0.086027500000 0.057331700000 0.054559700000 
0.162242000000 0.141117000000 0.102482000000 0.096524700000 
0.111189000000 0.185586000000 0.140371000000 0.132809000000 
0.064445000000 0.248768000000 0.198081000000 0.187758000000 
0.043759300000 0.295216000000 0.242242000000 0.230443000000 
0.039074900000 0.319479000000 0.265911000000 0.253396000000 
0.139201000000 0.159159000000 0.116967000000 0.110430000000 
0.015609700000 0.443721000000 0.392703000000 0.379297000000 
0.012609000000 0.451228000000 0.400647000000 0.387990000000 
0.090877100000 0.209620000000 0.161910000000 0.153216000000 
0.026523600000 0.358203000000 0.304338000000 0.290840000000 
