2.0 19.11355580772026 129.2952098180679 
2.0 20.36353996473793 146.92995413229892 
2.0 23.467647317154068 137.37063446493812 
2.0 18.39509615460703 141.07515339172014 
18.399623406318636 2.9288750514202966 172.12722725485875 
20.246781871773095 2.0 3.0434497162109913 
2.0 2.0 1.0493307260078297 
35.85075532864392 2.1494825099895825 1.8425368388137704 
2.0 2.1637019975705187 1.3686196563621462 
30.264367148203682 2.3258416891731466 3.5453533518802347 
27.617499317143903 2.776879631465772 139.68418753976772 
14.662556654509785 2.0 2.861218903895703 
2.0 2.1037820564756027 0.3103780379187979 
18.16350828500009 2.256810291116746 3.548984205667374 
27.641681720815573 2.2784602333873187 3.698660485336049 
2.0 2.0 1.5485561074115424 
2.0 2.022882294251042 0.6964880843962729 
2.0 2.4913844147461504 0.4791993849118903 
2.0 2.0 0.9997661966862176 
30.94388932401447 2.3633832954781546 2.490315965441871 
24.413645829517165 2.0029699007704016 7.605978993461743 
2.0 2.3623568169608733 1.2070279083592403 
2.0 2.112426123872726 0.36898923200519196 
26.702551577507435 2.125391754820294 3.410033426899488 
7.730857519466204 2.0386093994482732 0.5955854851253779 
2.0 2.010294448724028 0.42129352276451504 
21.79735678094183 2.266804928931945 2.263677256546684 
10.678631753300202 2.0754637599291943 1.0784443235452776 
2.0 2.423279145184539 1.4686624509666035 
5.505150110584715 2.068334675807843 1.3486972876903676 
2.0 3.579544868310679 0.1612457114154674 
2.0 2.0 1.6362225846341611 
2.51826434031625 2.198835441828934 2.0346453539252427 
25.065688084627368 2.005512332877893 8.593972756227174 
20.650484558209783 2.013415386439164 2.222544337758559 
2.0 2.0 1.839505537149763 
23.466943627577614 2.0 3.186149743149074 
6.680656658975039 2.0 4.18264593477615 
17.28462966484483 2.2742544324298235 5.79072756062695 
2.0 2.1485483021340324 0.9324074346582023 
18.264043158123524 2.0896167901225704 2.2912335468307905 
10.231198327737467 2.2187287095426877 0.9023390804895863 
22.783561615242185 2.2510513091759377 2.0416577673904355 
22.647805444402138 2.481769944156711 0.47010318003206913 
2.0 2.994547788544092 1.2990156823748071 
28.23867685012694 2.3264393890031627 1.9409663209739187 
22.510557468560364 2.31812114544825 2.7428296974680024 
2.0 2.123421928200883 0.8569622957599364 
21.632370845690758 2.1153918869439745 2.4013769225493884 
2.0 2.025540531895598 0.7914831570577257 
2.2225772132314057 2.3378228552985094 0.803881153240984 
2.0 2.5814212886633774 1.2065251259048662 
24.15859607272061 2.058246995082164 4.451146311800823 
21.067665269997303 2.0731437266272303 2.163090329030621 
19.02365341803117 2.0074511982032446 5.2408977079552415 
25.18958374310771 2.267762960142774 2.0683543947741954 
6.020325192827573 2.000082917520989 4.806732151257771 
2.0 3.019936790234648 0.4328858676799606 
28.54380417704986 2.084219379224046 6.552176713463375 
19.68826845758126 2.2830577028826564 1.5143062863461247 
15.825632769808477 2.153619788719748 1.3648128656852545 
23.172258251470858 3.214326656595836 23.52742607217674 
3.43032772343987 2.0172247166409307 2.4444036473049664 
18.47106296727024 2.0 2.623337689681901 
2.077483460675396 2.049209179028819 0.23780921836072222 
2.0 2.1093765097435995 0.7558094237740423 
3.913849710465488 2.0388360719591607 1.6706427481598587 
22.545896534241454 2.3623118443325475 2.6490353784404843 
2.0 2.465755223922951 0.1313160494781327 
4.244891233536021 2.0175575525015317 1.4549772611277745 
6.649069644740919 2.0 1.265360464270694 
28.512749901193647 2.4670557516725524 1.9556134543911856 
18.784835204974858 2.5901925326423885 12.842964546751563 
24.534333833994534 2.1027786643197643 2.7234035524862037 
3.61504011405127 2.0046872382218694 1.8052510772038466 
6.806118209271747 2.2040438315308086 2.595763951475262 
2.0 2.083768638419441 1.1859974363081436 
2.0 2.0 0.8870965371384083 
2.0 2.0 1.395519776137638 
2.0 2.0 1.037044314342754 
16.17679941590318 2.1243110119962196 2.1858553419205853 
2.0 2.0 1.089155618911199 
3.9330753270889725 2.0 1.7372514469820315 
2.0 2.394285281477503 0.7214812953483567 
2.0 2.191612949900865 0.6161960621730734 
4.239513722023856 2.024046312068397 0.9326239887895426 
3.2566986887482052 2.31438047641395 0.01834159037455585 
24.52966082205195 2.5406975619025487 12.916657055555383 
24.747028361384313 2.7430220588120164 15.721385903550656 
2.0 2.0 1.1330658131834561 
8.05012322949618 2.085040025836317 1.4429050584696101 
5.97397131455366 2.0175247992711993 1.8081155521732946 
13.443634010260055 2.0 2.386485465919076 
23.396368943032776 2.314399041836646 2.9015052407979756 
26.51413916633813 2.405595211739986 3.3220411725066565 
2.0 2.2279610738590083 1.6952771556435753 
21.10429477366324 3.0947217423719158 29.148914420513186 
25.75331070504527 3.0544451733772497 137.21559341212006 
4.1392963098752915 2.026040654954522 2.0859279307930936 
20.119889181185396 2.4368781700961186 4.855612249322151 
