0.075729400000 0.616152000000 0.603750000000 0.609917000000 
0.075720800000 0.617129000000 0.604904000000 0.611030000000 
0.069808500000 0.646777000000 0.635246000000 0.640267000000 
0.076063600000 0.615231000000 0.602718000000 0.608960000000 
0.077695800000 0.611018000000 0.597676000000 0.604426000000 
0.075584400000 0.627235000000 0.613492000000 0.616827000000 
0.077850800000 0.610983000000 0.597694000000 0.604421000000 
0.076522800000 0.612840000000 0.599929000000 0.606431000000 
0.075986400000 0.615238000000 0.602735000000 0.608978000000 
0.082609700000 0.595995000000 0.581983000000 0.586622000000 
0.075690300000 0.617161000000 0.604944000000 0.611071000000 
0.490979000000 0.067379100000 0.056703800000 0.071260700000 
0.081164400000 0.600925000000 0.587391000000 0.592252000000 
0.076507600000 0.612844000000 0.599939000000 0.606440000000 
0.081554400000 0.598582000000 0.584864000000 0.589576000000 
0.306558000000 0.166885000000 0.148562000000 0.171955000000 
0.422475000000 0.098931200000 0.085534700000 0.104138000000 
0.360525000000 0.151196000000 0.134281000000 0.158730000000 
0.069794700000 0.646812000000 0.635285000000 0.640308000000 
0.073446800000 0.635980000000 0.623040000000 0.627284000000 
0.077086400000 0.612332000000 0.599400000000 0.605886000000 
0.081162000000 0.608467000000 0.595244000000 0.602132000000 
0.749214000000 0.002116010000 0.001983800000 0.002919190000 
0.251807000000 0.216490000000 0.196343000000 0.222211000000 
0.083487500000 0.589457000000 0.574682000000 0.579850000000 
0.085128300000 0.586630000000 0.571590000000 0.576452000000 
0.140982000000 0.337447000000 0.315766000000 0.340860000000 
0.760829000000 0.001077810000 0.000988290000 0.001572440000 
0.071265700000 0.641241000000 0.628914000000 0.634294000000 
0.238087000000 0.240103000000 0.219696000000 0.246610000000 
0.075925800000 0.615899000000 0.603489000000 0.609651000000 
0.227005000000 0.240787000000 0.219925000000 0.246389000000 
0.083956200000 0.586889000000 0.571649000000 0.576762000000 
0.082799900000 0.594531000000 0.580416000000 0.584994000000 
0.707979000000 0.007754080000 0.006066260000 0.008368800000 
0.092496400000 0.445996000000 0.425663000000 0.444499000000 
0.387892000000 0.120671000000 0.106278000000 0.124824000000 
0.081674600000 0.597818000000 0.583924000000 0.588657000000 
0.083292500000 0.591613000000 0.577237000000 0.581885000000 
0.085647600000 0.586957000000 0.569174000000 0.573669000000 
0.086245100000 0.584999000000 0.569886000000 0.575358000000 
0.272708000000 0.185584000000 0.165949000000 0.189704000000 
0.072577000000 0.640011000000 0.627294000000 0.632974000000 
0.079087700000 0.609583000000 0.596187000000 0.602891000000 
0.070127000000 0.643944000000 0.632031000000 0.637181000000 
0.522306000000 0.053053200000 0.043396400000 0.054946400000 
0.087138200000 0.581247000000 0.565986000000 0.570726000000 
0.088466200000 0.580896000000 0.565596000000 0.570342000000 
0.292260000000 0.170002000000 0.151101000000 0.174101000000 
0.547698000000 0.044484300000 0.035903700000 0.046185000000 
0.112953000000 0.358906000000 0.336269000000 0.360260000000 
0.331397000000 0.157722000000 0.140163000000 0.163570000000 
0.633017000000 0.025116700000 0.020197500000 0.027526700000 
0.289995000000 0.171531000000 0.152375000000 0.175659000000 
0.169461000000 0.292165000000 0.269823000000 0.295671000000 
0.085825400000 0.586396000000 0.571626000000 0.576217000000 
0.462885000000 0.072728600000 0.060771700000 0.075124500000 
0.154880000000 0.317510000000 0.295031000000 0.320381000000 
0.205446000000 0.249490000000 0.227870000000 0.253719000000 
0.177602000000 0.273647000000 0.251249000000 0.277274000000 
0.215457000000 0.242630000000 0.221344000000 0.247323000000 
0.516945000000 0.059240900000 0.049694100000 0.061924200000 
0.363606000000 0.136286000000 0.118513000000 0.140812000000 
0.238801000000 0.220542000000 0.199716000000 0.224970000000 
0.684231000000 0.011038500000 0.009116860000 0.012815700000 
0.197288000000 0.254197000000 0.232040000000 0.258299000000 
0.391219000000 0.112022000000 0.096943800000 0.115604000000 
0.104045000000 0.425109000000 0.403593000000 0.424215000000 
0.334548000000 0.154454000000 0.135460000000 0.159325000000 
0.124308000000 0.357973000000 0.335514000000 0.359775000000 
0.732168000000 0.005996780000 0.004939860000 0.007650670000 
0.089728400000 0.575370000000 0.559029000000 0.565046000000 
0.129910000000 0.350096000000 0.327829000000 0.352247000000 
0.260184000000 0.216282000000 0.195083000000 0.220898000000 
0.387123000000 0.122648000000 0.107276000000 0.127959000000 
0.564089000000 0.042463900000 0.034720200000 0.044808200000 
0.192186000000 0.273715000000 0.251181000000 0.277543000000 
0.429244000000 0.090108800000 0.076696000000 0.093207700000 
0.567358000000 0.040500800000 0.032716100000 0.042396900000 
0.130949000000 0.340949000000 0.318188000000 0.342949000000 
0.142177000000 0.323888000000 0.301074000000 0.326223000000 
0.080112000000 0.608897000000 0.595171000000 0.602122000000 
0.144158000000 0.322174000000 0.299574000000 0.324829000000 
0.321351000000 0.167012000000 0.147261000000 0.171996000000 
0.101438000000 0.426169000000 0.405625000000 0.425987000000 
0.696641000000 0.009319180000 0.007721620000 0.010124600000 
0.076411200000 0.614770000000 0.602243000000 0.608476000000 
0.679926000000 0.012913100000 0.010808400000 0.015289900000 
0.174943000000 0.284007000000 0.261706000000 0.287646000000 
0.678374000000 0.019216300000 0.017102200000 0.022428000000 
0.592185000000 0.030719700000 0.024098000000 0.031942600000 
0.493204000000 0.063198900000 0.052312700000 0.065319800000 
0.739328000000 0.002611130000 0.002315560000 0.003208100000 
0.158000000000 0.298562000000 0.276000000000 0.301904000000 
0.195721000000 0.259197000000 0.237329000000 0.263214000000 
0.085961800000 0.586302000000 0.571462000000 0.576081000000 
0.107469000000 0.390764000000 0.368929000000 0.391661000000 
0.124019000000 0.358331000000 0.335874000000 0.360093000000 
