2.0 68.54339094383171 229.41962754519488 
2.0 79.79740195579909 208.09645704002514 
2.5001173593663433 92.57997241539661 184.93192731836876 
2.0 62.722025284892446 206.77165807449535 
2.0 36.05643637471485 143.10457709976936 
3.1656582899183343 58.75286302975171 39.85730088341767 
2.0 35.15533496819171 256.0 
2.0 45.60190718091411 128.0 
2.0 55.21732505964291 115.2 
2.0 73.59241406254213 28.466126861371485 
2.0 76.99670333317528 0.0 
56.654537883139916 2.3843526715472017 0.9883280211400307 
2.0 89.89709232561947 35.29802147767277 
2.0 42.60260714066972 129.85421890580952 
2.0 79.91022401785186 31.268449504767617 
80.36715110433686 2.390355341992038 1.7469594631172756 
87.18268740775665 2.0 1.2876301021995147 
189.5256106145593 2.2340386113185016 1.417719746588553 
2.603054786765119 76.70022480442735 208.13882629865606 
2.6095950634252407 61.57825723869957 65.30661690348485 
2.0 43.89898467169414 96.75504143054427 
2.0 29.811062459259766 256.0 
3.1292517651565017 11.73535060706127 0.04051280052818723 
123.64109783665496 2.054656714075528 2.3264692808809753 
2.0 41.79781752828276 25.437225812619253 
2.0 44.607190127957445 21.04714347495441 
37.168392876347056 2.5457560159369823 3.6878934600628708 
2.0 2.3475976658339537 0.05418724064998415 
3.0150928849108194 46.21167735301949 125.83457127302057 
164.14688263578606 2.0 2.5994256126550876 
2.0 74.53391626360286 101.90210472522425 
117.45041909977208 2.0 2.4272967498589537 
2.0 37.200571463250284 23.133166722613872 
2.0 73.30614292731188 26.378262600666503 
5.870347617723468 2.8609344523509277 0.29706249954631403 
24.904789817141662 2.0 8.91823869172386 
34.55601411702207 2.5961472704682493 1.4505630539817256 
2.0 69.50695965223717 31.21948221216256 
2.0 62.64274642212448 24.010624886746 
2.6115756289929495 22.164831017005728 16.71554441472457 
2.0 29.063067743734372 24.400917382180566 
26.089027485791178 2.0 1.99840569504493 
2.65903659245462 36.69755509451009 180.12516442019154 
2.0 37.92463358199673 87.65414943302437 
3.1708616341205422 57.04879025818292 130.84463877237033 
21.035117127317676 2.11543908096784 0.8809050899968787 
2.0 55.44361023059993 17.04928126149626 
2.0 60.938178519311414 16.864183758966753 
30.04614294887 2.0 1.914709627323268 
19.623803227843606 2.3275450448710218 0.7682429141264818 
14.700000000000001 2.4241956821606867 4.617966942211268 
124.95676399830546 2.3900026209448 1.668490240766579 
80.2042813283425 2.0 0.4651559819788025 
12.206206524252915 2.0 1.8875070379544865 
44.361020901579245 2.0 3.312176755885996 
2.0 76.44575239237454 19.069327208543665 
18.890161512572288 2.0 1.0332882229784741 
50.42264811455996 2.0 3.6707083404928085 
36.357170688015806 2.3909815929716336 2.69634501716734 
15.156635172772042 2.0 3.043361751440835 
58.21821866152367 2.3224568243373533 2.6188188344065324 
113.08162445473265 2.2201526674571235 1.0592744772967497 
2.0 2.0 1.6677495748225601 
33.012107221965344 2.229573976821806 2.358847475463304 
68.36864583427561 2.419649250126535 0.2784420153589271 
9.618347391155844 2.2116288045494588 2.8137173188857236 
48.32967300544199 2.0 1.396421219377924 
37.79822573145343 2.5925768865882635 5.868803315743209 
2.0 2.0 1.8403420624182425 
31.577009180742493 2.2286331929003818 4.47391856054358 
39.53976384906325 2.2013766505729477 0.1444658051868366 
2.0 21.921227556927597 19.52999566638265 
53.19299352645263 2.4944694087156987 4.315005895915512 
5.693813644006103 2.0 2.40603980107808 
93.21728191259547 2.0 1.3305306981924656 
73.00876747268222 2.295122561255974 0.7135864323162413 
10.870983596228353 2.0 3.0624733906495916 
34.273786517943655 2.0 1.2005308943824429 
35.386152283839756 2.0 0.7615310405621756 
18.59464401061723 2.0 4.166994377372045 
17.29066039697612 2.2363933746295555 3.8469965093194833 
2.0 34.47711869401361 91.25091621974425 
34.58972216337597 2.0090007616382475 3.7940798830192697 
2.157292901268578 2.0 1.9673321084982218 
27.31375111924291 2.0 7.13928333943267 
75.54408789981949 2.0 0.25470492287845437 
2.0 55.59825084370344 98.54725250800622 
32.637424930970624 2.5085794202908613 0.3326527402996473 
46.25600790696848 2.0 3.199033793920317 
2.0 119.16076059590958 0.09810347087824942 
13.206470635609968 2.373268320570545 0.6325287507175263 
22.060659342241003 2.3807006040137484 0.9404148962025357 
26.839236695251614 2.0 0.027542001861322163 
22.857638545983306 2.1090935282227714 3.392792576089877 
40.97432356524075 2.272748058399259 2.793866899755615 
2.029505873982913 58.87444413943197 19.599889039929167 
25.576701603297586 2.3232915978507456 5.492544566025661 
37.33357314386737 2.1092163278022147 4.509220224255579 
