0.476449000000 0.022138700000 0.014303200000 0.016152000000 
0.268047000000 0.113356000000 0.085372700000 0.089583100000 
0.046991300000 0.372285000000 0.326824000000 0.328862000000 
0.059742000000 0.341417000000 0.294659000000 0.300423000000 
0.366596000000 0.071450900000 0.050405600000 0.053506200000 
0.063997300000 0.338908000000 0.296495000000 0.304531000000 
0.021955500000 0.485653000000 0.459508000000 0.471785000000 
0.049084200000 0.369156000000 0.323527000000 0.325930000000 
0.053236500000 0.360492000000 0.314164000000 0.315981000000 
0.298875000000 0.103502000000 0.073827500000 0.075924900000 
0.255198000000 0.125697000000 0.095061800000 0.098523000000 
0.050593900000 0.363197000000 0.317155000000 0.319622000000 
0.536752000000 0.003299600000 0.002087650000 0.002881480000 
0.099856400000 0.243694000000 0.203847000000 0.211803000000 
0.258608000000 0.123504000000 0.092194500000 0.095067900000 
0.417980000000 0.046768800000 0.030537700000 0.031235700000 
0.042512900000 0.385131000000 0.340792000000 0.343117000000 
0.468636000000 0.025109500000 0.016453400000 0.018528400000 
0.041990300000 0.444084000000 0.417471000000 0.438915000000 
0.079387700000 0.286854000000 0.246875000000 0.256340000000 
0.082432700000 0.283097000000 0.243057000000 0.252436000000 
0.328965000000 0.088496400000 0.064082300000 0.067557600000 
0.279245000000 0.109124000000 0.079822700000 0.082348100000 
0.457458000000 0.029982700000 0.020330900000 0.022309600000 
0.262625000000 0.120538000000 0.089617800000 0.092435800000 
0.360686000000 0.075002400000 0.053276800000 0.056442600000 
0.555398000000 0.001846700000 0.001181470000 0.001692410000 
0.055009800000 0.348161000000 0.301841000000 0.307652000000 
0.025454000000 0.482763000000 0.455552000000 0.468773000000 
0.204418000000 0.156218000000 0.121874000000 0.125716000000 
0.227008000000 0.141915000000 0.108166000000 0.111895000000 
0.066575100000 0.326228000000 0.281252000000 0.288681000000 
0.075323600000 0.304634000000 0.265186000000 0.274619000000 
0.392514000000 0.054217200000 0.037203400000 0.040052900000 
0.192587000000 0.164960000000 0.129311000000 0.134460000000 
0.123009000000 0.217236000000 0.178511000000 0.184965000000 
0.320780000000 0.091159900000 0.066392700000 0.070080400000 
0.291851000000 0.108401000000 0.078724800000 0.080813400000 
0.043563800000 0.379146000000 0.334269000000 0.336492000000 
0.372074000000 0.067818300000 0.046044200000 0.047749000000 
0.028358500000 0.478334000000 0.450984000000 0.462523000000 
0.042034100000 0.397555000000 0.354435000000 0.357083000000 
0.407949000000 0.051674900000 0.035272900000 0.038073700000 
0.092766300000 0.256228000000 0.216212000000 0.224804000000 
0.110918000000 0.235054000000 0.195547000000 0.203053000000 
0.506949000000 0.014411000000 0.008904210000 0.010456900000 
0.464320000000 0.027538400000 0.017937000000 0.019832200000 
0.173112000000 0.174712000000 0.138657000000 0.142994000000 
0.382872000000 0.063714700000 0.043204800000 0.044313900000 
0.166843000000 0.178159000000 0.141889000000 0.146372000000 
0.180453000000 0.170684000000 0.135046000000 0.139266000000 
0.442076000000 0.036948300000 0.024447800000 0.026851500000 
0.035985900000 0.458617000000 0.431173000000 0.451604000000 
0.246396000000 0.131709000000 0.100192000000 0.103692000000 
0.035513900000 0.462735000000 0.435136000000 0.455632000000 
0.079258400000 0.295544000000 0.255715000000 0.265237000000 
0.527882000000 0.005843370000 0.003502690000 0.004181840000 
0.114766000000 0.223345000000 0.184368000000 0.191238000000 
0.083262900000 0.279145000000 0.239010000000 0.248406000000 
0.135691000000 0.202309000000 0.164410000000 0.169969000000 
0.340265000000 0.084759000000 0.060985400000 0.064325500000 
0.065887500000 0.329308000000 0.284470000000 0.291973000000 
0.198028000000 0.161788000000 0.126160000000 0.130055000000 
0.436123000000 0.040289600000 0.026881900000 0.028811100000 
0.356977000000 0.077110900000 0.055043500000 0.058494600000 
0.156539000000 0.191443000000 0.155336000000 0.162169000000 
0.042199600000 0.390405000000 0.346587000000 0.348993000000 
0.350220000000 0.080184000000 0.057324300000 0.060798200000 
0.304897000000 0.101698000000 0.073108300000 0.074939800000 
0.033209800000 0.469627000000 0.441390000000 0.461179000000 
0.240698000000 0.137905000000 0.102741000000 0.106136000000 
0.271026000000 0.116934000000 0.086489800000 0.089144300000 
0.251300000000 0.128190000000 0.097474200000 0.101720000000 
0.512295000000 0.007731030000 0.004828120000 0.006063690000 
0.157126000000 0.184930000000 0.148177000000 0.152872000000 
0.039120700000 0.451445000000 0.422939000000 0.443911000000 
0.452522000000 0.032872700000 0.021657100000 0.023523600000 
0.145974000000 0.201935000000 0.164503000000 0.171088000000 
0.232843000000 0.133379000000 0.102831000000 0.107513000000 
0.491560000000 0.014911800000 0.009553370000 0.011108900000 
0.053262700000 0.354086000000 0.308121000000 0.313899000000 
0.098302800000 0.245354000000 0.205427000000 0.213442000000 
0.482298000000 0.019499600000 0.012591100000 0.014223600000 
0.070258100000 0.317005000000 0.273319000000 0.281226000000 
0.216876000000 0.141289000000 0.109862000000 0.114812000000 
0.113401000000 0.228396000000 0.189127000000 0.196318000000 
0.385862000000 0.057800500000 0.039837600000 0.042750300000 
0.186124000000 0.166832000000 0.131450000000 0.135510000000 
0.214605000000 0.144258000000 0.112517000000 0.117481000000 
0.104893000000 0.238814000000 0.199189000000 0.206920000000 
0.030417000000 0.474693000000 0.446771000000 0.466701000000 
0.077060700000 0.299377000000 0.259710000000 0.269211000000 
0.278031000000 0.108084000000 0.080782700000 0.084777900000 
0.074311700000 0.312662000000 0.267346000000 0.274563000000 
0.089638700000 0.261349000000 0.221182000000 0.229995000000 
0.104684000000 0.239658000000 0.199946000000 0.207672000000 
0.150852000000 0.193746000000 0.156344000000 0.161470000000 
0.426111000000 0.042048100000 0.028134900000 0.030586500000 
0.310714000000 0.095958600000 0.068923700000 0.070828200000 
0.211268000000 0.150578000000 0.116809000000 0.120504000000 
