12.01412519522345 2.0000262519636673 0.38604085109014763 
4.05628157662707 2.261050529107977 1.4642617829620745 
65.50657429273033 2.0579714531764464 5.484764658304974 
17.101624752042746 2.0 4.837938289311563 
2.0 2.03101509155498 1.098898579998159 
7.40736956590257 2.0 5.655273591265596 
39.90087765727639 3.5024014876624197 13.747874001830255 
63.198778747980455 2.0759595517715708 5.440812070362153 
67.98928900443673 2.000221057764823 5.138518308260421 
2.836443529759714 2.517152533480757 1.3142114630891013 
5.439607838443671 2.028395080237323 1.5720933479243726 
61.354165959259966 2.0596304709598483 5.1352254047787245 
2.0 2.4187163530109648 0.10047909014681844 
4.9496237195906065 2.0 3.1571937811801254 
2.0 2.8710015776794275 1.5385841715604298 
2.0 3.345328366780862 0.7832724249710452 
67.72840216656114 2.322464592387284 6.271834573783444 
8.548556956515718 2.4100604021697825 0.4475518924830915 
7.8428406166507685 2.5299480754064887 14.119100973995629 
5.064629838651253 2.347224074095611 4.303233695453623 
5.28855940306339 2.3706718542416105 4.171764560281921 
2.0 2.0092924951627977 1.2851091134406831 
2.302099259684732 2.5251285523477778 1.3860639462722175 
67.04176851178185 2.4454896461946594 0.3591515210501031 
2.404096507909921 3.488141983525539 1.506845308425669 
2.0 2.0 1.135534676316576 
2.0 2.0 0.028743201187440892 
16.900128113952434 2.004144606148585 5.1362413177675075 
83.73379877868082 4.32246146514966 11.075190128001099 
4.753638275619231 2.1301171092884674 1.9058717539965286 
3.844267421722609 3.4233093813276443 1.6461087677857038 
8.662367246128987 2.0 4.688547245939022 
5.07447426848 2.001107998529088 4.982154458522919 
2.0 2.0 0.8964015947216557 
3.662491614177304 3.2335161051475207 1.886222505308863 
5.122698935551185 2.0825767203426193 2.7094072172964596 
3.585588825181654 2.0 1.2079929973423758 
4.183496675060214 3.175301683242038 1.3065922893591007 
65.78438805000735 2.0867875299501573 5.865523081487719 
2.0 4.457697647723254 0.9240661209872596 
38.208680621558734 3.9265511327446525 11.797732501668653 
71.92373143701866 2.320596791777661 6.982473744707237 
2.0 2.0 0.8690744103704806 
5.0620070568708 2.1845736205693154 3.4381034190879047 
4.889187186742717 2.1665097429926394 3.00942670368769 
5.916575866012165 3.870506835299395 0.2555628365967886 
13.10885636146315 2.0677934248654957 0.4551790717229717 
4.699802088926513 2.4811721126762913 2.1242585599312265 
2.0 3.4562325698826974 0.9452283364120911 
5.182166225466803 2.0 2.1662115003827003 
4.943397920578795 2.1406399610048985 2.078737107381621 
2.0 2.0 0.6900018269346049 
10.348040203550987 2.588536691623749 15.945971281668458 
5.49333386424913 2.0669681494107515 1.6360821473701934 
11.815420745316596 3.3450935960351993 14.789195665488103 
5.248263189737466 2.0 4.593870743075892 
10.994188188186811 5.180156828543938 0.06510579278646927 
4.677608145145703 2.138816137219042 2.8200586755226356 
4.832163210314279 2.012680496510685 4.0505443125344165 
4.664707891538665 2.1707812729983127 2.487360020217931 
2.319963778359095 2.0362530751628674 1.2436676193329919 
9.430978967179 2.0 4.81091370672115 
4.792308561782596 2.6162338921479895 1.8325535417796113 
19.531137964747494 2.0 0.580922462948019 
5.051370567384434 2.015094079695402 1.0658800033833649 
3.8687378105208117 2.3970446097943907 2.3892331027660356 
67.0820378414075 2.2020236311420818 6.505716704285383 
3.506882012987192 2.076428147919718 1.0931171623814848 
4.340225766996456 3.1712751639410177 1.2491954128831941 
12.640270322771023 3.187238323981584 14.750761860907883 
3.43460071893392 2.5930550041748415 1.6373236699702192 
2.0 2.7431195379383597 1.4725643142164877 
2.0 2.238968992792808 1.7190983844984118 
11.154728391205447 4.0829183121229065 0.15072223306215005 
4.600313859197089 2.2123652435747423 2.2593928276159607 
9.809377546119281 2.639902713909257 12.79455213083791 
32.452257120968916 2.0 0.48404193478428165 
5.9920277331785625 2.457548081290916 2.4685861690086783 
4.462654948408853 2.2261855413284835 1.6948893872171527 
9.828979368681534 2.1805754160213073 0.3010779308264635 
16.558098325575276 2.4863747131096323 5.395996901964253 
4.7802614314085465 2.46308842510276 3.18764001866051 
21.42834315374433 2.161982826063547 0.3298762384521148 
7.475096907554808 2.4325871578652185 4.6561396361251255 
3.770659059086761 2.205987458245981 1.7881147508363084 
4.512318002377523 2.3923462812297527 2.887876181212371 
2.0 2.007559111431609 0.9350575812408123 
5.2928551632245195 2.18675385672805 2.0398918309512752 
3.754910559910402 2.3250264260707754 1.8297605745076488 
4.983370249069046 2.086393061519892 3.086472853107572 
16.528406750991227 2.642476686638556 15.414143849146605 
4.521114153131717 2.2081259276629517 4.751578021749329 
3.6307994470550655 2.0 1.4026158767854031 
8.503225747022492 2.1666785479695383 4.216195226686009 
5.254993694786781 2.192405685023354 3.545589188517648 
5.449544325843024 2.232292108202165 3.1042046004899486 
4.604505685651224 2.184290400692155 2.3726728037375655 
2.0 2.0 0.7554817366612094 
2.0 3.134239421242402 1.2610663180571846 
5.191933442076154 2.4624817939861985 1.8471405126116558 
