2.5932283456699365 44.97763439599189 0.0 
3.119558638659551 56.55374906210846 78.40706662529877 
2.466231835623036 45.90507574289396 10.254740142155082 
2.0 42.93571729165447 0.0 
2.0 2.0 0.9319828671259677 
2.11168843141881 22.20701185725879 3.265646848131545 
2.12175337261196 62.49877005888597 10.831900458886004 
2.4519155400792405 29.696776184841596 4.392464828968432 
3.0272413595624963 54.73672325218175 28.327910855659198 
5.197478456590231 2.0 1.0544659830067298 
2.0919163140027717 46.975641618610645 6.083069291379886 
2.0 14.786640668193591 2.568625158679257 
6.736924911759677 2.0 1.6141339960775296 
2.075473285253032 16.18079575028696 2.8784796886228263 
6.347754692363259 2.0 1.4487393263508705 
3.51762463583505 2.321297017531556 1.7888329167123773 
5.53214858954676 2.0 0.7691034994394782 
2.0 2.0 0.8212204220849095 
2.0 2.0 0.3972289019705151 
5.464858021171738 2.0 0.8106812693891764 
6.888219166254851 2.0 1.6699462611583913 
3.592755117388154 2.0 1.8725921724961383 
4.006377470990971 2.0 2.340073245912923 
2.1641649926314073 43.905180860527494 5.703483404327631 
2.0 22.290082022938954 4.271838358440231 
2.417805489947364 2.882116305470861 1.467775132412031 
6.499459415105144 2.1550599836466766 0.6056071748986377 
2.0770032413046873 2.0 0.8977130511904943 
2.34423020201719 2.0890073192178873 0.9938703823138636 
2.248537805589719 61.565908250318245 17.731844283615583 
2.4590220164112417 3.0470006458344754 1.5386025367558713 
2.0643015166151906 2.0 1.2896986866570697 
7.244777245289384 2.0 1.1336636993120712 
2.0 2.0 0.869590196662976 
8.007916829969801 2.0 0.673992176671198 
2.032242586953638 29.117089448009686 3.8581861816119654 
2.0 2.4189305645080563 1.3263611280399243 
2.0 2.0 0.43204702583750243 
2.0206745835018802 2.3409072275450606 1.0504420946412703 
6.249786188273825 2.1186155501683794 0.7045597333928915 
2.4154891797550992 43.25733363288078 6.481694238545275 
2.0 2.0 0.3184541105006018 
4.023888255818473 2.0 4.014348295738567 
4.041887808281894 2.2408656128094107 2.2780258480709064 
2.1089194974864984 12.980819342956082 2.9763841665622346 
2.2391795543776127 30.917726694269145 5.103436345420458 
2.023964364712259 3.376909273099928 1.676283478287536 
2.0826644544184734 13.164095390523029 2.5510067216764223 
2.0 17.987184559704783 3.48452854392265 
5.994856332858329 2.344802917131451 1.972250169248066 
7.086085538087765 2.0 0.6428662473703319 
7.593654183032802 2.0 0.33619904019370617 
2.0 45.04574208525966 14.495749021098266 
3.5831688130335193 2.1049620068126167 0.13716089048966484 
2.0 41.64650703082606 6.859359513872459 
2.1567013852821266 14.14747393342784 2.7140180977336583 
2.0154793340604313 28.304689161640926 7.7627138113159155 
7.3648307355389235 2.0773462081518974 0.7275733208395448 
7.427057846793106 2.4298310337534486 1.3030333471773956 
2.0 31.097167329568553 5.454431512362934 
8.213530994277741 2.0 1.6705724327721747 
2.4655367817014815 20.803779879167955 3.6267222865982767 
2.1349304695691824 2.0 0.4590990526430907 
6.333589647772388 2.20933597264331 0.4826838945188313 
2.0 2.046484589071383 0.9452529145550663 
6.2634367004057845 2.149236390292355 0.19304544386174882 
2.056934903631771 46.79782529094523 9.158258536899737 
2.1753794241966777 14.170674483060274 3.1295559181642707 
2.0913717824077476 2.390513643826221 1.2570708044610788 
7.748659276358776 2.0 1.7653251961409455 
2.1058805006218417 2.2799819114616735 0.2635203611861119 
2.0 2.0 1.1690952563667032 
3.1660831207575977 2.3138857121264613 0.551183729662932 
6.392298957687199 2.2451242494823083 2.0865992116934997 
2.0 73.36841432031751 19.68293916601728 
6.525838693956549 2.0 1.9544572692785394 
2.46128188741458 24.321770572155604 4.671656530768211 
8.036010255731455 2.0 1.081725283050665 
2.165013092859242 16.03984024182419 2.482617009878145 
2.9375729955274785 2.0 0.0362884948975255 
2.0 2.0 1.0697473819993792 
2.1940371429569705 43.21075353394205 8.129361551497817 
7.948378814934286 2.0 1.8420582207418434 
9.779782033439645 2.0 1.8655866658096372 
2.1058204352503367 8.539756960440712 2.3742126037729836 
2.0 75.72380524157094 33.90129053102157 
2.459319631083235 2.4012206182002878 1.6130498928863004 
2.364520796515004 15.052313831320223 2.646880145426243 
7.275951039201396 2.0 1.1820744559104708 
6.522342742604409 2.391889729868606 2.0342193057131666 
10.322472752120829 2.0 0.4394670485324377 
2.620952492836908 32.512916734117205 0.0 
6.969934327850738 2.0 0.5711792997331844 
8.299795591737755 2.145770804965792 1.4896591623820004 
2.0 2.0 0.9764580667773628 
4.438813547356222 2.237437537170077 1.3720515484074323 
2.0 22.913313526158163 4.950737990392212 
2.0 23.491162980432172 3.0583659188377066 
2.0260289347740974 22.4341508515469 3.772446471148448 
2.0 3.996022961404181 1.4319270906720867 
