2.691943264112542 62.843549821961446 54.376341287129435 
19.009802175147804 2.0 0.43390802421526065 
19.172632356730194 2.2815242393728887 5.249540256506853 
32.682041370110326 2.0 2.0128587782390417 
63.95615005066246 2.2875796159546544 1.6499589190261466 
2.7922864784428327 72.66652694693065 62.586573901040445 
72.1082364190326 2.021594828444705 1.2339251836192169 
43.849967657053156 2.0 1.5002374776219318 
10.272740735306956 2.4712265076834976 2.77745330751652 
9.397028999926473 2.093633678747681 3.105775338187666 
2.0 27.227707771010593 129.98941961232094 
20.005616775097007 2.0 5.4346440410655 
62.254541402021 2.3436525220402875 1.7771276293946416 
12.202177484213209 2.0 7.29347752484744 
14.55835813330296 2.0052388196672473 0.8671235578395113 
10.687836935444906 2.028445792599323 0.05847473210114637 
51.37720700768137 2.0 0.49877129661287833 
2.0 47.420364145695785 30.14705605944519 
2.0 88.08599081183536 32.156799832985 
2.0 78.86451447538606 106.4080146430231 
23.651406379940138 2.0 3.633914693079201 
3.306369681657121 87.30566599792493 114.94151957453072 
15.110981816221715 2.087188187469387 3.4150812404998083 
23.423388730304058 2.0 1.6801690202112523 
18.110478297478835 2.007134412704184 2.7980988944529286 
14.351879084981448 2.0 1.1364079273132006 
22.67371577639425 2.050648200417533 0.9253096537683383 
53.13894064319317 2.2305772736658414 2.1126242711094454 
10.395645819588823 2.321455270297881 7.990397558932473 
23.722235768731583 2.0 2.887130472162776 
15.373450191344755 2.0 3.6088449528843176 
12.552039740924638 2.1417341732836266 0.29195603713912366 
8.183815140704851 3.410196243864157 1.0143487705499497 
22.44754411658251 2.0 0.38313437991490673 
2.0 2.0 0.008997902889595677 
30.235965457965555 2.0 1.3356426925304157 
12.354694147260677 2.0984382287484578 2.4385618096046002 
12.930157935829104 2.00135216948306 2.3725102726761076 
2.374689138814123 47.39254250588194 22.051554523554284 
13.3950747708679 2.0 2.513326346466213 
67.05883926929266 2.006928178950583 1.6464184245230638 
22.670598441782744 2.0 4.549112833370841 
7.83812254049762 2.0 0.19297487411666636 
7.5550301299973945 2.0237967056003936 5.0528778816489 
81.04338758562486 2.007898463766557 1.663403495030699 
79.76080783405286 2.0 1.3198651813509699 
29.07697256193879 2.202262844277054 1.8294416018922623 
24.015767180466426 2.0 1.982108100316792 
14.593379978695118 2.089896061869763 1.4670074326650386 
29.052191252185253 2.0 2.8818105742172877 
14.457824784466883 2.0054469298739384 3.3777150070361897 
13.60466713691904 2.0 0.48231258828231205 
12.980096011710666 2.0897607650706838 4.099965366701532 
15.076511872497612 2.0 1.0562074317176382 
12.345459619499579 2.0544082462577413 3.020017698593674 
25.094281172228257 2.0 0.6827576039160874 
11.991709809033049 2.0 2.2554313300640167 
17.657836486887955 2.05909169936311 3.284202852563582 
27.49938704265594 2.0454673333590145 1.0109334582578255 
6.547905424754337 2.0005182726773225 0.8132952711701471 
11.759706251369503 2.04619263564813 1.980275151893312 
2.0 41.95426577747479 17.576436693192527 
27.079771768397254 2.172850936768361 1.8100286526967382 
13.075501515395484 2.0 1.186318288217953 
13.708465202146568 2.0941054654796716 4.983555504121683 
2.653365192361006 46.707010290802266 100.19639674943977 
28.524374323185462 2.0 5.127078167908424 
14.929582932738615 2.0 2.1454510370639035 
8.924724857847288 2.0645094553298318 0.6860561588411305 
36.93441704884708 2.1601711304407916 1.6135315534317614 
13.112429661241231 2.190657559978813 4.722587046700056 
5.081954676001928 2.0 0.9087084735234139 
17.762176278525907 2.2939877313398274 4.3172434193442 
10.844458150379511 2.0551156744918293 1.0754016347276045 
21.88754540900968 2.0 4.37413191412772 
35.6332656998331 3.1539438059699014 1.276024253094817 
23.6980394729282 2.0 2.337276300905559 
18.263815249964836 2.0833262627126516 3.9471984318381175 
19.601324897416966 2.063921817847536 0.715963552828991 
75.54411576861466 2.2453139557020485 0.024650827399039343 
11.69785661229986 2.0 2.169981547902533 
18.712614209694475 2.387101720556133 0.5085830957110007 
12.213322503950376 2.1951217453920635 5.705382562170595 
13.923405620275254 2.152201005305167 0.7350853218211632 
17.883688533447724 2.0068488447842068 6.118869875400984 
10.520788075218585 2.151425539195499 2.232012754659424 
10.435192215631366 2.0 2.6779945299831525 
11.712990178309049 2.333121203874819 8.308765517621076 
22.211070512514848 2.3270386752248218 4.162207083149927 
25.02405844391301 2.0129954813891993 1.7447663695749078 
28.21525196054914 2.159644120331045 0.14232779255203365 
17.7170962049181 2.1123130254934375 1.4022224114787782 
4.488677564452384 2.0741461116012205 0.9515120486400317 
23.164920290914203 2.0645612212794218 0.6101226426194506 
19.623655078609016 2.025992481615392 2.5955981625139866 
2.0 42.84157361146242 93.91778841541452 
16.357773543216513 2.131663639317833 3.535680491831397 
18.38627008133121 2.0 1.890951827812721 
23.530926522411626 2.060942875689608 0.5759282062469906 
12.69651183609687 2.09911006578778 0.7815992908751013 
