0.069382200000 0.644816000000 0.633214000000 0.638155000000 
0.088450900000 0.579610000000 0.563623000000 0.569585000000 
0.086573100000 0.584908000000 0.569294000000 0.575185000000 
0.083815600000 0.590216000000 0.575505000000 0.580691000000 
0.511386000000 0.056762300000 0.046748100000 0.058901800000 
0.125058000000 0.332796000000 0.309801000000 0.334897000000 
0.100217000000 0.379257000000 0.356708000000 0.380187000000 
0.081603100000 0.597065000000 0.583069000000 0.587893000000 
0.224743000000 0.226945000000 0.205719000000 0.230958000000 
0.661699000000 0.015728100000 0.012267700000 0.016951700000 
0.321942000000 0.152030000000 0.134245000000 0.156223000000 
0.270820000000 0.189500000000 0.169845000000 0.193838000000 
0.343133000000 0.148659000000 0.130626000000 0.152790000000 
0.205289000000 0.241041000000 0.219242000000 0.245230000000 
0.174697000000 0.275527000000 0.253094000000 0.279284000000 
0.481309000000 0.069892300000 0.058438400000 0.072613800000 
0.172431000000 0.278904000000 0.256610000000 0.282528000000 
0.153840000000 0.301097000000 0.278406000000 0.304122000000 
0.405972000000 0.101671000000 0.087322300000 0.105044000000 
0.185533000000 0.264790000000 0.242573000000 0.268560000000 
0.457919000000 0.074579500000 0.062573500000 0.077363100000 
0.356384000000 0.124674000000 0.108293000000 0.128191000000 
0.680489000000 0.012642700000 0.010294200000 0.014442400000 
0.382885000000 0.114881000000 0.099735400000 0.118851000000 
0.584488000000 0.032789900000 0.025918600000 0.034044600000 
0.193571000000 0.260283000000 0.238317000000 0.264306000000 
0.216990000000 0.236246000000 0.214860000000 0.240526000000 
0.327960000000 0.148488000000 0.130884000000 0.152602000000 
0.351647000000 0.133838000000 0.117282000000 0.138196000000 
0.650311000000 0.017976800000 0.013731400000 0.018788500000 
0.396775000000 0.108502000000 0.093361500000 0.111444000000 
0.522306000000 0.053053200000 0.043396400000 0.054946400000 
0.473600000000 0.073275300000 0.061693300000 0.076485300000 
0.598522000000 0.030894000000 0.024895200000 0.033289700000 
0.377324000000 0.118344000000 0.102649000000 0.121817000000 
0.416249000000 0.098647000000 0.084294100000 0.101592000000 
0.493701000000 0.064062900000 0.053192900000 0.066400400000 
0.730756000000 0.004286840000 0.003666170000 0.005646500000 
0.614909000000 0.026240500000 0.020547500000 0.027545600000 
0.130882000000 0.330740000000 0.307915000000 0.332942000000 
0.529089000000 0.049193100000 0.039754500000 0.050961300000 
0.138689000000 0.315791000000 0.292822000000 0.318523000000 
0.075690300000 0.617161000000 0.604944000000 0.611071000000 
0.109566000000 0.363973000000 0.341409000000 0.365458000000 
0.300754000000 0.168033000000 0.149099000000 0.171835000000 
0.199131000000 0.248363000000 0.226381000000 0.252399000000 
0.575559000000 0.037348000000 0.029986600000 0.038971300000 
0.112154000000 0.355762000000 0.333112000000 0.357400000000 
0.121681000000 0.345461000000 0.322636000000 0.347081000000 
0.549520000000 0.045671300000 0.036905700000 0.047990700000 
0.343350000000 0.138993000000 0.121958000000 0.142911000000 
0.284709000000 0.176168000000 0.156892000000 0.180167000000 
0.366667000000 0.121545000000 0.105697000000 0.125358000000 
0.181941000000 0.270958000000 0.248806000000 0.274779000000 
0.164554000000 0.282958000000 0.260228000000 0.286570000000 
0.628274000000 0.023624500000 0.018801400000 0.025295100000 
0.197227000000 0.255331000000 0.233382000000 0.259346000000 
0.146961000000 0.310442000000 0.287862000000 0.313331000000 
0.767137000000 0.000662698000 0.000698312000 0.001170250000 
0.251134000000 0.207659000000 0.187360000000 0.212223000000 
0.436249000000 0.084793900000 0.071640900000 0.087506800000 
0.092667100000 0.431756000000 0.411038000000 0.430856000000 
0.226645000000 0.220196000000 0.199044000000 0.224353000000 
0.290005000000 0.172205000000 0.153300000000 0.176437000000 
0.161391000000 0.294450000000 0.271901000000 0.297854000000 
0.236342000000 0.217941000000 0.197130000000 0.222278000000 
0.713683000000 0.006060490000 0.005096200000 0.007480630000 
0.391219000000 0.112022000000 0.096943800000 0.115604000000 
0.100921000000 0.376089000000 0.353472000000 0.377123000000 
0.558120000000 0.040085900000 0.032127000000 0.041730400000 
0.696641000000 0.009319180000 0.007721620000 0.010124600000 
0.219584000000 0.230452000000 0.209202000000 0.234607000000 
0.259941000000 0.196948000000 0.176594000000 0.201129000000 
0.119910000000 0.350897000000 0.328366000000 0.352693000000 
0.639161000000 0.020958800000 0.016172700000 0.021980600000 
0.450068000000 0.078176100000 0.065738900000 0.080719800000 
0.240317000000 0.212698000000 0.191996000000 0.216909000000 
0.135323000000 0.324281000000 0.301514000000 0.326757000000 
0.151488000000 0.307797000000 0.285177000000 0.310886000000 
0.077653900000 0.610975000000 0.597632000000 0.604383000000 
0.503908000000 0.060136100000 0.049918900000 0.062910300000 
0.074830100000 0.630731000000 0.617291000000 0.620966000000 
0.164428000000 0.290356000000 0.267808000000 0.293844000000 
0.443229000000 0.082077200000 0.069198500000 0.084599200000 
0.096888100000 0.408288000000 0.386994000000 0.408580000000 
0.739328000000 0.002611140000 0.002315560000 0.003208110000 
0.303491000000 0.161709000000 0.143289000000 0.165824000000 
0.089479400000 0.435809000000 0.415055000000 0.434578000000 
0.098582300000 0.401789000000 0.380521000000 0.402671000000 
0.080653700000 0.601694000000 0.588099000000 0.593125000000 
0.100201000000 0.394272000000 0.372337000000 0.394815000000 
0.093705200000 0.418801000000 0.397889000000 0.418649000000 
0.279629000000 0.182340000000 0.162727000000 0.186332000000 
0.310865000000 0.154189000000 0.135913000000 0.157999000000 
0.428923000000 0.091143300000 0.077767200000 0.094584900000 
0.093467700000 0.424933000000 0.404063000000 0.424419000000 
0.416924000000 0.093757400000 0.079994300000 0.096871100000 
0.255047000000 0.197840000000 0.177645000000 0.201868000000 
0.072437300000 0.637919000000 0.625116000000 0.630676000000 
0.121927000000 0.339080000000 0.316096000000 0.341048000000 
