2.542281778430989 78.90507485704177 106.30675399035675 
2.0 21.54170750848303 23.77684541050636 
2.0 22.732623967639675 28.609815944580195 
2.2960849171842375 42.350698428265574 26.416165846573683 
24.579007320983767 2.1070548688907356 0.914146830064155 
9.271424963408236 2.0234504808476146 4.061768014473282 
8.928129785520417 2.0444956170395407 5.189271283139096 
2.0 61.65202513988512 31.43890042800112 
24.382547508269454 2.008294701336705 2.4235951255702632 
30.831849174882592 2.1624924046782175 0.409497501658911 
43.73060475540792 2.0427338263245063 1.711833799140735 
43.940039310283574 2.0871763850420106 2.01881042566042 
8.06551466979621 2.3875736409724775 1.6947341242479477 
11.893253530207879 2.294131606361095 2.631611991188742 
11.553882996254991 2.063543227108327 3.108444210296727 
34.56001201774423 2.0 1.0417543414691768 
24.288822554588485 2.0 3.108371698295879 
14.60462480196589 2.0 3.4858593076942004 
33.82778959551656 2.146414441625525 1.275664093023448 
15.20844074921306 2.1372754189625454 2.9194766474696463 
16.113389743630385 2.0 1.0694195341121935 
12.1730484705229 2.2733471393544145 1.4953207232373313 
60.270236259535906 2.2672552030834447 0.37559019399191507 
58.283108761344955 2.0 1.378112253988995 
17.553158666330972 2.0 0.6492070774080956 
28.82242731102414 2.1218842135123297 2.83170262991725 
29.888224155335806 2.4064230736896564 2.526140458180008 
41.77780597519934 2.0 1.6376184095149158 
60.064867854852594 2.0 1.4752029685100407 
15.47868159009329 2.016076357117904 0.47118350253622365 
21.866351183361523 2.0489439838219243 1.3388512850405583 
21.125734846417195 2.384855174717283 0.8726628775561702 
32.43741772674152 2.085197868181342 1.0438691467368535 
54.22052628035319 2.0 0.6123156080583234 
26.653770589743026 2.0 1.4162156034704079 
13.853990747292155 2.0375599990575433 1.2643447572839432 
31.45818148830718 2.101485512158657 1.0047133491943365 
32.15692582130931 2.2455876335716494 0.009638042048909057 
20.085524808895983 2.144533685448554 0.5695500560718065 
11.527159893052872 2.0674212092776214 4.013589254355649 
8.577997886223628 2.0 0.8537549385581942 
8.548901021320388 2.0207976251640942 3.731679553883185 
2.0 76.99792393474824 0.0 
10.292616795351968 2.00580512999817 4.776373742218222 
20.04025161618524 2.3382659343108783 1.874275265058409 
11.890513177382157 2.1010385571966306 2.7348442115145164 
33.623274894991376 2.264954416312181 0.7116909195864759 
11.785863726527275 2.091164506330101 4.5924609960333385 
19.841731690573077 2.0 4.2778581102632245 
4.310563529431407 2.0 0.8297766622525076 
31.15088208788095 2.0152701920979617 1.6337003637297034 
23.23149156833103 2.0 1.9043369324641006 
36.402285776888604 2.1979955367440236 1.495483058927256 
29.24654762687007 2.34301262531068 2.999926900017609 
8.602635180616474 2.0 3.1957961690375214 
56.78837954186085 2.091326831965899 0.5698168393913523 
21.128564164967813 2.0070505309370903 2.76846799480979 
23.899782027234522 2.0 3.5861324534598156 
2.0 3.118393783392151 0.00971372398317788 
49.62926191273306 2.0232352798681044 2.1860974666859545 
19.141673828916872 2.149972990521629 1.1521708925493295 
16.281524954604436 2.1482135906936626 7.458030479310704 
11.667884805068198 2.096151513299267 2.3827335863205863 
35.14681141709791 2.334960279464764 1.8606601083644165 
22.76908222618495 2.3356242091853447 3.294066244699834 
35.82147111365593 2.0769418671843702 2.3171995945581845 
45.13254308773016 2.489284148054283 0.09923467438470213 
49.929566546137096 2.276304729380523 1.363852156922087 
9.013057942883616 2.1855108331447117 5.088371592840087 
20.144749913724173 2.023208893399054 0.7495604537201775 
77.29110022716931 2.2194043035603186 0.3059587560583636 
25.979758717513104 2.223172695396158 2.4970304771629794 
12.032543519219903 2.422239801191185 2.14694962793046 
24.070873962517318 2.2118152128102793 4.398588927407556 
16.24635782902591 2.0 0.5310323372705517 
20.48173364698912 2.0 1.1143735840565836 
25.76664661758813 2.197758429742107 2.295636091758304 
12.162430242185302 2.0 3.9082796421466632 
22.954453305983 2.0465108922590423 3.521103657195094 
2.0 36.76954711986722 103.93856470006929 
50.26565904048367 2.0 0.8561093121484619 
2.635822989701682 59.92347997620071 49.17305935641906 
19.028246892463336 2.3113932752707806 3.2537253388640957 
21.743467512494963 2.2915974546739655 1.146913796331222 
8.957276637466538 2.0 6.358498795421407 
28.001305531382435 2.0 0.10275830406759212 
29.056760887840518 2.0 1.773459740198848 
12.081636232268743 2.0280956777708004 8.433319095784045 
6.844276831589127 2.0 6.22510433652195 
2.0 75.2913996585323 38.18539174425379 
19.563610871476392 2.1747044594893055 5.605445087311361 
10.310135591583752 2.0358078654035414 6.960131315485009 
23.471108445114403 2.1117557640559994 1.9963242166120962 
12.236671924796493 2.182957934326719 1.7435471215053016 
32.33503763348001 2.0 1.2083949690989053 
16.039185219143185 2.0 6.916864509623874 
26.40200448435716 2.1264288149239436 1.2586730115371991 
24.021467743437075 2.0 2.1348889132093016 
2.932423675382786 35.20126392793667 99.89313653421716 
8.904022160743242 2.0 4.170190627617899 
