0.050822700000 0.382789000000 0.377691000000 0.401058000000 
0.459633000000 0.017875400000 0.016041900000 0.018130300000 
0.053065800000 0.285304000000 0.276799000000 0.290409000000 
0.033049600000 0.567682000000 0.559819000000 0.571135000000 
0.037731600000 0.426135000000 0.421305000000 0.443979000000 
0.616193000000 0.001567600000 0.001050660000 0.001187780000 
0.220123000000 0.099951700000 0.097072800000 0.107283000000 
0.040016200000 0.421742000000 0.416195000000 0.439679000000 
0.567735000000 0.004259750000 0.003459420000 0.003965610000 
0.049597300000 0.397669000000 0.390641000000 0.415974000000 
0.090451200000 0.188884000000 0.184076000000 0.197181000000 
0.035805700000 0.438607000000 0.434197000000 0.457073000000 
0.639237000000 0.000543468000 0.000416432000 0.000505417000 
0.052004800000 0.298839000000 0.290892000000 0.304618000000 
0.057299600000 0.261797000000 0.254164000000 0.267163000000 
0.586310000000 0.003068570000 0.002341480000 0.002703700000 
0.192260000000 0.105274000000 0.101454000000 0.111887000000 
0.057103200000 0.263825000000 0.256097000000 0.269122000000 
0.066355700000 0.240882000000 0.234016000000 0.247098000000 
0.477973000000 0.015759900000 0.014289700000 0.016594400000 
0.157928000000 0.125953000000 0.121857000000 0.133315000000 
0.076807500000 0.213815000000 0.208393000000 0.221482000000 
0.129328000000 0.150199000000 0.144788000000 0.156681000000 
0.535267000000 0.007678060000 0.006114310000 0.006560540000 
0.241816000000 0.081972100000 0.078488100000 0.087354100000 
0.031949000000 0.573879000000 0.566917000000 0.578390000000 
0.487962000000 0.013129500000 0.011538700000 0.013067000000 
0.302555000000 0.059572000000 0.055951400000 0.062752900000 
0.070065500000 0.224570000000 0.218877000000 0.231905000000 
0.552360000000 0.005973690000 0.004642080000 0.004941590000 
0.092467800000 0.182277000000 0.177015000000 0.190086000000 
0.248080000000 0.078998600000 0.075141000000 0.083522900000 
0.436359000000 0.022282000000 0.020270000000 0.022991700000 
0.080679900000 0.202343000000 0.196766000000 0.209670000000 
0.203853000000 0.100335000000 0.096535800000 0.106840000000 
0.084503200000 0.197318000000 0.191671000000 0.204879000000 
0.102634000000 0.171183000000 0.166197000000 0.179198000000 
0.066818700000 0.231305000000 0.225406000000 0.238393000000 
0.086005200000 0.194952000000 0.189422000000 0.202629000000 
0.506333000000 0.011819600000 0.010464600000 0.012191000000 
0.137993000000 0.139816000000 0.135395000000 0.147493000000 
0.055954000000 0.274010000000 0.265913000000 0.279073000000 
0.471636000000 0.015933000000 0.014197800000 0.016050000000 
0.134846000000 0.143344000000 0.138972000000 0.151090000000 
0.049182400000 0.404498000000 0.396819000000 0.420592000000 
0.034102400000 0.442535000000 0.438358000000 0.461091000000 
0.336484000000 0.047008300000 0.043797100000 0.049308500000 
0.413465000000 0.027962900000 0.026004000000 0.029948000000 
0.600522000000 0.002259850000 0.001647770000 0.001889080000 
0.033405800000 0.548392000000 0.542155000000 0.554848000000 
0.232993000000 0.086169800000 0.082692800000 0.092027800000 
0.425725000000 0.024861100000 0.022465200000 0.025194600000 
0.045025300000 0.411348000000 0.405654000000 0.427854000000 
0.069831800000 0.228821000000 0.222966000000 0.235965000000 
0.270818000000 0.070789900000 0.066963000000 0.074237500000 
0.277633000000 0.067225300000 0.064167600000 0.072044300000 
0.352684000000 0.042096200000 0.039500600000 0.044660400000 
0.060772900000 0.252890000000 0.245607000000 0.258608000000 
0.053721900000 0.281319000000 0.272939000000 0.286293000000 
0.443188000000 0.020368700000 0.018297400000 0.020900100000 
0.220730000000 0.090977900000 0.087358000000 0.096821400000 
0.037244800000 0.432626000000 0.427768000000 0.450950000000 
0.419667000000 0.026094600000 0.023684900000 0.026502000000 
0.113233000000 0.160844000000 0.156190000000 0.168803000000 
0.148361000000 0.136232000000 0.132259000000 0.144312000000 
0.052290900000 0.298099000000 0.290138000000 0.303810000000 
0.184520000000 0.109995000000 0.106037000000 0.116870000000 
0.290597000000 0.061352100000 0.057803600000 0.064307300000 
0.170657000000 0.117509000000 0.113525000000 0.124619000000 
0.096926700000 0.179198000000 0.173976000000 0.187003000000 
0.072324300000 0.218649000000 0.212505000000 0.225696000000 
0.062811900000 0.245840000000 0.239525000000 0.252392000000 
0.402519000000 0.029021300000 0.026475600000 0.030021500000 
0.366553000000 0.037693200000 0.035187900000 0.039940300000 
0.358386000000 0.039440300000 0.035676800000 0.039166700000 
0.060379000000 0.256995000000 0.249556000000 0.262553000000 
0.348089000000 0.043762100000 0.041068700000 0.046386300000 
0.227240000000 0.088150200000 0.083993700000 0.093037400000 
0.154452000000 0.129504000000 0.124544000000 0.135698000000 
0.283030000000 0.065785900000 0.062791700000 0.070664500000 
0.516858000000 0.009408770000 0.007691400000 0.008270780000 
0.627100000000 0.001302740000 0.001153880000 0.001486740000 
0.040286500000 0.415598000000 0.409866000000 0.432842000000 
0.314898000000 0.054373200000 0.049969000000 0.054809600000 
0.376438000000 0.034876100000 0.032433600000 0.036872300000 
0.389775000000 0.033239600000 0.030408300000 0.033907500000 
0.313893000000 0.056583600000 0.053984000000 0.060829400000 
0.165611000000 0.121573000000 0.117434000000 0.128826000000 
0.055564900000 0.277463000000 0.270117000000 0.283021000000 
0.522438000000 0.008871170000 0.007219400000 0.007734530000 
0.199852000000 0.102485000000 0.098059200000 0.108000000000 
0.100383000000 0.174157000000 0.169132000000 0.182156000000 
0.110983000000 0.163660000000 0.158956000000 0.171602000000 
0.149414000000 0.132388000000 0.128212000000 0.139952000000 
0.261308000000 0.073296300000 0.069600900000 0.077571200000 
0.324288000000 0.049038900000 0.046040400000 0.051919100000 
0.116823000000 0.158117000000 0.153541000000 0.166085000000 
0.033285100000 0.548418000000 0.542182000000 0.554877000000 
0.179543000000 0.112043000000 0.108135000000 0.118958000000 
0.122754000000 0.152059000000 0.147463000000 0.159979000000 
