19.54203822871243 2.0 0.0 
2.0 2.0 0.7079454733018977 
8.194241018824057 2.0 5.306026829609161 
2.8971657301917544 34.77675347034872 143.8410599954937 
24.393160242879016 2.540565661745342 16.433327505973093 
2.0 2.4976973993142577 0.2859716944068129 
16.98349372294817 2.1111789293450367 1.5111740151202466 
11.78962510822383 3.092065861194022 20.236356159248686 
2.0 2.0 0.424509723953888 
4.031666495645702 3.1633055719382526 136.80848279162936 
10.246883901805258 2.327333769178307 2.594449680122148 
40.95399606665633 2.6172236474714516 20.050393437682295 
2.0 2.0 0.07137270984708899 
9.848782814648317 2.086552617049359 5.7116217053437595 
8.484258469695142 2.058521481340589 4.287662747770707 
2.0 2.008566323629165 0.37940137281754605 
6.923826987992048 2.111253148557253 1.5771231687269975 
7.716534160933183 2.0 4.34668011478751 
7.614263261926268 2.0789052734597595 3.6195414043571374 
6.42551389726232 2.3239272495434635 0.5875435293645435 
7.257340764330116 2.1422163527454456 1.8107222371415874 
9.625739222746848 2.0689974257026633 3.0012637395100326 
5.809309097887892 2.2408014417517306 2.1328425105102133 
2.5546588481596153 2.0036433352912995 0.4971632923144152 
7.385659906111627 2.0 1.3446278856239173 
2.5821299136162628 43.01505626867093 256.0 
2.0 2.0 0.6328856266812357 
5.219590116863582 2.067629060967495 1.1424927534114773 
9.767106966858499 2.0 3.1972964452848727 
2.9484507834532865 2.0241101671883563 0.44655195414873206 
8.391536652969016 2.0 2.5017021686457914 
6.2199410067723555 2.0 1.3363471150764321 
3.9231891474841185 2.16824030182137 0.7072765604561911 
7.341522355801324 2.1247059565878157 2.834105357510255 
7.777001522769449 2.007841310256989 1.5380421907131665 
7.824117114168867 2.0 2.7444403851156074 
7.831318119392817 2.058585951402486 2.368718803494719 
10.063296861800323 2.0073335638773053 3.3526865208575165 
7.798734132326903 2.288706989864053 2.6886732526071677 
6.216668792564326 2.1499767820211066 0.5111094871804447 
8.432460424007328 2.1192094768130376 1.9608629560171031 
8.224474400331827 2.3745329772277213 4.768310987842479 
2.0 2.0397607665924347 0.6734073816238966 
7.244863960804551 2.356938013642537 2.0097259760101114 
5.869160419041008 2.7888309382544225 100.14735774259223 
59.66846917113863 2.8639513078647836 20.323117657222358 
4.724644774052258 2.324107842662285 1.011579714440849 
8.175187025227107 2.0 0.7636140696127587 
2.0 2.0 0.3379985761857267 
2.1685563306365228 34.63282588588145 146.74636195279734 
7.552551162288999 2.0 1.3900551220388078 
2.4838110838568737 2.0 0.7958315123386805 
13.523026516468647 2.671484619786837 14.142090434647235 
10.431688566421359 2.0 3.3011113844972018 
3.9173312631611177 2.0139731641809586 1.2464317459378158 
8.271762202239616 2.0215443988142727 1.1899849188845266 
6.624105687011968 2.1413490143566425 0.9313001882931131 
7.6766922658726955 2.028710407923169 3.9617241974804784 
8.241968497679984 2.3369450770207023 5.085417080631342 
4.585965432513113 2.007277693266841 0.6891128521127454 
6.5683396423606055 2.014158907616235 1.4396041385255565 
20.76207624218438 3.189697822362271 21.928946614242925 
2.0 2.004939092964481 0.817031946923249 
6.87719429422748 2.228008134075331 2.215742729001489 
10.26984201022487 2.0 1.9149080335002977 
10.453716226910494 2.0817654073612593 5.6508407190584355 
8.073140675314121 2.4965334385607196 1.6385653446192843 
4.1890234197155 2.0109400924152285 1.1521925895751384 
7.021426733471232 2.123106357159245 1.7043731444778838 
8.47994797109512 2.0 2.460168032547716 
8.084176857944533 2.0500080391289055 3.1151497226174527 
10.26362509998525 2.0 3.6939505628635656 
5.320058050703601 2.0 0.8079486213439 
6.0254783063477015 2.0458549298264996 0.8763488564312847 
2.8498224054811887 2.0 0.9462301349895139 
8.127445815846453 2.026810244275461 4.098392020256309 
6.765350522917439 2.2334890083208254 0.9587992640147136 
6.191055784718285 2.0700836491845642 1.4299676451367738 
5.696051885238054 2.0355219451932482 1.8802582101545238 
8.468463189010688 2.0 1.1790822100906206 
2.576868376002256 2.001558140240663 0.5321228752713195 
15.164175576284471 2.0367674601253647 0.030947349861687158 
12.42512063519911 2.6857167656357213 16.002081013273177 
3.3374313077940014 2.0219517467631842 1.093929869341241 
5.9953504714853665 2.0394768896290514 0.8521787467546654 
2.246692525612244 2.0655412705844323 0.8909584241053339 
8.869638470037557 2.0259313491657585 1.084226287624607 
7.778531579613854 2.0 1.7517424560029695 
9.525876969099414 2.1523615803868066 4.645036413090156 
2.5602839215097455 2.0002511465338273 0.525340402986599 
5.991530452210392 2.112949277197425 1.579536260166971 
7.995631183575738 2.108085877028336 2.408018780606654 
6.870766525987074 2.3854356450579366 2.24725741900333 
7.215945372095105 2.0 1.8802582101545227 
5.5607747607730325 2.057862328443817 1.2726645448569087 
6.383120464961902 2.0 1.0017456481332483 
6.703260984078854 2.1715827912409083 2.1767883230464204 
2.120127358115517 34.79382463510481 147.25528792597876 
7.393445757658826 2.0133392794113876 1.6614407422953057 
8.070881778018606 2.024907724662454 2.1127693358130513 
