2.6275064667666577 4.856311821276939 189.89686123580734 
3.0815319889198713 9.87723310563983 221.44308730934512 
2.5331995183785843 6.072104874726974 193.74521524987574 
3.851584517459713 4.604908079346785 191.70451082349805 
2.882080054455436 8.023875628955052 211.07597290701975 
4.153376263808595 8.170967348624307 228.27530174425556 
3.895681339266197 10.060546615057008 211.3961836399152 
4.509343054711848 2.041929203104306 1.5937493699307899 
6.176562803737241 2.1034767176740727 5.25552223871038 
5.018107301671225 2.1687546892153646 1.1554027764249355 
2.0 2.0203766397754497 1.0491049066505318 
8.340667294946314 2.1505712528383785 3.012104426504167 
2.3313735978468753 2.08412157996143 0.413269982452235 
2.0 8.189314219523103 6.258306402551881 
4.194102255927834 2.1093969645936785 0.6847433217144068 
2.0 2.0 0.27800709997876183 
2.6788059549828196 2.0603236764008472 0.9799048490074402 
2.0 2.194302961352948 0.7371947507072422 
7.196852502647546 2.108616666234162 2.0300544062802066 
5.227682570461047 2.182329810322288 2.334764452850208 
5.738391787694326 2.0751396431174456 3.6938255416971586 
6.2541279533850656 2.2769454662554542 3.4455756053291147 
3.966470236869938 2.1698676139846125 0.8073254547786064 
3.6574252345144482 2.0575358375938366 0.8552158571440018 
2.417864661622339 2.233279555415854 1.0285360099803125 
6.1105927258974875 2.146702261272506 2.554700640062124 
2.0 2.1310712760516175 1.6168508210109707 
14.052340823459602 2.1334093036302333 0.39664995713885887 
2.263838362687368 2.0056550984594455 0.9089409212969359 
6.403723552420061 2.1630028787494826 4.326297367775173 
3.92795580331254 2.0030522107649 0.370312354301339 
11.341604401392713 2.1515715081434066 1.0765183552386248 
6.317997401865698 2.127214084320723 0.8430393553112507 
2.0 2.0 1.2408508278874737 
3.4917045570144154 2.0683198863556957 1.930163266859676 
4.869192322475222 2.153862035936378 2.1315804969185885 
6.598007925758118 2.309737018556239 4.142285060436593 
7.539679850007592 2.2816585640791507 2.6293548601601753 
6.228878047605468 2.020168952334551 3.040827864645556 
5.087218922499121 2.1800170748160004 1.2829551624225977 
2.0 2.3210341221973367 0.7654443827701457 
6.463828493904482 2.022418120025538 4.516903239751019 
4.661893900181874 2.15557857920837 1.805243883125513 
5.734617807435469 2.254628374022028 5.031748204503226 
8.267294429820057 2.24997601095741 2.545750732295149 
2.0 2.07589384866456 1.202919052229003 
7.215321204697205 2.4614477637679886 1.6523565030104435 
3.515957974682226 2.078987534799401 1.6957343461000298 
3.8977468394029646 2.232126374387943 0.9070085441087224 
10.159641106410517 2.2970476084342684 2.0025126182753406 
2.083562030375554 2.3462613597316975 0.6689143359423769 
2.0 2.3589649578727565 1.2732412761822183 
8.389816326090703 2.321937547731889 2.6966737552379803 
7.085941525011836 2.3227184717231135 0.8103892516592737 
8.413618464949042 2.1773206893669945 0.15552752718713503 
4.669827110708824 2.3248852329280196 1.310972597476423 
5.527841224654557 2.309700935585059 2.9810060106335534 
6.325188439816137 2.312814511601562 12.407687881241685 
6.945227268419048 2.178572387695189 2.225146367541801 
6.071264113708529 2.2658349481504647 3.2854548609562357 
5.432587245372218 2.349972466909756 2.7321134595060115 
5.544821378293221 2.0 3.9197851009606572 
4.3161366966503 2.200862826789175 1.3598393518383847 
4.680255266939588 2.029921201940305 0.5990731504174401 
4.553627172446843 2.4699345747376724 1.7884109417547787 
5.306781233617423 2.601756055684528 0.2697218205823638 
4.102454184624909 2.174976715724331 1.5289108756621566 
8.105534042941937 2.220778864962433 2.2750733301987554 
6.251364609857664 2.417478016364404 3.525549509040413 
3.609655410847517 2.0755285102075827 1.7500169605765756 
2.866984828746556 2.0069137217126944 0.9737081374812289 
5.147798076520414 2.0 1.7575640529924783 
4.6872079815941 2.007977085360389 0.5832354437172026 
2.0 9.874822773451426 7.541911573559868 
2.0 2.486514763401896 0.045190738605954905 
3.969237054315098 2.207240408125242 1.2196035511135717 
5.696911936602351 2.123313444826113 0.47141501229148236 
6.158343157083016 2.428692919234918 9.12508948585156 
3.8400393812141798 2.1744480816934755 1.5372017378382286 
6.0590342134938835 2.348870006998723 7.776646824994963 
4.6810808361849245 2.16521171372618 2.1162448107283858 
2.0 2.0 1.1346541051836811 
4.223120680897744 2.1924413710519053 1.4445884844088166 
5.816410580068039 2.1708738311607365 0.5487141190450899 
5.9718582371306885 2.206446619340012 4.7856168478912124 
4.937797322938815 2.1801153518257967 1.3672611585109822 
4.6022676826758495 2.241755582360346 0.7767354875637064 
5.8755260931232485 2.3071037207971914 6.60327174629764 
5.275652350866935 2.1702425255027356 1.4505075333237103 
4.858597394746375 2.3366269831378284 2.393859374917511 
3.5107921663860626 2.0624771870221545 0.5144062384392444 
7.749134594476136 2.22514710689346 3.259319272336355 
6.265896176647832 2.144342275963771 2.8424758625473134 
4.501533840840414 2.0827070375915318 0.9224133715979462 
4.5537212868574395 2.220901554770832 2.79166943969767 
3.57974877841765 2.359717742118068 1.1026334943690663 
5.1201645600711325 5.277573244528293 6.628512784313526 
2.0 2.0 1.1474083260218577 
2.0 9.692629719735844 6.877402646489827 
4.218313820317535 2.1266244169357527 1.7140241878426181 
