0.388249000000 0.041663300000 0.033559400000 0.034426000000 
0.008891580000 0.453309000000 0.434348000000 0.436329000000 
0.008541580000 0.475952000000 0.456326000000 0.455588000000 
0.012342000000 0.430530000000 0.411291000000 0.411364000000 
0.197998000000 0.134028000000 0.116834000000 0.118523000000 
0.424211000000 0.025887800000 0.020349100000 0.021179800000 
0.023703600000 0.398919000000 0.379549000000 0.377935000000 
0.008851530000 0.475776000000 0.456170000000 0.455550000000 
0.445615000000 0.017807500000 0.013747100000 0.014489400000 
0.015077600000 0.422704000000 0.403536000000 0.402520000000 
0.352210000000 0.056181500000 0.045958000000 0.047526400000 
0.329705000000 0.064756200000 0.053971800000 0.056158100000 
0.026002900000 0.359348000000 0.340806000000 0.336536000000 
0.419529000000 0.029840500000 0.024153100000 0.025787600000 
0.365994000000 0.049424000000 0.040406600000 0.042441900000 
0.018718700000 0.410291000000 0.391163000000 0.390210000000 
0.481647000000 0.005852680000 0.004302490000 0.004699760000 
0.015112400000 0.418077000000 0.399123000000 0.399133000000 
0.010016000000 0.451539000000 0.432353000000 0.433747000000 
0.332420000000 0.065184100000 0.054069900000 0.056055900000 
0.510246000000 0.000530516000 0.000328896000 0.000372799000 
0.024364000000 0.396197000000 0.376819000000 0.375369000000 
0.495235000000 0.002920840000 0.002155290000 0.002476000000 
0.020521200000 0.406624000000 0.387408000000 0.386059000000 
0.010335900000 0.445142000000 0.425913000000 0.426489000000 
0.470876000000 0.008489060000 0.006494120000 0.007328880000 
0.399272000000 0.037173400000 0.029820800000 0.031741300000 
0.441285000000 0.018757100000 0.014433400000 0.015773200000 
0.082729300000 0.245088000000 0.223428000000 0.222107000000 
0.502619000000 0.001113500000 0.000799055000 0.000854938000 
0.104916000000 0.201130000000 0.180090000000 0.179104000000 
0.238969000000 0.105820000000 0.090939100000 0.092262500000 
0.400965000000 0.029964100000 0.023977500000 0.024051700000 
0.425906000000 0.023435700000 0.018384600000 0.019822400000 
0.280076000000 0.092173700000 0.078373500000 0.080345000000 
0.065952300000 0.264386000000 0.242457000000 0.239988000000 
0.217820000000 0.118679000000 0.102548000000 0.103648000000 
0.016546200000 0.415210000000 0.396304000000 0.396211000000 
0.202234000000 0.128792000000 0.111865000000 0.112686000000 
0.009257320000 0.453652000000 0.434395000000 0.434727000000 
0.195681000000 0.134597000000 0.117231000000 0.117880000000 
0.161246000000 0.147325000000 0.129003000000 0.129284000000 
0.047188300000 0.298380000000 0.276671000000 0.273825000000 
0.075279200000 0.253619000000 0.232926000000 0.231503000000 
0.234789000000 0.112890000000 0.095387200000 0.095060800000 
0.290061000000 0.080405900000 0.068176100000 0.069904000000 
0.057344400000 0.274819000000 0.254144000000 0.251831000000 
0.021323700000 0.401128000000 0.381941000000 0.380918000000 
0.051011100000 0.287120000000 0.266759000000 0.264244000000 
0.054500100000 0.279488000000 0.256849000000 0.253279000000 
0.132407000000 0.183312000000 0.163048000000 0.162741000000 
0.380654000000 0.045821400000 0.036131200000 0.036643400000 
0.039041000000 0.317952000000 0.298731000000 0.296222000000 
0.040886900000 0.307990000000 0.286027000000 0.282048000000 
0.011005400000 0.443999000000 0.424720000000 0.425017000000 
0.051979100000 0.288454000000 0.266562000000 0.263832000000 
0.030666800000 0.351646000000 0.331457000000 0.327887000000 
0.033366700000 0.331061000000 0.310746000000 0.306459000000 
0.024442700000 0.390849000000 0.371535000000 0.370659000000 
0.011667300000 0.437365000000 0.418101000000 0.418010000000 
0.178330000000 0.144947000000 0.126822000000 0.127289000000 
0.126161000000 0.189471000000 0.168902000000 0.168485000000 
0.285877000000 0.088602400000 0.075304400000 0.077411700000 
0.032053500000 0.336181000000 0.316048000000 0.311677000000 
0.361910000000 0.052887800000 0.043631100000 0.046073000000 
0.318514000000 0.068022500000 0.057293100000 0.059171700000 
0.373949000000 0.047208100000 0.038426200000 0.040428800000 
0.125062000000 0.192487000000 0.171830000000 0.171351000000 
0.431414000000 0.020468800000 0.015946500000 0.017180100000 
0.118283000000 0.199700000000 0.178844000000 0.178244000000 
0.291739000000 0.072775100000 0.061137600000 0.062899100000 
0.307664000000 0.071708000000 0.059185600000 0.059427200000 
0.098030600000 0.224359000000 0.202926000000 0.201928000000 
0.239523000000 0.102139000000 0.087348600000 0.088618100000 
0.013845000000 0.426395000000 0.407186000000 0.406325000000 
0.190077000000 0.140732000000 0.121343000000 0.120977000000 
0.060879200000 0.272822000000 0.251107000000 0.248516000000 
0.154667000000 0.162644000000 0.143393000000 0.143515000000 
0.207831000000 0.126505000000 0.109779000000 0.110671000000 
0.395292000000 0.038359500000 0.030984700000 0.033030900000 
0.286172000000 0.085003400000 0.072310900000 0.074447100000 
0.030593400000 0.352144000000 0.331984000000 0.328435000000 
0.338881000000 0.060497600000 0.048807800000 0.049718400000 
0.453893000000 0.009927630000 0.007693420000 0.007996410000 
0.065052500000 0.264107000000 0.243172000000 0.241025000000 
0.242025000000 0.100514000000 0.085602700000 0.087214200000 
0.105245000000 0.200175000000 0.179150000000 0.178176000000 
0.212120000000 0.124161000000 0.107599000000 0.108523000000 
0.144039000000 0.170685000000 0.150985000000 0.150933000000 
0.043567700000 0.302328000000 0.280107000000 0.276743000000 
0.313663000000 0.070816300000 0.059644100000 0.061817100000 
0.255263000000 0.096115500000 0.082177000000 0.083643000000 
0.072760100000 0.255565000000 0.232727000000 0.229600000000 
0.346293000000 0.059298200000 0.047638700000 0.048063800000 
0.099118700000 0.222850000000 0.201450000000 0.200475000000 
0.143982000000 0.171049000000 0.151351000000 0.151288000000 
0.272317000000 0.092610000000 0.076988800000 0.076947900000 
0.086088200000 0.225733000000 0.203962000000 0.202410000000 
0.017114200000 0.414227000000 0.395093000000 0.394434000000 
