2.0 145.28347379898585 0.013333446217794531 
2.1370615332578624 17.63635238322512 197.95868433820533 
3.474428177391102 22.46105271885248 115.65991173028907 
2.0824342457014655 21.185790026368355 17.45643454829752 
2.0 4.043118172440773 1.4417976495663822 
2.0070960542739025 122.25038423408064 0.14740646227381188 
2.1173975773655562 26.12097032702828 8.118915799482465 
3.3359683891583485 22.507241196461884 220.75541655801877 
2.039633429564069 94.40624654734668 0.15405119406555956 
2.021202399554828 30.12320133613637 13.643754589319158 
2.217309513291021 72.72074670993942 0.7147873946662111 
2.0514333580911956 39.984444508907686 0.8725526257139702 
9.474087058846337 4.2774192723672115 4.771728241279305 
2.0 2.0 0.6598233885080944 
2.0609881054439607 23.838132119796327 0.6917185418269423 
2.250687173818418 23.239112130119043 10.558877100213799 
2.0 42.176050146061215 0.18413948351475273 
2.3073436957408955 17.844905198280642 12.865318549224567 
2.12067155192566 19.14862271841564 31.859019021134785 
2.0 44.15736024353836 0.8257208116531083 
2.3211068274339444 2.0 0.015830479438237788 
2.3021656795486627 23.021151663375306 7.757745894452313 
2.0453594232995327 18.20620030819673 0.11455645990373639 
2.188157492441452 26.418079601223145 9.559610987665948 
2.2816259372223975 21.57467096120096 23.649249979191065 
2.0008399635438323 36.45011187737345 0.24396536546379666 
2.038665540396397 17.93133739732602 0.6188672514172826 
2.0 46.43099806342968 0.42778642009526063 
2.7018732823720426 2.0 2.867498393185839 
2.251623913473131 2.0 0.07278202868172956 
3.4664712188952644 2.914613335512797 2.1117215677160095 
3.167592824965336 2.0 1.3216521913619126 
7.367777644905698 38.15432881228282 0.5368376476662882 
2.0 33.72103455330172 0.4641326696346805 
2.0 43.9213662279116 1.104018398211866 
4.489222037043149 2.0 3.1733332774908627 
3.3152649790674933 2.0 1.4240597927675585 
2.080833767209789 17.74490563928618 12.033339666688095 
2.776806714128644 2.0 1.5111763537570897 
2.353219481078791 36.91418709831068 27.97290018894267 
2.709734095421245 2.0 1.5608691418232925 
2.7790650316853682 3.031451075568512 1.610089560705185 
2.5609414230611685 3.3560765770435945 3.623685479295481 
5.078492081951496 2.0 2.947664655491216 
3.547748609066706 2.0 1.327503115460197 
3.2547404457142 2.0 1.1247125129732343 
5.915152394809385 2.0 3.3431486103759744 
2.0 21.058960443620194 8.499181881235636 
6.260029037395469 2.0 3.6417652204318767 
3.5390997524011536 2.590478234368901 3.1071136395742167 
2.8907075699602167 2.0 2.036543769396368 
3.7889559370884527 2.0 0.7526929163427472 
4.994515471696619 2.0 4.623694840966727 
3.890664135539028 2.842287346880617 3.7226616039797853 
2.0 26.523114834399156 22.5803406425764 
3.173081215149048 3.174550109643011 3.396930091873625 
3.7127433093801847 4.325606880370915 4.876455347780971 
5.698155977126099 2.7100313937486016 4.277387186649178 
2.101113021413679 13.254021622098945 7.326947963609502 
2.017916817708511 25.52719112687714 19.29755278373857 
2.847113341584133 2.0 1.65750029302529 
2.6816054413695545 2.0 2.1079353480341965 
2.077973589858588 30.09129608946649 1.0039207546845053 
5.6758795756322185 2.849464337059713 4.465289347291448 
2.3917603040442095 9.41917073762249 0.7658963112735234 
2.791611602895844 2.243335098201068 1.022450413600934 
2.2988694389388478 26.294574485178607 0.7249688137055216 
2.5963579091732187 2.0 2.1376724796978426 
2.0 36.315710247741 0.4379572852633208 
3.187285586907143 2.2269391623218566 2.2203254018967713 
3.1269607622326974 2.5798603058411906 1.0322204385991212 
7.453029211075958 2.602282696163957 0.9276216720961059 
2.927853868491429 2.0 2.5491084018707175 
3.155961622292366 3.2240693261728754 1.2475196982084802 
2.0 31.059857836949604 14.84127706804404 
3.580267014252826 3.9379878797488037 1.456158198303799 
3.566801910026771 2.0 3.3501814423878904 
2.8954986595529153 2.0 1.8271390699492853 
3.3316451403690266 2.0 1.4894886238676683 
2.3056596192875904 10.592486510022228 0.6499616334562301 
3.0154177256963464 4.262894615980764 1.0830869741672333 
3.719427552417537 3.702339491450349 4.907383653992864 
3.5786792662013998 4.363032082719341 0.8285174008287608 
8.93943686680185 13.602218889770336 0.21711678283152397 
6.270863293349942 2.0 3.1131303591470654 
2.2182715533837976 2.8878769544647183 1.2123061876865417 
3.468273148364187 2.9856344645241117 2.095623174710105 
2.7030534215623008 2.4092440253271623 1.4695308465806804 
3.1526384389865063 2.0 1.9081306583836677 
4.049820037523656 3.81952558881156 3.377002991123986 
3.255596397546704 4.320289442237688 0.9807163133934491 
2.6779692056198146 2.015953356244087 1.2419252628758812 
3.7761026269717313 2.7178293226127757 2.7057793667183385 
4.363066233912527 2.0 0.8793032229490649 
2.982605347713728 2.0 2.5248584989164913 
3.142422647314231 2.0 1.9084856247640354 
3.8384915513791436 2.0 1.1608592562958429 
3.0991453544299605 2.524986510625335 2.385400154069041 
2.0 21.14567800115445 11.759972634153856 
