0.016738900000 0.546025000000 0.531937000000 0.535751000000 
0.711634000000 0.066547500000 0.044164200000 0.053500900000 
0.486316000000 0.157956000000 0.124272000000 0.140803000000 
0.695327000000 0.073290800000 0.050511100000 0.060640700000 
0.782538000000 0.032283400000 0.021787300000 0.026656900000 
0.089962500000 0.433177000000 0.406729000000 0.423352000000 
0.023420300000 0.516551000000 0.498818000000 0.509733000000 
0.857730000000 0.015753500000 0.010131400000 0.013484600000 
0.324907000000 0.246732000000 0.211546000000 0.231034000000 
0.390694000000 0.204584000000 0.169840000000 0.188291000000 
0.592583000000 0.114861000000 0.085899000000 0.098730800000 
0.246095000000 0.300725000000 0.266515000000 0.286103000000 
0.294361000000 0.267704000000 0.232516000000 0.252437000000 
0.139760000000 0.382717000000 0.352374000000 0.371020000000 
0.306648000000 0.263087000000 0.228015000000 0.247692000000 
0.819789000000 0.024054000000 0.015787700000 0.020021700000 
0.626365000000 0.095700100000 0.069220000000 0.081463600000 
0.220671000000 0.316654000000 0.283650000000 0.302702000000 
0.252209000000 0.296413000000 0.262009000000 0.282168000000 
0.259820000000 0.291655000000 0.257170000000 0.276740000000 
0.617098000000 0.100081000000 0.073010700000 0.085630800000 
0.074093800000 0.453697000000 0.428452000000 0.444422000000 
0.425049000000 0.185019000000 0.150842000000 0.168595000000 
0.362896000000 0.223121000000 0.188057000000 0.207099000000 
0.149284000000 0.372423000000 0.341184000000 0.359892000000 
0.405304000000 0.198040000000 0.163494000000 0.181785000000 
0.815857000000 0.032379800000 0.019391200000 0.024800300000 
0.281570000000 0.278651000000 0.244271000000 0.263021000000 
0.413598000000 0.191928000000 0.157607000000 0.175639000000 
0.270207000000 0.283093000000 0.248231000000 0.268201000000 
0.075574900000 0.446386000000 0.421417000000 0.437268000000 
0.320591000000 0.251075000000 0.215944000000 0.235555000000 
0.563141000000 0.125906000000 0.094816500000 0.109435000000 
0.348753000000 0.231154000000 0.196020000000 0.215268000000 
0.017010700000 0.529363000000 0.513862000000 0.523297000000 
0.523185000000 0.139623000000 0.108225000000 0.123646000000 
0.146752000000 0.377914000000 0.347265000000 0.365988000000 
0.358778000000 0.226565000000 0.191448000000 0.210602000000 
0.264663000000 0.287568000000 0.252855000000 0.272817000000 
0.056033100000 0.472396000000 0.449254000000 0.464109000000 
0.449852000000 0.173415000000 0.139777000000 0.157032000000 
0.211458000000 0.323254000000 0.290492000000 0.309496000000 
0.439527000000 0.180561000000 0.146642000000 0.164246000000 
0.767274000000 0.051707200000 0.032638600000 0.040568900000 
0.027113900000 0.510343000000 0.492360000000 0.504028000000 
0.334698000000 0.241066000000 0.205900000000 0.225296000000 
0.841297000000 0.018961700000 0.012237900000 0.015901000000 
0.030024500000 0.504747000000 0.485876000000 0.497971000000 
0.094650700000 0.426766000000 0.399838000000 0.416986000000 
0.108695000000 0.414563000000 0.386358000000 0.403706000000 
0.681237000000 0.075884000000 0.052547800000 0.062966100000 
0.876468000000 0.010578200000 0.006578910000 0.009129310000 
0.044304800000 0.488074000000 0.466756000000 0.480033000000 
0.038952800000 0.494098000000 0.473579000000 0.486456000000 
0.556161000000 0.130322000000 0.098706800000 0.113751000000 
0.315716000000 0.255869000000 0.220777000000 0.240122000000 
0.190808000000 0.341052000000 0.308338000000 0.328224000000 
0.203360000000 0.330159000000 0.297709000000 0.316637000000 
0.059592700000 0.467877000000 0.444406000000 0.459426000000 
0.164301000000 0.362037000000 0.331267000000 0.349705000000 
0.182018000000 0.351160000000 0.319887000000 0.338716000000 
0.100101000000 0.419577000000 0.392439000000 0.409285000000 
0.472404000000 0.163898000000 0.129853000000 0.146786000000 
0.514412000000 0.146162000000 0.113210000000 0.129115000000 
0.502867000000 0.151499000000 0.118222000000 0.134467000000 
0.541728000000 0.135353000000 0.103327000000 0.118612000000 
0.127252000000 0.393453000000 0.364665000000 0.382247000000 
0.347230000000 0.236441000000 0.201258000000 0.219963000000 
0.380536000000 0.210897000000 0.175991000000 0.194749000000 
0.914929000000 0.002678510000 0.001818600000 0.002797850000 
0.578243000000 0.121455000000 0.091879100000 0.104662000000 
0.199119000000 0.334685000000 0.302674000000 0.321352000000 
0.184282000000 0.342932000000 0.311138000000 0.329853000000 
0.233468000000 0.307298000000 0.273856000000 0.292956000000 
0.080015700000 0.440815000000 0.414999000000 0.431751000000 
0.751574000000 0.053757100000 0.034963400000 0.043120300000 
0.066113000000 0.458813000000 0.434602000000 0.450032000000 
0.464544000000 0.170650000000 0.137125000000 0.154326000000 
0.371387000000 0.217652000000 0.182634000000 0.201581000000 
0.734253000000 0.057803900000 0.037976200000 0.046577200000 
0.604204000000 0.106425000000 0.078536200000 0.091663200000 
0.045534100000 0.483300000000 0.461625000000 0.475206000000 
0.896443000000 0.005094930000 0.002945460000 0.004333850000 
0.654777000000 0.084733900000 0.059937500000 0.071238400000 
0.779476000000 0.045476900000 0.027922900000 0.034981700000 
0.123409000000 0.401023000000 0.371524000000 0.389519000000 
0.036531900000 0.499661000000 0.479437000000 0.491958000000 
0.020546000000 0.522847000000 0.506103000000 0.516213000000 
0.290719000000 0.272396000000 0.237484000000 0.257213000000 
0.171363000000 0.355366000000 0.323176000000 0.342308000000 
0.232312000000 0.314722000000 0.280852000000 0.300490000000 
0.717100000000 0.061680300000 0.041092200000 0.049969300000 
0.052636600000 0.477279000000 0.454800000000 0.469101000000 
0.668842000000 0.079413800000 0.055485500000 0.066189900000 
0.132211000000 0.388214000000 0.359120000000 0.376840000000 
0.060685200000 0.462418000000 0.438914000000 0.454022000000 
0.116789000000 0.405015000000 0.376177000000 0.393799000000 
0.158945000000 0.369340000000 0.337865000000 0.356691000000 
0.642751000000 0.088530500000 0.063191600000 0.074783800000 
0.487186000000 0.156591000000 0.123007000000 0.139487000000 
