89.83269399601872 2.0 120.60159010801922 
2.0 2.0 0.8657449518947304 
2.149763777624499 2.0 1.518720542638075 
2.040263684060655 3.068764763296342 0.9321236264195485 
2.0 120.52338369570283 0.2874092117717829 
2.0 9.961638614590743 5.7876441171596404 
2.0 21.573413035099083 16.28820554194604 
2.0 59.235396764101125 0.053051948863668486 
2.0 2.783064399913653 2.2774874263512497 
2.214391224560895 2.9361537821158237 1.9098019145842011 
2.471471297606311 7.762487834304222 1.2295681546043062 
2.00897700224472 4.80024437877297 2.930495854607781 
2.1341799679059705 3.6443771337112296 2.5038242424899524 
2.1986879758005884 4.972822081461636 4.269408812425802 
2.30975481584841 2.504240856945912 2.4259397531453244 
2.018613224826821 91.16001972288188 0.28372120062241435 
2.0018636193599515 2.567120572874295 1.0931839192019677 
2.091312070585282 5.848284185098057 3.171695799733615 
2.063119734122439 3.675142014212722 2.839148161700843 
2.080696314541861 5.324484700566953 2.814711528956805 
2.0 3.18394776981231 1.1245887304921416 
2.45884290330788 8.244701327739211 6.5386948810683805 
2.0 3.1164563521167628 1.7446535383361939 
2.08952943618277 2.984783741235739 2.0570718295232213 
2.0901345546323684 3.0669404718844757 3.8592981277121146 
2.2205483513715656 2.61770068794312 1.8438142969181055 
2.403043482379826 58.85516120352515 0.48023346971067216 
2.0115792790341613 7.319362801721159 2.745171952210038 
2.2066207917662872 2.661796477139594 1.8036354501991245 
2.148415319110573 3.784012061349267 2.677655781495372 
2.4015774426697356 5.700440029674711 6.248081791682425 
2.0 2.701167145657662 2.3170529458773506 
2.2446887124289314 2.0234091352515855 1.2796750222881554 
2.0410301810050533 2.5426494376530067 2.126935914404451 
2.0 23.235974305590947 0.0 
2.3986689612456518 3.336593102559217 1.4055000889116414 
2.257895715885181 4.951256779734617 4.177754419556908 
2.223999870326237 2.5033442127135643 2.0873162693188494 
2.1513736060400612 3.7925813955353727 2.729923289260786 
2.0 10.68551310925638 7.850282763387185 
2.097790670606909 3.2205622924849022 1.648661124976014 
2.0059596839577045 5.858840293901528 3.2513312324722388 
2.2719352135801163 3.351322094547011 1.709140885893413 
2.089059350655039 2.0621504785699853 0.755568692926585 
2.3025210093439195 13.343334264196471 14.528311876134554 
2.1820770249015453 3.2540582631616326 2.22549540594458 
2.0023863924955396 73.34823444366232 0.23889490542856676 
2.0909520881537014 12.759126557921421 12.744001867350013 
2.0 9.057039586721528 5.540416573471886 
2.1337465985191324 7.960726754697388 5.094666155419399 
2.015861569770278 3.393397212317148 0.9504728500242894 
2.0 40.64315142581374 0.13151927856844242 
2.296380696799628 19.38095855488141 9.369902426948947 
2.0 15.354798222642696 10.356853735831262 
2.0 2.0 1.3123274810692673 
2.0658031396693137 4.975412804020451 2.4129897163340908 
2.118829655508058 4.2376483607780955 3.4314605108736336 
2.1865464204632423 6.267496476945414 3.343950615573776 
2.0 10.97896147936759 7.515661227705342 
2.437201064290136 6.299876141290676 3.8764346422568057 
2.178974998287874 9.487566688416674 3.7501103122026684 
2.270529522923666 10.920937510887262 5.356676935330658 
2.1866095078275376 2.4952572815423406 1.561415412835978 
2.1831497834146214 2.103412454141164 1.4300273966462629 
2.4812772378469687 2.0 1.4715958199172972 
2.0 2.472246345928065 1.3540236675454673 
2.0 11.441508361435261 4.615935938216109 
2.029275701433262 6.11029529946083 2.2443263221294734 
2.0 3.4623870853459757 1.9512633110387965 
2.1827886101043643 2.7198478364365593 0.06952541483986233 
2.2627116928792286 6.995823907024234 1.2967214369624867 
2.290770034722094 11.05164986975359 3.5280520586739006 
2.120347641247618 5.53844570045413 3.560594009041816 
2.0 6.310756510303214 3.0381194647267074 
2.0 9.158792194132038 6.111830224595045 
2.08679486497067 2.7654635159237726 0.7831203694650368 
2.0 11.268496165579991 6.947095216555178 
2.0 3.0738786917616707 1.6253155144241704 
2.2729070332315726 2.606059434901102 2.008992424982573 
2.0742784670268875 3.414638295369046 0.8132438106490003 
2.0 2.909438505455486 1.1682824817144235 
2.0 14.778090612740275 8.955144667611394 
2.0169131048386633 13.099255394066509 0.12076842918125184 
2.0 3.4310463751142954 1.0154377823996183 
2.010582447547576 2.0 0.7108889152405662 
2.0 2.7553470523149177 4.462997494129129 
2.205865291510253 18.11615268828171 11.338238580067628 
2.2775936307372824 19.706909463895396 20.89442991607254 
2.0050103755625246 2.569388437389088 2.5274426682972817 
2.4985904864634647 3.1198795700581075 3.558983977625006 
2.201038293679725 2.978850590946665 2.9917498910985643 
2.0 3.003030718752504 0.8502759057731872 
2.118594552370527 13.248233097971196 8.183739880542497 
2.0851141465653993 2.879844707341574 0.9841703167553293 
2.157198492427352 10.570951713685943 4.525152152970816 
2.0 6.311511857966985 7.169728597518011 
2.14640715153012 7.944155411526568 4.846795892780245 
2.2874678369428123 3.118034360725919 3.7906331548476437 
2.010793711989229 3.497293631738664 1.0423555613703477 
2.077521779939811 2.0 1.5090930193691652 
