0.007833960000 0.393802000000 0.351205000000 0.352868000000 
0.009568210000 0.384090000000 0.341252000000 0.344075000000 
0.010653000000 0.371011000000 0.327037000000 0.329522000000 
0.009773730000 0.375747000000 0.331887000000 0.335152000000 
0.197690000000 0.082067000000 0.053572600000 0.055714800000 
0.079500700000 0.183111000000 0.140318000000 0.143140000000 
0.346220000000 0.016915000000 0.009935280000 0.010695200000 
0.131897000000 0.129129000000 0.092227700000 0.094574200000 
0.180522000000 0.094520700000 0.063404900000 0.065692900000 
0.067175900000 0.201209000000 0.157508000000 0.160169000000 
0.165279000000 0.105676000000 0.072397300000 0.074791700000 
0.317690000000 0.027468300000 0.014810600000 0.016075300000 
0.303320000000 0.031104100000 0.017486400000 0.018675000000 
0.052738200000 0.223899000000 0.179128000000 0.181896000000 
0.231107000000 0.066544800000 0.041806300000 0.043728000000 
0.030261500000 0.267573000000 0.221890000000 0.224520000000 
0.023694000000 0.295116000000 0.249381000000 0.251942000000 
0.018279100000 0.319869000000 0.274042000000 0.276579000000 
0.244058000000 0.056560500000 0.034996000000 0.036595400000 
0.083755000000 0.171828000000 0.129878000000 0.132453000000 
0.167218000000 0.101829000000 0.069583000000 0.071636100000 
0.037920000000 0.247692000000 0.202200000000 0.204915000000 
0.204742000000 0.075882300000 0.048956000000 0.050672000000 
0.331273000000 0.021679300000 0.011633900000 0.012593900000 
0.248299000000 0.053447400000 0.032777800000 0.034337600000 
0.093030500000 0.161641000000 0.120633000000 0.123176000000 
0.311982000000 0.029723500000 0.016203500000 0.017520000000 
0.225577000000 0.070031500000 0.044381600000 0.046352500000 
0.032623800000 0.261894000000 0.216225000000 0.218910000000 
0.016005500000 0.338931000000 0.292903000000 0.295424000000 
0.021744300000 0.303085000000 0.257350000000 0.259875000000 
0.057602900000 0.215714000000 0.170874000000 0.173870000000 
0.072588400000 0.187868000000 0.144603000000 0.147328000000 
0.069537600000 0.194927000000 0.151192000000 0.153985000000 
0.268004000000 0.046538300000 0.027684700000 0.029081300000 
0.018519900000 0.314306000000 0.268517000000 0.271083000000 
0.173890000000 0.098372200000 0.066507200000 0.068814700000 
0.013918900000 0.358213000000 0.314946000000 0.317910000000 
0.291719000000 0.038442900000 0.022181500000 0.023339400000 
0.049871400000 0.226639000000 0.181357000000 0.184471000000 
0.040426300000 0.242837000000 0.197187000000 0.200281000000 
0.080374700000 0.177021000000 0.134605000000 0.137256000000 
0.294562000000 0.034928600000 0.019793000000 0.021036500000 
0.382395000000 0.006458440000 0.003173840000 0.003561820000 
0.359364000000 0.012565900000 0.006396540000 0.007049260000 
0.235102000000 0.060491300000 0.037793000000 0.039450200000 
0.008691310000 0.387720000000 0.344298000000 0.347055000000 
0.324527000000 0.024838600000 0.013406400000 0.014445600000 
0.374735000000 0.009021260000 0.004347640000 0.004900700000 
0.019593200000 0.309112000000 0.263361000000 0.265912000000 
0.255005000000 0.052277900000 0.031675800000 0.033197400000 
0.011795000000 0.366623000000 0.322598000000 0.325077000000 
0.151624000000 0.115264000000 0.080605300000 0.082778900000 
0.262880000000 0.049838500000 0.029645600000 0.031346900000 
0.104531000000 0.151908000000 0.112008000000 0.114457000000 
0.143785000000 0.118490000000 0.083105500000 0.085269300000 
0.120370000000 0.137825000000 0.099721100000 0.102183000000 
0.023280600000 0.299717000000 0.253966000000 0.256526000000 
0.021112900000 0.306712000000 0.260966000000 0.263520000000 
0.193677000000 0.083532000000 0.054962000000 0.056844900000 
0.097328700000 0.156111000000 0.115700000000 0.118161000000 
0.027810100000 0.283242000000 0.237496000000 0.240072000000 
0.126048000000 0.132848000000 0.095429200000 0.097816300000 
0.185143000000 0.088847900000 0.059210200000 0.061106200000 
0.015418100000 0.351120000000 0.306147000000 0.309738000000 
0.044282000000 0.238098000000 0.192538000000 0.195642000000 
0.185719000000 0.087285800000 0.057878700000 0.059685300000 
0.013283700000 0.361933000000 0.317840000000 0.320335000000 
0.153154000000 0.110113000000 0.076220500000 0.078263100000 
0.367434000000 0.011168300000 0.005503750000 0.006075560000 
0.062771300000 0.205036000000 0.160697000000 0.163583000000 
0.036534300000 0.256837000000 0.211249000000 0.213889000000 
0.136366000000 0.122519000000 0.086491300000 0.088696200000 
0.091620900000 0.163329000000 0.122119000000 0.124668000000 
0.071800200000 0.190871000000 0.147424000000 0.150141000000 
0.158310000000 0.107040000000 0.073645900000 0.075665000000 
0.114494000000 0.141678000000 0.102938000000 0.105282000000 
0.059449700000 0.210797000000 0.166183000000 0.169114000000 
0.014258900000 0.352905000000 0.309466000000 0.312281000000 
0.017384500000 0.323604000000 0.277722000000 0.280257000000 
0.214013000000 0.070509400000 0.044912600000 0.046566200000 
0.392124000000 0.004211200000 0.002060950000 0.002333430000 
0.280555000000 0.040364500000 0.023424100000 0.024745200000 
0.351438000000 0.015312100000 0.007680060000 0.008446440000 
0.046464900000 0.232129000000 0.186710000000 0.189822000000 
0.088457100000 0.168349000000 0.126703000000 0.129292000000 
0.037690600000 0.253104000000 0.207581000000 0.210240000000 
0.111634000000 0.147621000000 0.108309000000 0.110824000000 
0.416806000000 0.000538929000 0.000427534000 0.000476695000 
0.017320200000 0.329700000000 0.283739000000 0.286267000000 
0.416108000000 0.000537213000 0.000427751000 0.000477022000 
0.337938000000 0.019550100000 0.010360200000 0.011256400000 
0.027496300000 0.289720000000 0.243977000000 0.246362000000 
0.135288000000 0.123853000000 0.087701900000 0.089903100000 
0.404215000000 0.002052710000 0.001033900000 0.001185250000 
0.211254000000 0.073317100000 0.047178200000 0.048938500000 
0.025832700000 0.292910000000 0.247185000000 0.249530000000 
0.029126200000 0.279428000000 0.233701000000 0.236153000000 
0.016894800000 0.333884000000 0.287884000000 0.290408000000 
0.272973000000 0.044138800000 0.025984600000 0.027365700000 
