4.060257605956194 9.595795507096476 134.5178321152774 
3.115788784333823 7.865275088857592 141.06455109030978 
3.9286306465742764 5.438817758323679 128.0 
3.086283114625778 6.316924201304533 101.75054245653516 
2.0 2.0111307693222646 1.1281923493788482 
2.526558245035825 2.4646470543778207 1.9696632347295306 
29.794343274667508 2.8675267374627107 0.33662979285644656 
4.376591253977605 2.1055366675338156 1.4786689013839605 
2.0 2.0 1.2167779294414744 
5.575948739815747 2.0 2.174971327787987 
2.0 2.0 1.299580441174811 
2.0 2.0 0.6858460629888032 
2.663017535496455 2.0 0.7210732745879069 
7.990018897039258 2.024529009435367 2.5130346247013713 
2.323721018166128 2.0290631156282415 1.0180311494865901 
5.940094523395717 2.346260864072709 3.3078891742322662 
6.174550277866243 2.411682262705303 4.251343012358536 
5.514083068356745 2.0 5.891400717070386 
2.728165735273632 2.1038778221906185 0.9322819735973158 
4.717246182642107 2.1723739712043653 1.8455222101038675 
3.729461526414944 2.0 1.2696511987498926 
6.122617016339856 2.303078092353291 2.8696310205266937 
4.757868317383597 2.0 1.0612325139417946 
2.50518708233608 2.0 0.6199875718053338 
3.456189683320532 2.0777293641691332 0.9092434946226242 
5.203033813027973 2.1840378246551837 1.738639259495062 
2.0 2.121678822938678 0.7118577030982878 
2.316400381382455 2.0 1.046175498871793 
6.037941618709475 2.251790476048861 3.162165633832875 
6.190736638814229 2.23116315838879 10.499430922769427 
6.393818184938834 2.1801457067418712 4.6584322844184385 
4.681156864092917 2.0 2.393975489427696 
5.309594877700077 2.0410727492971206 2.01372531714397 
5.1585957372242035 2.0 2.102865063241467 
4.329292345971554 2.1187822017829583 0.8515033744038925 
5.534586705189246 2.1001686740007743 5.392644035661558 
2.0 2.0 1.2465704457713278 
2.0 9.898155238436797 6.509666749435484 
5.780852670882801 2.309688997840994 0.7711164279903722 
5.460656022226399 2.080313600119003 2.55889979519962 
5.052142912475644 2.2170775215546104 2.8383748069649277 
5.4957785347893635 2.4734061678251273 1.8930545906559324 
4.099305920336835 2.054870261690389 0.7416770178907339 
2.6396587318191678 2.017793933451964 0.3776853036988985 
2.623868023687862 2.0080656950661595 0.4889002508724687 
3.083100858265099 2.0144670019933533 0.966185441296279 
3.33702907821811 9.507131658228138 12.367866564909946 
3.7480834072016513 2.0 0.6456842089471662 
2.0 2.0 0.43004653655525793 
5.89646926146333 2.0773067357364505 5.026823690159962 
3.7607856831791713 2.068793673339193 0.894035099653003 
3.686530217222568 5.351628135338097 8.257878343260401 
3.5528641620758994 2.15074477066286 1.3680708579199874 
2.0 2.0 0.8864571152672287 
4.538383625662421 2.3370706096854947 1.6578296842669307 
4.911167037479538 2.1150912006258973 1.3854705097865398 
4.31376248578122 2.1569628598035675 1.5511238745454072 
6.053588936034053 2.293258327439864 4.487927662652922 
6.287409871561207 2.041952664185918 4.8728515978357985 
4.136881891451734 2.0108379949326065 1.1276375655634912 
4.982011731876577 2.1992586134313528 1.6972747613648351 
5.515349835968929 2.3396829253029563 3.780410740473318 
3.965257875897002 2.0 1.5063825100272084 
4.3042508969369635 2.2775805219176757 1.1712458784101676 
3.1418332758024485 4.921268677431659 6.186590842261057 
5.412095924671722 2.2568332920132375 2.7468920740656055 
5.172372270342503 2.0 1.1471891622679085 
3.551407757610099 5.315205483163497 7.210651799792716 
5.294423280431489 2.3529550052756867 1.3258442010029574 
6.736027235310988 2.0 0.43128825174486707 
5.298054816766889 2.021330774852352 2.2295016924447584 
8.350696677536153 2.2636698842595444 3.134703272896747 
4.787315812391801 2.0441028251632174 1.4076984493117721 
5.288913445426195 2.0479778867597758 1.7550783557156426 
5.259856053787114 2.1041495006622237 2.048167131812413 
5.474084446927343 2.40241000575 1.2890818677480342 
5.468298006126159 2.003700984334745 1.5710427598386776 
5.095717669171903 2.0209958839971542 2.3085826400573435 
3.2734768540988566 8.151089839087135 5.456310667463152 
5.953352550880016 2.287455162371917 6.3819778375091785 
4.693417698140659 2.07864517491916 1.0181507669138596 
2.845025975179498 2.0 0.3179144076143001 
4.092495630163365 2.104837994990266 0.7966889616443015 
5.182167844893465 2.407068151909126 0.511058446719586 
5.343477985926571 2.0017835611141344 2.648704574724044 
5.261431765270682 2.124643472952333 1.80451686708196 
7.57358830649184 2.063446257573384 3.0570623381481505 
4.209296389919302 2.4032249528782073 1.6342497722473022 
2.0 2.0 0.03722360231284361 
6.266765489981881 2.2237006187989197 7.376789488550606 
6.146029275291928 2.446504671985409 0.021603766814830783 
2.978237322852018 2.0105101468764675 0.5939473160667762 
7.8770237676423545 2.195216852725108 4.141375191173224 
5.122702913158539 2.0246611937587695 1.4189123129342622 
4.246201523663331 2.0 0.20958866670435772 
3.7751371780226086 2.0 1.0589000402514916 
8.266935606977373 2.0 4.301488809773226 
8.075452519466387 2.2197266330586167 3.7568649222782375 
5.649904974232539 2.0 8.348633044962485 
4.091588487629413 2.2956755009708765 0.8323666829215292 
