0.275643000000 0.091898400000 0.052570200000 0.050802700000 
0.008337500000 0.536079000000 0.491943000000 0.488946000000 
0.087468100000 0.264843000000 0.197957000000 0.194012000000 
0.101281000000 0.243171000000 0.178355000000 0.174413000000 
0.452843000000 0.015890200000 0.007021400000 0.006833290000 
0.022592500000 0.428593000000 0.361764000000 0.360411000000 
0.156049000000 0.183449000000 0.121286000000 0.118489000000 
0.443150000000 0.018433900000 0.008305300000 0.008074460000 
0.028556800000 0.399848000000 0.341271000000 0.340285000000 
0.364409000000 0.045788100000 0.023017000000 0.022234200000 
0.465465000000 0.012436600000 0.005398810000 0.005280090000 
0.506736000000 0.004168620000 0.001744640000 0.001755450000 
0.397443000000 0.034233100000 0.016507100000 0.015964200000 
0.177556000000 0.166767000000 0.107868000000 0.105174000000 
0.217279000000 0.132434000000 0.081470600000 0.079113900000 
0.018682000000 0.442579000000 0.392449000000 0.389999000000 
0.184346000000 0.156629000000 0.103980000000 0.101131000000 
0.253052000000 0.102722000000 0.060075500000 0.058142000000 
0.227647000000 0.123480000000 0.079077100000 0.076576400000 
0.406736000000 0.029333700000 0.013878600000 0.013437400000 
0.083474600000 0.271474000000 0.203935000000 0.200035000000 
0.127181000000 0.212127000000 0.152416000000 0.148645000000 
0.064731600000 0.314345000000 0.243798000000 0.240576000000 
0.017698300000 0.446963000000 0.398171000000 0.395540000000 
0.077618600000 0.287656000000 0.217520000000 0.214236000000 
0.146509000000 0.190948000000 0.127446000000 0.124647000000 
0.068324100000 0.304513000000 0.234530000000 0.231105000000 
0.374018000000 0.041899400000 0.020834100000 0.020118000000 
0.162390000000 0.179534000000 0.118042000000 0.115261000000 
0.050430800000 0.345731000000 0.275754000000 0.273043000000 
0.344714000000 0.053906900000 0.027899600000 0.026927500000 
0.021894000000 0.429151000000 0.376605000000 0.374735000000 
0.175432000000 0.165287000000 0.113178000000 0.110056000000 
0.060476800000 0.326950000000 0.256042000000 0.252966000000 
0.100677000000 0.249038000000 0.183412000000 0.179428000000 
0.056371700000 0.332599000000 0.261466000000 0.258512000000 
0.013635200000 0.469360000000 0.425888000000 0.421983000000 
0.118694000000 0.230475000000 0.164163000000 0.160392000000 
0.234288000000 0.116979000000 0.074804400000 0.072500600000 
0.261284000000 0.097497500000 0.056383300000 0.054496800000 
0.080583600000 0.278705000000 0.210466000000 0.206659000000 
0.332114000000 0.059358000000 0.031184600000 0.030104000000 
0.040104900000 0.362760000000 0.298453000000 0.297651000000 
0.035694100000 0.390348000000 0.320121000000 0.319251000000 
0.207290000000 0.137639000000 0.089977600000 0.087159000000 
0.061863400000 0.321885000000 0.251191000000 0.247912000000 
0.304381000000 0.071810000000 0.039090900000 0.037731800000 
0.047712800000 0.352614000000 0.282466000000 0.279989000000 
0.053315200000 0.337184000000 0.267409000000 0.264561000000 
0.170389000000 0.173439000000 0.115837000000 0.112408000000 
0.480516000000 0.009563860000 0.004584960000 0.004499500000 
0.282558000000 0.086384600000 0.048818400000 0.047172400000 
0.131467000000 0.200976000000 0.141793000000 0.138152000000 
0.066221200000 0.310408000000 0.240121000000 0.236695000000 
0.015539600000 0.451496000000 0.404352000000 0.401417000000 
0.240479000000 0.113167000000 0.070467600000 0.068203000000 
0.013040500000 0.474626000000 0.431977000000 0.428060000000 
0.297839000000 0.077267900000 0.042628200000 0.041171000000 
0.418932000000 0.025381200000 0.011833300000 0.011478800000 
0.248377000000 0.109477000000 0.064858900000 0.062829000000 
0.094991200000 0.252944000000 0.187149000000 0.183207000000 
0.114221000000 0.237914000000 0.167655000000 0.165638000000 
0.026354300000 0.406472000000 0.336851000000 0.337253000000 
0.074379000000 0.289563000000 0.220455000000 0.216779000000 
0.010074600000 0.532558000000 0.484979000000 0.482262000000 
0.091788300000 0.261128000000 0.193292000000 0.189736000000 
0.071483100000 0.297551000000 0.228058000000 0.224556000000 
0.020583200000 0.434330000000 0.383069000000 0.381232000000 
0.052463500000 0.342105000000 0.270993000000 0.268348000000 
0.106082000000 0.234775000000 0.171035000000 0.167107000000 
0.287775000000 0.081458800000 0.045381900000 0.043861400000 
0.310597000000 0.068897500000 0.037189600000 0.035905500000 
0.320501000000 0.063798900000 0.033938600000 0.032759500000 
0.495717000000 0.006344430000 0.002659710000 0.002636670000 
0.526747000000 0.001769570000 0.000774914000 0.000820890000 
0.030856600000 0.391836000000 0.331802000000 0.330883000000 
0.355319000000 0.049238100000 0.025091600000 0.024239900000 
0.431102000000 0.023327000000 0.010746900000 0.010410300000 
0.137388000000 0.196771000000 0.138019000000 0.134266000000 
0.036593400000 0.378349000000 0.308668000000 0.306961000000 
0.034140100000 0.385685000000 0.324873000000 0.323900000000 
0.542964000000 0.000601174000 0.000259523000 0.000352972000 
0.380714000000 0.038868500000 0.019112600000 0.018465600000 
0.035887700000 0.375826000000 0.313653000000 0.312753000000 
0.128629000000 0.205701000000 0.145720000000 0.141906000000 
0.191686000000 0.148847000000 0.097408900000 0.094370100000 
0.044095500000 0.355385000000 0.289131000000 0.288485000000 
0.012155500000 0.485693000000 0.439513000000 0.436075000000 
0.011987200000 0.528290000000 0.480516000000 0.477740000000 
0.018995800000 0.438063000000 0.387920000000 0.385645000000 
0.009913440000 0.537786000000 0.491925000000 0.487994000000 
0.119905000000 0.216724000000 0.154119000000 0.150661000000 
0.024912400000 0.408141000000 0.351402000000 0.350069000000 
0.015272600000 0.458752000000 0.413881000000 0.410767000000 
0.026022900000 0.409287000000 0.339781000000 0.340318000000 
0.141443000000 0.192504000000 0.134586000000 0.130837000000 
0.023242000000 0.419797000000 0.365618000000 0.364035000000 
0.198768000000 0.143921000000 0.093655000000 0.090756700000 
0.015049000000 0.462882000000 0.418871000000 0.415518000000 
0.220163000000 0.130190000000 0.079899800000 0.077546600000 
