2.0 2.0 0.9314581554523755 
3.2465777834763134 64.44789385346868 153.50591327095822 
7.381126098465522 2.179640014401758 1.991185494973073 
6.968272836624483 2.2779745854188027 1.838416834382752 
2.0 2.0 0.3881963967679609 
24.248499243776042 2.103794202191868 4.586679921003102 
2.0 2.0 1.4724162999986818 
2.0 2.0 0.4214846843062501 
2.0003234248086628 23.461019837304317 5.000424345558671 
2.3418019712309217 2.0 0.6408923664987203 
2.0 2.0 0.34461620593733766 
2.0 2.0 0.22142027988835222 
2.0 2.241491532739773 0.5538004061806842 
2.0 2.0439440919959098 1.3612719854717332 
2.0 2.1424448954609243 1.156342077346609 
2.0 30.095339792331103 8.94275307700447 
5.570867048376285 2.121176260227666 1.2648412827881002 
2.0 2.0 0.9922228162818121 
7.8126961128246775 2.3902636750787245 1.081961743341286 
2.0 2.110051195777879 0.5187926654411132 
7.389674474111395 2.057160102827157 2.0556339130937484 
10.775177598543898 2.1518066571010785 1.5833444025676768 
8.48576792545595 2.0891884414444477 2.4490415445902585 
2.0 34.91645476176689 9.441764634796746 
5.932434786158531 2.0 2.180146043503407 
2.0 2.0243798259186163 1.5237196506500865 
8.249295069828744 2.033999632210865 2.341037742528251 
2.0 2.0 0.6125078599301279 
2.454597033730993 2.150291747170681 1.4459734795719204 
10.959695726464423 2.1112608185174944 2.76374526843277 
2.0 2.0 0.6961203816681479 
2.4319659616303575 30.422892255669787 7.103391167910706 
11.13958382998618 2.2034373969072125 1.3216909130792591 
7.303269563638844 2.0 2.577888534834816 
8.43617941909833 2.140169891294015 1.8575831079413754 
6.98016188940691 2.341530277396289 2.651443941678849 
2.0 57.77303673286352 16.929745442685203 
3.830148107818556 2.1092530038579627 1.7482503154570184 
6.714135347954487 2.34657196143909 1.040847290522248 
2.0 2.110066576110605 0.9593371555759667 
7.129798582908682 2.0121611424350614 2.1089280086238027 
2.0 2.0 0.7321932149548749 
2.031987749884004 18.478066764909368 3.576611109473645 
6.634287889341961 2.0755436747158402 3.734259082126952 
8.12136681009832 2.2915246571485923 1.1617657030151851 
6.929776611194354 2.0 2.5210713286082074 
2.0 2.0 0.809006022668143 
11.113529880581673 2.0 2.8291921524331993 
10.967090779364739 2.0 2.644469183189178 
4.281264754243101 2.0 1.376182615936659 
5.34870545731933 2.0 0.29123363493615706 
2.003756579232249 2.1719339775420465 0.8989994308160794 
7.028174452458181 2.0 1.5551877967215615 
6.8819170808888535 2.148355179048593 2.3998000203629366 
2.0 45.782437896089895 10.18960594740274 
5.023475367437067 2.0755675962119997 1.010252729132236 
2.0 59.4694085282131 21.09471171219738 
2.0571195451636273 2.0990080914698783 0.8433022229452805 
2.1290652528987106 2.0 0.4834101845100953 
2.0 2.0 1.0280461266781875 
6.625638950516205 2.0027294548391303 1.9027105563898867 
2.000875267817643 2.868990222747456 1.861535180017778 
7.50687061531838 2.0 4.29794304233974 
8.060951267925125 2.0449398068364206 2.196125809437339 
2.994414079922615 41.75811891998874 152.3261092244464 
6.139462668946985 2.0 1.9607072479064092 
7.546834373336283 2.0 2.2716137360652753 
2.041281856871385 72.75972095733178 6.874112734331102 
7.2931674970670635 2.335926911130268 2.7661310047857484 
6.647588299315567 2.4427594237458585 1.7872494729186439 
2.102066311131635 2.3563530477114227 0.8692856516418461 
2.0 2.0 0.788187102551819 
2.0 2.0 0.7569637455097432 
2.0 2.0 0.2629053350591324 
2.0 2.0 0.15382760962693443 
2.0 22.038717842717773 4.605554134661617 
2.3693708215397784 2.0 0.6654280648929429 
2.3460571722654406 2.429036795292584 0.46639236262607064 
7.57628525785838 2.2251618910299875 1.5127006153771974 
11.307889220556593 2.4792391920928374 3.275409245225495 
2.0 23.554269008741528 4.299575693381048 
2.0 2.0 0.04320742619879561 
2.0 2.0 0.5912089875983497 
2.4735498733822276 21.929993699489984 3.9573392614576295 
7.818399622516286 2.218585080431463 1.5711976002248238 
5.180650222279215 2.006810624330054 1.2153933275010242 
2.0086106699320445 14.913261402220833 3.3516735202005363 
2.0 43.0938470498943 0.0 
3.3033702555489755 36.2883433009245 41.640248549359484 
2.0 38.87594249121132 7.771452961644252 
3.5977535702379493 37.47726867229747 128.0 
5.503166321441402 2.382469173394347 1.6539463978358846 
2.0 29.61373650433842 5.404736306107482 
2.0 71.6705976019878 11.525503066721006 
7.5024266595702525 2.1118289701033923 4.4541341572171715 
7.967258688408125 2.0 1.4995944726876476 
2.0 30.649082755113696 6.209979351607877 
4.548897010036425 2.092610923408383 1.1917074820638245 
2.0 67.08362370757378 13.056005529170676 
2.0 2.4372509257536357 1.149851616526615 
