96.74220882209013 2.0 177.82919855975598 
2.0 22.62593688386057 0.0 
2.0 159.11078283330593 0.011900328453367526 
2.0 64.68276857525031 0.16958031359124348 
2.0 33.70948810061219 0.23654062119093489 
2.0512855786040656 98.9038036744196 0.3199148050462106 
2.2086100949359757 2.0 1.3658483312031802 
2.170590673491241 19.17824199976922 0.1628844307169217 
2.1215467974581252 3.30788308537581 3.522396932710091 
2.237455889250003 2.0 1.852245032554477 
2.0 47.12988682671904 0.315193077835681 
2.029560595337661 2.0 1.136445104600413 
2.1122629590729223 5.149836077010844 3.2676117964891893 
2.0 93.80022447529494 0.3299321844543657 
2.1792251759415806 9.252570643854543 2.9197221838651988 
2.0416470216692146 5.415704729155017 3.1983782503569316 
4.036415526945758 71.4351840380584 0.2597407890909651 
2.2516254165896417 6.4962212045018 3.6290363371157697 
2.3378427324857083 3.733297309407251 1.4003133464220636 
2.0026738239634 6.052460987296913 3.5211185902402113 
2.017128150008855 2.0 0.014422092143893547 
2.405676101923059 11.507930039475525 1.195173504663142 
2.0 2.0 1.548418586193911 
2.0 3.352740507214062 1.3095382340835175 
2.1909436592359137 2.4567545649228713 1.7705493722851104 
2.114223174264296 5.257649739620063 4.444228045043663 
2.0 5.108212684215905 3.833225152207408 
2.111097453355585 2.0 1.2291233832930666 
2.3539831163210247 8.983675592579727 5.846735931856635 
2.0 5.14135797617228 0.8196455229865008 
2.1289479176982917 2.0542050378181247 1.038980052170343 
2.2406304229674965 3.716819373186191 0.9166418500130462 
2.2732443198049985 3.022605162906677 1.338666483515502 
2.0847721366469236 2.0 0.9624597395854659 
2.0741191998304602 2.7785582577464876 1.8970702904817243 
2.151330024985294 2.6768249079343587 1.9819525676654348 
2.0817573563943093 10.91879259096664 4.739706978866 
2.4583879052197677 2.0 0.8657563311165501 
2.1132748277052595 5.7496236936798 3.4192956203044904 
2.1276326626368665 2.0 1.8108516721364092 
2.0 3.3780558516093144 3.906751615545519 
2.1043495395362175 8.699404833238555 2.4358850386298005 
2.424113765561549 2.1812407359285855 1.5955642672266497 
2.111943406339685 6.097670414495948 1.2925265031864068 
2.249313891340155 3.5488551304991898 1.7126093483973372 
2.3344558076194586 21.469955725771804 11.000011790995732 
2.1567186976059247 4.271785172656424 3.270109726750689 
2.045121117823124 2.821522663092154 2.033976017246221 
2.025308120813048 17.539219894346736 14.644513105128581 
2.4442786346393124 5.423948231640183 4.735875833273607 
2.4026432869916894 19.44217253119183 10.065638750940732 
2.1003655335618236 3.45546222992361 2.2999745353064966 
2.2500041571770337 3.7875927696840517 3.054958054110295 
2.0971623575311336 2.0 1.111331830597425 
2.2760558654500715 3.4175064166977474 2.223202991778628 
2.2526885810449127 9.000083765550665 2.9925194556752563 
2.2680857103934815 4.586918068105112 4.271583238435804 
2.0558310325895075 2.8846227980827335 1.6736234837368822 
2.2369310556834687 9.697930488530645 6.340258529573503 
2.2397888708436087 16.83183701988815 7.046432535886655 
2.281100628645256 3.5826362056255863 1.6268352620500095 
2.288417388615311 3.162312393185161 0.9965841577227028 
2.354106404019555 17.18124182444535 8.171253541924191 
2.2512819256761176 9.892135401819068 5.632937906020262 
2.131469751128835 4.900115396165004 3.013871572350516 
2.099715451584736 10.783889278006022 6.148178290241539 
2.454243621799404 2.0 1.4765495496203522 
2.227546757189347 15.89520494436605 8.83539782307244 
2.2816951330584887 3.4163476116904103 2.2724975097289537 
2.0 28.780939943003837 19.64073116426162 
2.1366773271166806 2.995249174771353 2.056464393602346 
2.14821209527527 2.0 1.5018065502160267 
2.0 4.0074821979275175 3.9254741776010866 
2.3229651668641287 9.047178788379206 2.628181934863582 
2.104804971104521 2.0 2.131179999936694 
2.323843866790902 11.395695656414391 4.97325695115274 
2.206017946709509 5.86646556855341 3.935966063620816 
2.4058905922494023 5.490517881403385 2.823392710421545 
2.1353320819585275 5.923174678418406 2.6852639952581825 
2.0 7.758065534796024 5.045931309914132 
2.366627633849617 3.6546471065000485 2.4728795178258047 
2.0533607211398377 3.14149605073814 1.440180265404615 
2.1056594814081766 6.2639185080436 2.493435893407199 
2.3800242165770378 15.477474381671602 7.7269384304784055 
2.040853698171293 2.6660295247827905 1.0750423561546132 
2.0594742849778265 14.805980134168689 6.70756736406894 
2.0094208151442854 2.0 0.20332956981537698 
2.0738860986653025 9.08881583044777 5.4213566945063505 
2.457251844519651 4.507157408723566 2.2256978873112674 
2.0073761673977297 61.2813932622405 0.5745956389029843 
2.186307332758177 20.97911848250338 16.327715246168395 
2.255736795020506 4.176545728075141 3.0225977807516315 
2.1741434993635678 60.49427318563267 0.4920228354734243 
2.11053592345125 3.1218293754472386 2.6578136212134726 
2.0717054111161004 10.243608217724596 5.247535513378166 
2.0931844602191085 19.54376301748553 12.39079656045573 
2.316019308484088 9.466611010365988 2.7325817248185835 
2.3904480379329125 6.098693526204386 1.2138116207304537 
2.0040421586068216 18.51798194006023 9.245490486097692 
2.349783528144859 10.353805374015705 7.159940763300506 
