0.016738900000 0.546025000000 0.531937000000 0.535751000000 
0.819789000000 0.024054000000 0.015787700000 0.020021700000 
0.915644000000 0.002683510000 0.001822810000 0.002801580000 
0.736099000000 0.049413300000 0.034977800000 0.041626600000 
0.875807000000 0.012457100000 0.007653750000 0.010552000000 
0.841297000000 0.018961700000 0.012237900000 0.015901000000 
0.599100000000 0.113948000000 0.085724200000 0.098291800000 
0.782538000000 0.032283400000 0.021787300000 0.026656900000 
0.612607000000 0.110642000000 0.081793100000 0.094681200000 
0.857730000000 0.015753500000 0.010131400000 0.013484600000 
0.401882000000 0.205592000000 0.169907000000 0.188545000000 
0.141833000000 0.387703000000 0.358755000000 0.376256000000 
0.034287900000 0.500187000000 0.480452000000 0.492984000000 
0.080015700000 0.440815000000 0.414999000000 0.431751000000 
0.721978000000 0.068158300000 0.046142300000 0.055058200000 
0.696544000000 0.074864100000 0.050620500000 0.061047800000 
0.116065000000 0.412050000000 0.384978000000 0.401606000000 
0.683549000000 0.078861100000 0.059941600000 0.068242200000 
0.046564600000 0.483748000000 0.462343000000 0.476260000000 
0.454241000000 0.171983000000 0.138415000000 0.155656000000 
0.017009300000 0.526138000000 0.510079000000 0.519842000000 
0.375047000000 0.213638000000 0.178723000000 0.197529000000 
0.441739000000 0.181964000000 0.147008000000 0.164793000000 
0.779476000000 0.045476900000 0.027922900000 0.034981700000 
0.659166000000 0.089235400000 0.062790600000 0.074317800000 
0.087379900000 0.435750000000 0.409501000000 0.426031000000 
0.585813000000 0.121675000000 0.092664200000 0.105629000000 
0.497488000000 0.153254000000 0.119861000000 0.136132000000 
0.101183000000 0.417964000000 0.390709000000 0.407558000000 
0.477705000000 0.162239000000 0.128306000000 0.145178000000 
0.884188000000 0.007202600000 0.003926790000 0.005680700000 
0.116789000000 0.405015000000 0.376177000000 0.393799000000 
0.164010000000 0.362520000000 0.331918000000 0.350158000000 
0.142667000000 0.379549000000 0.348702000000 0.367326000000 
0.543898000000 0.132341000000 0.101589000000 0.116642000000 
0.326794000000 0.247713000000 0.212702000000 0.231577000000 
0.121993000000 0.398539000000 0.369990000000 0.387489000000 
0.727063000000 0.059483200000 0.039344600000 0.048057300000 
0.756867000000 0.054282400000 0.034631900000 0.042757800000 
0.253629000000 0.293516000000 0.259562000000 0.278705000000 
0.620632000000 0.107015000000 0.078464600000 0.091067100000 
0.070443600000 0.452887000000 0.428438000000 0.444043000000 
0.468171000000 0.167993000000 0.133719000000 0.150798000000 
0.766826000000 0.049375600000 0.030935000000 0.038317000000 
0.559836000000 0.127408000000 0.097136800000 0.111905000000 
0.189511000000 0.347009000000 0.314429000000 0.333698000000 
0.170063000000 0.355772000000 0.324638000000 0.343111000000 
0.915225000000 0.002683070000 0.001822570000 0.002801620000 
0.244358000000 0.303911000000 0.269784000000 0.289864000000 
0.021816300000 0.520375000000 0.503227000000 0.513762000000 
0.370185000000 0.218457000000 0.183465000000 0.202419000000 
0.448909000000 0.178272000000 0.143494000000 0.161238000000 
0.061350800000 0.460454000000 0.436800000000 0.452027000000 
0.209176000000 0.327996000000 0.294779000000 0.314757000000 
0.362306000000 0.226640000000 0.191448000000 0.209968000000 
0.024933800000 0.515353000000 0.497421000000 0.508622000000 
0.043176200000 0.488811000000 0.467628000000 0.481209000000 
0.137778000000 0.393738000000 0.364792000000 0.382841000000 
0.224995000000 0.318255000000 0.284583000000 0.304637000000 
0.056044100000 0.469276000000 0.445942000000 0.461218000000 
0.248585000000 0.297574000000 0.263770000000 0.282900000000 
0.334862000000 0.241719000000 0.206552000000 0.225948000000 
0.038706800000 0.494537000000 0.473889000000 0.486842000000 
0.274106000000 0.281729000000 0.246952000000 0.266682000000 
0.308817000000 0.261981000000 0.227616000000 0.246317000000 
0.152564000000 0.374382000000 0.344282000000 0.362437000000 
0.266522000000 0.288592000000 0.254844000000 0.273801000000 
0.527271000000 0.140464000000 0.108071000000 0.123598000000 
0.322871000000 0.254531000000 0.219861000000 0.238335000000 
0.640645000000 0.094961900000 0.067602100000 0.079686300000 
0.285130000000 0.275144000000 0.240609000000 0.259737000000 
0.238891000000 0.311446000000 0.277966000000 0.296904000000 
0.205823000000 0.333772000000 0.300767000000 0.320193000000 
0.431084000000 0.187694000000 0.152530000000 0.170583000000 
0.055155800000 0.476022000000 0.453181000000 0.467595000000 
0.302098000000 0.268216000000 0.233868000000 0.252678000000 
0.624959000000 0.100674000000 0.072490500000 0.085012700000 
0.159909000000 0.367942000000 0.336693000000 0.355585000000 
0.416543000000 0.190578000000 0.156276000000 0.174258000000 
0.511851000000 0.147863000000 0.114830000000 0.130820000000 
0.386304000000 0.208731000000 0.173858000000 0.192550000000 
0.288716000000 0.271015000000 0.236122000000 0.255636000000 
0.322737000000 0.257097000000 0.223780000000 0.241956000000 
0.076751200000 0.444756000000 0.419217000000 0.435811000000 
0.215254000000 0.321407000000 0.288532000000 0.307550000000 
0.098775400000 0.423282000000 0.395666000000 0.412915000000 
0.346142000000 0.234098000000 0.198941000000 0.218235000000 
0.185318000000 0.350475000000 0.319604000000 0.337787000000 
0.409061000000 0.198018000000 0.162511000000 0.180946000000 
0.028792900000 0.509452000000 0.490702000000 0.502385000000 
0.696984000000 0.068367900000 0.046401600000 0.056046800000 
0.496529000000 0.159621000000 0.126398000000 0.142713000000 
0.566247000000 0.123768000000 0.092886100000 0.107331000000 
0.189713000000 0.339633000000 0.307694000000 0.326516000000 
0.095655900000 0.429771000000 0.403646000000 0.419933000000 
0.810410000000 0.035631500000 0.021449000000 0.027312800000 
0.358778000000 0.226565000000 0.191448000000 0.210602000000 
0.033828700000 0.505526000000 0.486256000000 0.498303000000 
0.666630000000 0.080871300000 0.056667300000 0.067565500000 
0.541749000000 0.135930000000 0.103880000000 0.119221000000 
