99.40122028577747 2.0 64.95649602704299 
2.0 82.1373277284415 0.3042587904567524 
2.0 2.0 0.02263904463620614 
2.0 137.8149332145984 0.658318283994873 
2.680698956426288 28.195290607379683 0.16112559818972105 
2.0 72.64110499979596 0.18222501403995572 
2.2296633323972688 11.929116522010148 1.241258667520667 
2.0 105.71516018991046 0.20547987024029624 
2.0 11.094916126531862 1.1807023948011306 
2.0 59.86705624136748 0.2679221298158616 
2.0 2.0 1.8951770260571905 
2.0413345890591597 15.977231381812647 4.572364422714608 
2.0 15.418153592680056 11.504267467039165 
2.117590450371809 8.912009487012927 6.114036937374248 
2.192601233876532 41.947011526317816 0.8839668160552243 
2.0645338712057013 6.049743083155146 0.9216034535811843 
2.059721799837098 16.50650246819687 5.238108898329175 
6.398121730553093 66.47558916821961 0.9637102231702819 
2.0039486868720267 5.902656030769169 8.974815197473667 
2.3225427161060703 2.718849041215286 1.6471248857740663 
2.0 22.843883479219286 25.511151065516586 
2.0044479583483668 2.7115297748156024 1.982203987404246 
2.3749173392561107 2.0 1.7043935161983819 
2.0 2.0 0.7133294635608814 
2.0 2.0 1.0311201666589829 
2.0 9.523842879017842 5.889168419037741 
2.0 18.365197055215013 1.2788017745636053 
2.0 2.0 1.485861617631317 
2.0109995398681364 10.90496725781701 5.31087269215298 
2.051759663970055 2.073566669792207 1.5518386214477284 
2.025035397177997 18.083465837799352 0.13840000491762217 
2.2394368012073604 7.716965342383585 4.839355640723532 
2.005534806894453 10.70879929485155 3.9949854049575277 
2.1397451061546997 3.087400215135051 3.9911098854252813 
2.237110956094977 2.513343517520642 1.346245465248319 
2.281273777196228 5.549876216447688 2.3550664249331557 
2.009351268489881 11.378892824915129 4.769081000514773 
2.326035163342127 3.3385055796846075 0.8347032796687242 
2.2186202495350043 2.0 0.7811103774824262 
2.012199489252947 5.681275636291481 2.8613601140762026 
2.2171775020624485 11.26458327256806 1.1428399081286174 
2.1031024056993015 5.521861307371052 6.5640208994663 
2.3614830808454927 2.0 1.5939867328088613 
2.4080172925952916 2.0 0.7470968673754659 
2.027791131856803 2.605887221386804 1.3087866752891415 
2.0 2.7280502833974425 3.4319821896748772 
2.0146376067932676 5.848487378472548 3.7758124749291557 
2.0 4.450373166905825 0.017551790532566613 
2.0247302702206396 4.285505030031077 2.9262538638847952 
2.1823936522944583 18.39034933787775 18.872551723409558 
2.1260619201629796 2.8022470488344 2.0207946145738456 
2.0397768814273474 2.0 1.6715422790671257 
2.0 5.785584882162078 7.0500377065946624 
2.017537548939083 3.6302831794182566 3.2392330472479998 
2.0 5.574444776595863 2.1514715835126212 
2.0 17.533540571550855 16.115694723726275 
2.0 13.335019874755407 9.47359000620341 
2.008830205814329 9.322671193760897 4.6069737990926 
2.0 4.192350147839441 3.1083358897753186 
2.154153762191442 8.70269122151729 7.739091693262057 
2.0 6.479979769087312 2.9178960883966454 
2.010724136061265 2.8247725242136754 2.2275740737534386 
2.0 16.537784109654858 10.288171644917142 
2.0184298366122495 2.9526507592655866 2.62104344382671 
2.409840066553605 11.403681526058834 2.547931567226549 
2.0074109009985777 6.3623565341912505 4.1248859805574085 
2.005402080328593 11.163638941912778 2.85115567493553 
2.0007284757621675 2.490068102497712 1.3917661858018724 
2.1742781904479873 6.800119612406981 2.4661847049374135 
2.003952885438896 2.0 1.066773152060545 
2.0253837524489526 6.110310093085531 2.647128730257026 
2.0155188928972296 7.076179866778622 3.159772330922766 
2.073564469596674 5.1292129695190045 3.391117799251637 
2.096129060811533 2.0 1.7489470876130966 
2.0021588575600218 13.587591162274606 8.318457031669146 
2.1918396896520695 7.565576797666267 2.6006843578005854 
2.0 2.0 1.1052799355986376 
2.0091878231333142 5.482293300772738 3.970325397775506 
2.2016245344181695 3.297553585261155 1.7874531128318527 
2.057160306925893 2.3451960552959155 1.4473680132860918 
2.0 2.528695252734627 1.9339398427391523 
2.0 4.666838887560672 2.572266795742346 
2.182537251030656 14.999451382409871 2.521409690795805 
2.333142762448621 9.010935691177973 6.273376615235522 
2.1125120163316953 6.286202017562535 3.225617422638678 
2.237231229800236 8.058610790492189 5.339399343386628 
2.0087779532768906 2.6920813043441654 2.163264800310592 
2.116958406621172 16.14309379697867 3.8272647444503805 
2.0 2.0 1.8324286016872118 
2.239996471800376 17.735021879644687 13.989257939721371 
2.018264434483374 2.77502539218388 0.8912505122630829 
2.1549420175152596 9.124564003916564 1.5666038998284864 
2.2724824138460846 2.046553385054255 1.2678902402166279 
2.0125863701177926 5.758812435264602 3.511391433282722 
2.0 13.265008958932784 5.707470197117713 
2.012552184613058 2.7645327988979123 0.6392861393807499 
2.0 3.1144022639549847 2.086976460175907 
2.037204537785839 15.740862523710796 12.895791325572077 
2.0 3.0350468820962195 0.9887956168104606 
2.0 2.0 1.3545144372655313 
