0.016180000000 0.340679000000 0.294644000000 0.297163000000 
0.024154700000 0.298051000000 0.252326000000 0.254882000000 
0.007833960000 0.393802000000 0.351205000000 0.352868000000 
0.009568210000 0.384090000000 0.341252000000 0.344075000000 
0.032313300000 0.264559000000 0.218865000000 0.221532000000 
0.285536000000 0.039930100000 0.022863100000 0.024395800000 
0.009773730000 0.375747000000 0.331887000000 0.335152000000 
0.152740000000 0.115853000000 0.080816600000 0.083351200000 
0.288333000000 0.037053800000 0.021161500000 0.022460800000 
0.184325000000 0.090016600000 0.059791100000 0.062028100000 
0.008365150000 0.390021000000 0.348171000000 0.350142000000 
0.183160000000 0.093746400000 0.063159300000 0.065232000000 
0.008581640000 0.387922000000 0.344508000000 0.347266000000 
0.012531300000 0.367246000000 0.324872000000 0.328084000000 
0.014705700000 0.350087000000 0.306627000000 0.309457000000 
0.316823000000 0.028021900000 0.015165300000 0.016435100000 
0.022805200000 0.300335000000 0.254583000000 0.257138000000 
0.092056800000 0.169644000000 0.127996000000 0.130753000000 
0.017316800000 0.324450000000 0.278565000000 0.281100000000 
0.378944000000 0.007736580000 0.004764880000 0.005029440000 
0.250544000000 0.056445500000 0.034366700000 0.036154000000 
0.090450300000 0.174870000000 0.133700000000 0.136434000000 
0.171508000000 0.101533000000 0.069053700000 0.071417700000 
0.108863000000 0.151982000000 0.111756000000 0.114848000000 
0.236196000000 0.059857000000 0.037370400000 0.039024400000 
0.221755000000 0.072099700000 0.045940900000 0.047928300000 
0.400532000000 0.001694450000 0.001079530000 0.001199820000 
0.310190000000 0.028701200000 0.015978200000 0.017094900000 
0.252284000000 0.051852100000 0.031251100000 0.032678300000 
0.018731100000 0.318120000000 0.272315000000 0.274842000000 
0.416808000000 0.000538924000 0.000427530000 0.000476693000 
0.067836800000 0.197202000000 0.153308000000 0.156113000000 
0.128255000000 0.130939000000 0.093812100000 0.096183300000 
0.356883000000 0.012500500000 0.008281600000 0.008821980000 
0.019789700000 0.310249000000 0.264495000000 0.267050000000 
0.082044600000 0.174918000000 0.132692000000 0.135323000000 
0.021419000000 0.303914000000 0.258190000000 0.260728000000 
0.340035000000 0.019094700000 0.009796970000 0.010797600000 
0.073607400000 0.194995000000 0.151303000000 0.154287000000 
0.230803000000 0.063906900000 0.040069700000 0.041766600000 
0.255710000000 0.050702300000 0.030745400000 0.032299100000 
0.013300900000 0.362663000000 0.319998000000 0.323306000000 
0.205625000000 0.077535200000 0.050589100000 0.052465800000 
0.034792400000 0.257628000000 0.212000000000 0.214695000000 
0.332555000000 0.021980600000 0.011487700000 0.012579700000 
0.224096000000 0.066830400000 0.042315000000 0.043977600000 
0.160897000000 0.106604000000 0.073166100000 0.075577100000 
0.047062400000 0.231609000000 0.186192000000 0.189297000000 
0.298273000000 0.035005000000 0.019580100000 0.021022400000 
0.123046000000 0.141707000000 0.102737000000 0.105647000000 
0.113328000000 0.148505000000 0.109748000000 0.112225000000 
0.276808000000 0.043901900000 0.025559300000 0.027155400000 
0.077136000000 0.182954000000 0.140051000000 0.142730000000 
0.029006000000 0.281721000000 0.236014000000 0.238461000000 
0.018027800000 0.321846000000 0.275997000000 0.278538000000 
0.097328700000 0.156111000000 0.115700000000 0.118161000000 
0.362397000000 0.013250000000 0.006525000000 0.007281130000 
0.062771300000 0.205036000000 0.160697000000 0.163583000000 
0.095350300000 0.160143000000 0.119336000000 0.121835000000 
0.199664000000 0.079035300000 0.051402100000 0.053141200000 
0.041398000000 0.242070000000 0.196435000000 0.199534000000 
0.172300000000 0.096726500000 0.065269000000 0.067191000000 
0.133834000000 0.126124000000 0.089673000000 0.092018700000 
0.060215500000 0.221063000000 0.176070000000 0.179143000000 
0.016492800000 0.335510000000 0.289501000000 0.292031000000 
0.127548000000 0.136200000000 0.099049000000 0.101409000000 
0.044915700000 0.237311000000 0.191775000000 0.194876000000 
0.197690000000 0.082067000000 0.053572600000 0.055714800000 
0.324527000000 0.024838600000 0.013406400000 0.014445600000 
0.016959700000 0.331575000000 0.285599000000 0.288132000000 
0.131897000000 0.129129000000 0.092227700000 0.094574200000 
0.294562000000 0.034928600000 0.019793000000 0.021036500000 
0.386105000000 0.005243540000 0.002551820000 0.002879220000 
0.014257000000 0.363394000000 0.318875000000 0.322483000000 
0.025257100000 0.288800000000 0.243074000000 0.245641000000 
0.033071500000 0.261150000000 0.215509000000 0.218186000000 
0.060983700000 0.209476000000 0.164924000000 0.167844000000 
0.051526100000 0.223959000000 0.178824000000 0.181906000000 
0.243279000000 0.056845600000 0.034971800000 0.036532100000 
0.114494000000 0.141678000000 0.102938000000 0.105282000000 
0.349551000000 0.015870100000 0.008027430000 0.008780800000 
0.266538000000 0.045078600000 0.026882900000 0.028308400000 
0.190531000000 0.086174000000 0.057002200000 0.058918900000 
0.037920000000 0.247692000000 0.202200000000 0.204915000000 
0.394145000000 0.004287210000 0.002133960000 0.002385680000 
0.159592000000 0.109891000000 0.075867100000 0.078320000000 
0.011786000000 0.371539000000 0.327288000000 0.330404000000 
0.027978400000 0.281837000000 0.236076000000 0.238673000000 
0.075464200000 0.184989000000 0.141954000000 0.144664000000 
0.369795000000 0.009697680000 0.005682730000 0.006231110000 
0.030372600000 0.269779000000 0.224072000000 0.226717000000 
0.029886200000 0.273894000000 0.228131000000 0.230774000000 
0.212197000000 0.074089000000 0.047857900000 0.049722300000 
0.011654900000 0.375166000000 0.332269000000 0.335175000000 
0.145822000000 0.115716000000 0.080863600000 0.082944800000 
0.093030500000 0.161641000000 0.120633000000 0.123176000000 
0.018800300000 0.314505000000 0.268718000000 0.271286000000 
0.015549700000 0.348330000000 0.303550000000 0.306744000000 
0.073948900000 0.188955000000 0.145605000000 0.148333000000 
0.040662800000 0.246263000000 0.200830000000 0.203512000000 
