6.318435705831087 2.007410742037336 122.89863674951019 
6.129493715837636 2.0173514106350305 4.405567615202691 
4.087958365197597 10.34331972586865 105.53762928504064 
2.5604476755929904 7.945346317003916 242.45681608440998 
6.349504986948006 2.345863565390375 3.228703446838777 
2.0 2.0 0.8021981341379454 
3.0668714725228483 5.671206963354443 88.37353403830362 
2.0 2.0 1.3773004047997914 
3.8648200795834953 2.0 0.7686029491025459 
2.0 2.108825284107614 1.186230267815657 
3.756842878555647 7.593116601960875 52.09158973577749 
2.7371964953651986 2.3655342054269606 1.207905132400983 
3.2641939915425566 9.695866593184018 113.16357934292235 
2.0 7.596002294733619 7.757409763322883 
2.8983773550789973 8.468522290427384 5.34500921483161 
2.0 2.0 0.6916678925288766 
5.761057903270775 2.0 4.506971076889026 
2.5328593777020707 2.0144068102855397 1.8211187580252175 
6.383251497808137 2.0 6.556001908092011 
6.988182530304949 8.581438132210817 0.26764686472993915 
2.0 2.0502287042115235 0.9384562395292741 
9.87386249333132 2.023951195840374 1.8916879181867268 
2.0 2.0 1.2681743161826335 
2.0 2.356865444768015 1.7166845409010416 
2.736089491021009 2.1914284486781765 0.9586538190510047 
2.0124404156914517 2.0 1.0617164667468562 
17.088263746246874 2.4951395668950234 0.12535284164610788 
2.5324662350197076 2.1975557888987725 0.6953626737564805 
4.8456454602131185 2.249399604754362 0.8818190803398303 
5.732537664782475 2.0 5.715560421414835 
2.0 2.166183670457685 0.05424385818145516 
5.357194970513835 2.2154723920265997 2.1323512027890246 
3.5274276451917883 2.0269419989033897 1.4954251406356331 
10.570223611904321 11.93421744633788 0.04820792378198435 
6.475911924704031 2.117805683809946 5.076215144371245 
4.662175878504309 2.167925912626101 1.8799358887206796 
5.874588493981309 2.0 4.704523677374012 
2.0 2.0 0.5860536048406484 
3.303253346397458 2.1947043205234547 2.1062589788197688 
4.35293172495944 2.0994281829748083 0.9834781714583222 
2.607864744730035 2.4650601795919136 0.8916516664208104 
2.066255911974255 7.811020883877205 7.081104230189299 
2.818008814485335 2.18202704299405 1.086393761758763 
5.570026641253724 2.323297245411873 3.0776582846756675 
2.0 2.0 0.623632255691204 
4.11936929890685 2.0 1.001327920252672 
2.0 2.0232152085542694 1.3041401045474519 
4.969216770979376 2.3079744610148483 2.6313782260073353 
2.2445187650465623 2.3069871642225634 0.7587940360244803 
2.430015105784211 2.4538256810240293 1.6123493669242799 
7.950609545802823 2.0014880398693045 1.6558586959759345 
2.0 2.4558895680024917 0.8433926457034902 
4.8993552675116465 2.0 1.9647559706122206 
8.057976075575148 2.1752183901053566 3.8339539734727035 
6.491848754793702 2.004999936566271 6.1822050493859875 
5.453156177501718 2.0328200112582406 1.6996042724793923 
2.0134224414054995 2.016732669801163 0.5012463638101405 
5.260645739687441 2.0 2.2367833322558437 
4.797153678392581 2.426528635856527 1.7339833188432268 
4.5506489713474245 2.0 1.0872783675785191 
5.14636550786861 2.4074408777649627 2.830378080101508 
4.573854743669889 2.2184171322561 1.214973825444103 
3.6687178910214446 2.1583282744691976 1.4492216218554017 
3.6537971972736134 2.0 2.4979502952513606 
6.1282441114179775 2.3281745448085163 8.756790327805902 
7.843184863581659 2.0 1.556168455337619 
5.212810907752504 2.3587310293457087 2.7386963915355875 
2.0 2.0577359746061923 1.129434840405136 
4.353145159459862 2.2475733294759204 0.6410624983968761 
6.165172082614436 2.0 7.782323076735085 
3.6064537660760037 2.15160509677781 1.475766018774235 
3.7214883698772008 2.1611558815948975 0.7469506910241908 
2.666309032691651 2.03462339106399 0.34300328890939336 
3.072246258170093 4.9745262863365465 8.232794687124592 
5.739327896533626 2.0387439522582076 3.98294932235949 
6.488810032308017 2.0 3.1607802943027385 
4.814812948585094 2.278567092061506 2.3034235323441337 
4.923386687940331 2.0 2.520834075576168 
3.5837992670149625 2.0 0.933320500637913 
4.880621854179632 2.1454647147899215 1.5601574432461143 
5.258217227989987 2.2943112677530513 0.5186917924314312 
2.887081124613159 2.31293920410977 0.8381713416275964 
4.118139324393248 2.1147979727848023 1.1540712109040152 
5.761467794896719 2.1029463700910136 2.8745383144803256 
11.431289512921909 2.1292176343146796 0.254988251490198 
2.0 2.0 1.329591714992318 
5.277640643418899 4.606832663320461 98.204950438715 
6.307444619633339 2.410256771727016 3.720078443855433 
5.034852502509958 2.0 1.9843368737679996 
2.2340270330646868 21.176986677644617 0.3303882245789186 
6.160120747467007 2.05483455670281 3.3722559665601475 
5.676466312866436 2.4332359678020543 3.472159959081408 
3.323106333652322 2.174934421852111 1.0664800347361507 
2.057553742348683 10.33256686726391 106.55142738427821 
5.391734486408295 2.2714999118553685 1.3561082631400059 
4.84866634757566 2.0 1.7400105408485889 
6.173049225705999 2.1399962682315485 5.4087555470921265 
5.210599691429555 5.1303385598199105 5.857275160589754 
4.894579297963206 2.439277904936336 2.028924345232119 
7.716299087892336 2.4566951217680186 2.9011966088034864 
