2.0 14.811599230305134 130.88786659493434 
2.0 2.8163746055815437 105.28596935636078 
2.0 10.872704616629226 179.51503990925625 
2.0 6.236432131076384 151.3270572880534 
2.0 21.293761792639415 127.57273220915802 
2.0 22.55560462473586 84.5749338342501 
2.1618121495756117 30.156524064464747 146.33679024301938 
2.0 13.215673821699292 143.64518957830987 
2.0 4.024612686200975 134.20514976948238 
2.0 8.23665497191308 178.84875936823033 
46.50694440782681 2.0 45.52865453637574 
2.0 9.121049875634592 128.0 
2.0 2.216296068597158 2.362662310519812 
2.0 2.0 4.34336064044494 
2.0 2.0 5.295472497500139 
2.0 2.0 0.007486206370534987 
2.0 2.778665119395418 6.137543641939814 
2.0 3.1185908460400813 6.3400053848045035 
2.0 3.0826350674626837 5.906666033708916 
2.0 15.43332001596146 14.147041611236144 
2.2945155754624267 2.224791428435669 4.704175963812162 
2.0 2.0 4.766942371948474 
2.0 2.3156670464539397 1.7450277177838989 
2.0 2.0 0.6179443395272676 
2.196566059645718 2.3811344733137125 2.310705974647133 
50.09802147857205 2.266130429290266 14.895754518838968 
2.0 2.0 4.776410827536306 
2.0 9.37887336226969 1.0098210015321416 
2.0 2.3803362600652904 1.6071282141981307 
2.0 2.0038170611613513 0.7753213291648489 
2.0 2.2656287738989653 3.925492407343554 
2.0 2.411147577692345 1.3635899751626666 
2.0 2.071618868984364 0.7467736591431606 
2.135157447590339 5.877337668335441 0.861649677641787 
2.2694293135364436 2.3681240108565804 3.5202775486046214 
2.4382061133233557 2.1528539385655114 1.6238109256548985 
14.52135854848622 2.0278578492649633 0.3242587616351491 
2.463644589654767 2.1414290129629032 1.7545760002874626 
2.0 2.6140906486249187 2.6849798466578703 
2.0 2.684479015470769 2.6778756851352936 
2.438015746577098 2.1267114245240313 0.8512806449015288 
23.631657953941367 2.0517735904726546 0.11713891089431142 
2.5980989960393694 2.149919348688551 0.7266716432169877 
2.0 15.209817314148943 13.968439404716657 
2.0 2.0 2.519571572492911 
2.17312657127919 6.3720042460051065 8.577497203092417 
2.372127424561323 4.269344940200245 0.41437766121713004 
2.0 2.454399513041914 0.29348822555379783 
2.2949470770095792 2.1321730853298093 0.7981931092680807 
2.0 2.0 1.1980607162244485 
2.0 2.0979698290419604 0.52679945305347 
2.0 2.0972310296757795 1.0034769521871043 
2.0 5.992870995795778 0.7244052395877922 
2.0 2.47185380611174 2.755283377172203 
2.379274690958889 5.333069170822116 1.647476844484789 
7.52968931107884 3.4482266249498377 0.1604930394960089 
2.0 2.1507777655539866 1.5516067700594838 
2.0 7.486725770245766 1.1196043208044446 
2.0 2.821891645467802 3.929760951146439 
2.6938866317175862 2.448575588260849 1.4721335120061259 
2.459491628056495 2.1334767334935125 1.9813590209781045 
2.29823834812265 2.577440892653115 3.5094389803009887 
2.0552636845142174 3.8354606342857993 7.377636033488173 
2.0 2.147844291183074 1.5215783332875639 
2.319970361084868 6.555565738531211 0.8802570640512248 
