47.60718145125507 2.0 256.0 
2.0 5.722187256566187 107.23256167692244 
2.0 2.787563394512418 164.24947556073928 
2.147834166717939 8.28735168907906 215.14122800869066 
2.198509749665762 11.448996109877376 134.63314657547068 
2.0 14.900919240604633 0.0 
2.0 30.744981431495077 145.28084611302887 
2.0 20.79096941055915 0.0 
2.2504373798529373 23.03453622280579 58.61526623217988 
2.2019295404065162 3.7390593865077584 0.2480656080475798 
2.2394770690670347 3.604574953415053 0.6888177530182477 
2.0 2.0 0.18745759717477103 
2.0 5.588477001749961 1.1332107414454122 
2.015764043965402 4.386986478027955 0.5019620036638784 
2.052980692992354 3.1394910433416303 3.6127731067847604 
2.015881317790777 4.337850216054267 2.0721485171270095 
2.0015217964740506 2.0 1.3841401065394 
2.217265988124424 3.9876745535445566 1.0277199401427193 
2.0003107139580685 2.852271364567523 3.314748340102953 
2.3794506594609772 6.387337403068525 1.542515027886547 
2.0 27.64453936039822 15.575682185858126 
3.100276634073054 2.0 0.38661403068354616 
2.015445642621206 3.1329089053687618 4.911021902342428 
2.434863475441591 2.0 0.639154840035135 
2.2095914044420564 5.874709737028441 6.656326569848222 
2.1051233161977847 9.921805440751825 0.5255290456300321 
2.483892101699305 3.5690413259035036 0.992939028241463 
2.48755584348336 3.9496204302123172 1.1579322822756162 
2.2964968266358463 4.940906970882102 0.3943512794361519 
2.0295055009622494 6.336557100601012 1.7470654582013498 
2.0878726435443253 3.0082830298998964 2.6427087819674737 
2.6181204952609733 2.0 0.8426372153998958 
2.0 2.0 4.107308483916433 
2.4009341253330057 2.0 0.707476052849712 
2.0 3.9289236226271065 5.253310101186829 
2.245449441555876 3.7654662773219623 0.518947404589593 
2.0 2.0 1.4923711195543836 
2.0 2.0 1.367398676232582 
2.8967581056260276 2.0 0.41636360154506735 
2.269342260406635 3.604138961878433 4.86918306597741 
2.1453515809755634 4.2384154503023055 0.7982872689018277 
2.17468312675399 4.230188073320177 0.44222743883199267 
2.0 2.0 0.7297294331130422 
2.1632315384545353 4.034542914536116 0.7094919303477387 
3.1399292292767083 2.0 0.24197074653304404 
2.0341204463522398 2.9293733492787526 3.839583009052422 
2.0 4.4109667522556535 0.8842037755083254 
2.093974137593127 3.681756114434045 0.4831839188368793 
2.2332423403225112 3.3095812828558095 0.14811898954442548 
2.3106938788239813 2.0 1.2879817692845523 
2.1032098878607868 4.095035431204645 2.1289738736333392 
2.1780433006326123 8.534544466272777 0.823047550429639 
2.7299517887966536 2.0 0.9998232047679133 
2.0 3.0188747679074615 6.933543752031414 
2.420280851941594 9.23881413538689 1.2315738788013229 
2.8140659352116515 2.0 1.1273636000068457 
2.0227238169891164 3.635456263629447 6.330293423268447 
2.4873676155520057 3.1798719205838237 4.127015951056725 
2.474892376048216 2.0 0.6604526105186156 
2.379106690066904 4.305643264020135 1.4759559639600068 
2.0222755098759375 6.458094104138364 2.165665753923058 
2.442099243758478 13.424681720686774 15.056246006694655 
2.0 6.940963514558762 0.6320684408491809 
2.004861598285109 9.482581816200211 128.0 
2.0223696538767477 4.130321865752334 0.7377961610468047 
2.3951861454818393 2.9303967195551848 3.0579863622815213 
2.0 5.285634857802798 0.41374297088546497 
2.372085061430091 5.448125165828234 1.6213460250609897 
2.0 2.0 1.5217656365506471 
2.0 2.0 1.4797565381354787 
2.32834252801964 3.921761458923583 0.763916025185131 
2.0050970522196407 6.150654312926535 1.095629175360525 
2.889048568489155 2.046494782554105 0.9257953675625221 
2.0 4.049479793929161 1.7315649821875176 
2.040611989485138 2.149387296332684 1.4270328881552468 
2.9360699078400945 2.01174962260176 0.03483934281437051 
2.4275851253630893 6.117828431355691 4.660794913954114 
2.0 4.000325467562138 1.070735023264774 
2.4909700433349813 5.727591741946392 1.5545338230485386 
2.118836505941189 10.828321366844026 7.736465187329803 
2.1466327185568965 4.495546515679697 0.3242559190471054 
2.1123165405147777 4.105424144190227 0.9410734903283826 
2.211558474546424 3.187298778740752 0.24872064717579068 
2.4204126884780828 4.007317824286503 1.2801157257996028 
2.206636498890942 5.6572858955035965 8.043665242312269 
2.0552890904860672 7.7465547744285015 11.623910397618062 
2.364650718221498 2.8188926040734525 1.7513679782067346 
2.0159019548845185 3.445664470657057 4.718037796648488 
3.0410162428892313 2.0 0.3068227005116668 
2.2342557675004038 3.7768091119399307 1.8538238854932056 
2.0 14.718336814872163 11.595249235518118 
2.733593466925905 2.0 1.0838209710079194 
2.0 2.0 1.6108526774800964 
2.239172248921091 3.6617923314809624 0.4782670976455749 
2.4487538464284864 4.442071381511851 1.532935039391819 
2.143819618018411 12.807970708172416 9.044987085599129 
2.391263358265506 9.627854208919903 7.950512348410086 
2.0 2.0 1.2346401109022473 
2.177328963927297 4.148065395981137 1.1985063315126612 
2.1428076240197176 5.967925163732957 1.288739158441359 
