90.13831671184134 2.0 97.72252340675853 
2.0 22.951001253984444 0.0 
2.1676160987699857 2.6833843590103967 1.9742178633550949 
2.0197106007758316 2.0 1.6376221554058932 
2.164147306431479 5.659844567378484 2.4457292787682325 
2.2540217581687294 8.317246937913835 4.256053582203721 
2.0155291982662074 10.547378852848064 8.056020243724953 
2.0 40.455904818822034 0.2916217900109253 
2.121529849177427 2.0 0.02682091991314861 
2.0093738837253605 2.0 1.414325098646335 
2.0 2.293804965232801 0.865233425169469 
2.4945816407633026 66.8061302508225 0.46733578429509537 
2.1623698397327082 72.74916533103612 0.10437976885083966 
2.0 2.0 1.5284234629926985 
2.0 2.296949695992531 1.3914553645489454 
2.028935911046397 8.948285738424822 9.082753998755662 
2.0 2.0 1.0698828537770004 
2.059566308238249 3.547198974851076 2.142754322276252 
2.125025785436406 3.914569701658535 1.7185206918707259 
2.0 15.306148206755566 10.759678438546368 
2.4712203288589776 6.383696518628144 2.9992353053706995 
2.0691611150873626 3.5920120826289494 1.4978354400693648 
2.2749933522848926 97.0 0.2015673091585096 
2.154654947390097 6.372580829360473 7.735581948202418 
2.0 2.0 1.1297156158470973 
2.001397122026338 5.489172244856881 1.1761567434792304 
2.1364790894058805 8.852812369168264 5.887643227453282 
2.3613386188508043 9.496321777923532 5.0610730211008725 
2.003672243519643 9.486246137425983 4.902748082431582 
2.0328343352703606 2.6363634053946186 1.2087225528827 
2.198708939410532 127.58689170456148 0.21498605217100628 
2.111116606426856 42.3863161053102 0.015831660017917137 
2.1141818666136554 3.023088340684302 1.0312887198372682 
2.451939555980255 5.700357554711895 2.8398221595764666 
2.485251636486579 5.899758381636736 6.036977263998777 
2.0 2.0 1.8431734581049983 
2.4012558466274054 2.1171061694116355 1.7995151040931257 
2.1632581699901348 2.0 1.3637131664935007 
2.1933084925521733 2.0 0.935036055883223 
2.009694414378214 20.751443240910316 9.615169378688313 
2.4491884825758112 4.22252550622891 1.9135405301402548 
2.1556071019831515 5.88191528113263 6.94447214993987 
2.041914157446968 4.73508237841673 4.471087569756715 
2.1331658438720376 6.907300187240503 3.163789427962924 
2.011032841443472 2.9391362783318904 2.027339325757908 
4.155040257258477 73.85826485694577 0.012659319206896391 
2.3079108172307716 5.458683391168885 2.4766846473029815 
2.0 10.646399331434935 4.074894509895594 
2.4171296683556314 2.790948055095355 1.0995938175960145 
2.1684348028577225 3.299485324897395 2.2870616301369826 
2.1866332204022934 49.88962681801176 0.6989828842653598 
2.3791552108141634 4.308313266532981 2.574991638352243 
2.0 5.736887051847583 1.2708750646851126 
2.0 2.314999469943324 0.8926166825099094 
2.0 5.729154766782296 3.2365488251472163 
2.0665116951710396 48.30323494788978 0.4462224933336927 
2.0 3.669000215523316 2.5032706691878763 
2.107125394084272 5.797522920779013 3.3319660977248176 
2.39351400774769 3.337194709603539 1.6654780288663114 
2.0048223116484296 4.04905274458277 3.352830827517065 
2.0914004594256546 5.551011085454613 3.6065130063832793 
2.2801897959211885 9.121683405193203 5.424357597804186 
2.095551127993763 11.461684107866406 7.338809317433677 
2.0 12.865575618265568 13.289220356035285 
2.4511956386254465 5.593870520864381 6.332551220611628 
2.0 4.694903745603422 1.7867281437890508 
2.03279270572904 3.159337254088098 2.596988943531863 
2.162156358338609 5.589849452033205 2.8917411110890647 
2.1100265758940555 5.031669666759221 4.707113297927835 
2.0 3.2185782897907553 1.9407143501441966 
2.237393486244372 4.645632941988175 4.5896598401951 
2.034824231074995 2.9947507925004295 2.205578223670834 
2.0 2.280314454547031 0.7161084866718834 
2.0339521179262854 9.762571861128604 4.189571716334527 
2.2740319542731253 3.4750752439164687 1.8672200112391217 
2.0245300916056905 3.1288062021368335 1.3164779057237421 
2.113003522178658 18.930779282462495 6.8688737659797585 
2.325262488784751 17.309380409748478 12.076053656138987 
2.0300777962205223 6.6420933437025305 2.808540888517116 
2.32861960587773 3.2893511839522365 1.4640359840153216 
2.1629149636017773 5.389595287831472 3.1646613221333393 
2.922453716041902 174.51939792866733 0.3974820232170375 
2.0356580408863745 2.609795615389036 0.978546812675521 
2.0 2.0 1.5744877084581441 
2.0241057235025974 14.750892921084855 15.185443205135563 
2.127052872383133 6.932383018790608 5.6444130141813815 
2.4403581106212036 2.8978660093065285 2.3137486216741894 
2.008930315878149 22.037277217269825 17.02068376299686 
2.0670990345321276 10.077070017691192 0.0 
2.473126756692543 5.581642869403777 3.857749248026789 
2.0 3.4903861281922244 3.5440172285869505 
2.3418515298345124 5.748127509310564 5.15080727968714 
2.3430417584427694 4.9196760561400374 4.291581620520095 
2.0 5.945794628541565 3.5076745211632225 
2.0 3.884102517541321 1.1896576046350358 
2.025153453659663 3.1775409865480655 1.3102670766165039 
2.0 2.8503989994106216 0.964328612774999 
2.0233961788099903 3.476510745137516 2.041003338509959 
2.1784530760377043 4.170958808696656 2.1701382255952293 
2.0 20.294559600644348 0.004299558364055267 
