3.613740607130611 4.546418172455496 116.28670166735859 
2.0 5.925770100483103 231.14228932301498 
3.4649009717936607 9.793228945068542 96.7014039276689 
2.8549289821515877 5.278384765581217 137.07588569410805 
2.8024446009752726 6.190351186781516 152.41538974195765 
3.86699294333895 10.28530877034834 99.02795750850541 
2.0 2.0 1.1471481233281204 
3.649228511334023 7.6152641577890385 186.70152024161644 
2.969619220052509 7.969819132213904 7.390253080931913 
2.0 2.0 1.2134457951691573 
4.008952888542488 2.163718219540345 0.9560054373900723 
13.520141230782716 2.0 0.3103224371416218 
2.0 2.35215008455996 0.6863238074778291 
2.0 2.1269680876032084 0.20942156104310516 
4.956198529676871 2.1901920988549444 1.5118571457160392 
4.958088988600643 2.0 1.4661471463945495 
2.0 2.0 1.2955783346767569 
7.604777012005193 2.4641617885119196 3.208944284487788 
5.328962656717124 2.2078928282029633 1.4034390552851568 
3.2547906100951023 2.061856726774211 0.9006234342386897 
8.346070540845693 2.0 2.615900026504304 
2.292852295865461 2.101575640576007 0.8151196973687074 
5.937063037391236 2.1699047562500167 1.3162953284355665 
4.982702448945767 2.2261878419902494 1.4874165616346198 
2.0 2.0149374818507644 1.0386951474517074 
7.427794960420356 2.0009745516852795 0.7304959227194973 
4.162122272541497 2.1991508544798264 1.1678059647990942 
2.7898138493746556 7.931238219748508 129.71467281889045 
7.758926789482696 2.063605851822767 4.0456321952891905 
2.0 2.0 1.3479043080190658 
3.73881731372004 2.097303072025534 1.0511787398306662 
3.86828098010265 2.009931121100318 0.8823773628522874 
2.0 2.0 0.41210116287050713 
5.845517612382608 2.208767725857584 2.999034648238999 
7.8245719645690945 2.2211287818557692 1.2374660679590954 
4.771042167037711 2.0933367754154437 0.92348029079526 
5.565207259471757 2.0 3.2764761276194223 
2.0 2.122834254381631 0.6404999374569478 
3.8837740083374417 2.5326908410098246 0.4483178090546401 
3.474856408995854 2.01877918819957 0.5898703181354796 
2.0 2.0368262231724676 0.5339196623332636 
4.502137852784065 6.001024388113811 0.13159569105786506 
5.451205363568871 2.230396915047339 1.5445488392456284 
4.766623190249998 2.0 2.2084148621446085 
5.765049466731471 2.0 3.6913249185594594 
10.251677751492396 2.3659628606690477 2.747175197585264 
6.167512846756457 2.036249005610252 2.8481398381158707 
4.820462006934002 2.0665356596434497 1.9740936154955362 
5.389280504038932 2.1171923507919335 2.124273560812048 
7.520511834323116 2.146618152939481 3.544223920252599 
5.9730327637973915 2.048886088341381 0.6951663848639864 
6.056355999014131 2.0 0.8779078685041275 
3.52407348487207 2.250624715584457 1.6733657260375 
5.701007343608666 2.4522966302920137 2.9181637527151256 
5.624177332850451 2.4113494074369006 9.014398670825745 
6.29892073126039 2.4131541652939505 2.8062522731472432 
4.322195405254448 2.0 1.8979189144028628 
4.555978835895826 2.1943583199935754 1.216305420387894 
2.0 2.464405878469038 0.024947936198615128 
6.929121954353486 2.04690792059912 4.0588101198802615 
6.153458692431297 2.005091817915549 3.5744009868134152 
4.014761582058403 2.073594419791857 0.849183106935901 
6.204900718316597 2.016793768372622 4.583246427967428 
5.5549753468855085 2.160832721589551 0.4189737917996581 
8.356161664018842 2.3313079536623764 0.7596326099058375 
4.745634758201514 2.0 2.339390855650267 
5.507402263310683 2.0 2.2834386761802095 
4.9896568921952875 2.1080469682881335 1.0557730826042917 
5.415283506967235 2.0470922729293566 2.2344842937079608 
5.268188381119703 2.1591382567033692 1.9220908707512212 
7.526806506586577 2.0086636936852265 1.8434940517094334 
6.42211415168998 2.0179741293206437 4.817929207269366 
4.504031671394724 2.1579755371812066 1.8363429517514482 
5.120913107788445 2.088316673016157 0.9557981299197971 
8.934225852505378 2.138124671460976 2.462364151390388 
3.824402976148359 2.188713570159911 1.7507989598400064 
4.7504463990343275 2.1208435445515668 0.5380028582267893 
4.396003840014695 2.1346629112638285 0.8169695741286731 
3.958632103891685 2.006689365661766 1.2505933871809765 
5.537348816611347 2.347751969853923 5.22086706135671 
4.704486021701374 2.12568258028227 1.101022168545099 
3.7848418377458106 2.2021128350593058 1.73459314373063 
4.134371685328477 2.0 1.4432162489528926 
4.539045921526937 2.106515349418696 2.504700315145874 
4.408236575722171 2.004345579583202 1.3765517709485795 
5.857855665620632 2.3809815677516566 5.857045687891163 
6.417514322538639 2.008832869626779 3.216989570616725 
8.369526807429597 2.1568870731283356 2.829078057320926 
2.0 2.249180979752003 1.3727158100136576 
4.961493009919415 2.02208203839661 2.0551352224127406 
6.256209365113209 2.4360338270164776 10.106615662917134 
4.880725913871682 2.0971933768073954 0.6884161164127689 
6.0693113453970415 2.019207808251258 4.3356972065831325 
7.0010433584493015 2.10370405846217 0.6377863097989931 
6.440577558489993 2.0171157228938745 5.072111037578219 
8.280372336200944 2.0814239473463805 4.411667151519218 
3.058399204564118 2.0 1.701814608394535 
4.705514849706933 2.1198478519410036 0.7656043318645374 
5.3835197776706005 2.0 1.5933293678734637 
