0.033295600000 0.552942000000 0.547334000000 0.559951000000 
0.050822700000 0.382789000000 0.377691000000 0.401058000000 
0.039798300000 0.422477000000 0.417517000000 0.439370000000 
0.427506000000 0.024158400000 0.021808100000 0.024473500000 
0.256067000000 0.076545300000 0.072532400000 0.080701600000 
0.210101000000 0.096114600000 0.092429400000 0.102287000000 
0.032788300000 0.569249000000 0.561818000000 0.573084000000 
0.037318200000 0.426395000000 0.421575000000 0.444276000000 
0.036940100000 0.433949000000 0.429352000000 0.451837000000 
0.610786000000 0.001878900000 0.001313890000 0.001410010000 
0.551332000000 0.005801650000 0.004588860000 0.005334410000 
0.378013000000 0.036529400000 0.033461400000 0.037278800000 
0.640232000000 0.000516362000 0.000392371000 0.000481928000 
0.044803100000 0.404106000000 0.397600000000 0.420076000000 
0.392889000000 0.030527500000 0.027265800000 0.029878800000 
0.519783000000 0.008715540000 0.007538210000 0.008546020000 
0.096926700000 0.179198000000 0.173976000000 0.187003000000 
0.238007000000 0.083756000000 0.080196300000 0.089160700000 
0.085296200000 0.196277000000 0.190666000000 0.203897000000 
0.350449000000 0.042464600000 0.039559100000 0.044378400000 
0.034544900000 0.434426000000 0.429923000000 0.452897000000 
0.063355400000 0.242675000000 0.235753000000 0.248785000000 
0.382500000000 0.033298100000 0.029834500000 0.032692400000 
0.075121900000 0.209513000000 0.203623000000 0.216799000000 
0.307552000000 0.055155400000 0.051799600000 0.057776500000 
0.446088000000 0.019845700000 0.017850100000 0.020115600000 
0.080679900000 0.202343000000 0.196766000000 0.209670000000 
0.484925000000 0.013571300000 0.011988200000 0.013548800000 
0.197155000000 0.105199000000 0.101674000000 0.112345000000 
0.162019000000 0.123884000000 0.119743000000 0.131248000000 
0.183717000000 0.110398000000 0.106478000000 0.117254000000 
0.033911200000 0.547815000000 0.541514000000 0.554187000000 
0.341773000000 0.044519600000 0.041543600000 0.046531300000 
0.405035000000 0.027189900000 0.024051800000 0.026294400000 
0.053182600000 0.293252000000 0.285452000000 0.298812000000 
0.188693000000 0.107063000000 0.103224000000 0.113778000000 
0.123550000000 0.150805000000 0.146220000000 0.158668000000 
0.134846000000 0.143344000000 0.138972000000 0.151090000000 
0.118751000000 0.155554000000 0.150887000000 0.163525000000 
0.459633000000 0.017875400000 0.016041900000 0.018130300000 
0.042292100000 0.412417000000 0.406538000000 0.429180000000 
0.246572000000 0.079676100000 0.075575500000 0.083962800000 
0.070831800000 0.222288000000 0.216034000000 0.229193000000 
0.110147000000 0.165394000000 0.160467000000 0.173317000000 
0.114715000000 0.160269000000 0.155462000000 0.168200000000 
0.173913000000 0.116482000000 0.112446000000 0.123655000000 
0.271440000000 0.072857100000 0.067875600000 0.074249600000 
0.069831800000 0.228821000000 0.222966000000 0.235965000000 
0.421120000000 0.026380000000 0.024481700000 0.028218200000 
0.156242000000 0.127327000000 0.123188000000 0.134733000000 
0.073713300000 0.214939000000 0.208890000000 0.222069000000 
0.151979000000 0.132350000000 0.127347000000 0.138677000000 
0.582623000000 0.004560830000 0.003827990000 0.004648840000 
0.530145000000 0.007437410000 0.006349730000 0.007246500000 
0.177566000000 0.113725000000 0.109012000000 0.119498000000 
0.034311800000 0.441808000000 0.437621000000 0.460302000000 
0.149011000000 0.134645000000 0.129542000000 0.140887000000 
0.263947000000 0.072480500000 0.069132800000 0.077195900000 
0.051040600000 0.309508000000 0.301445000000 0.315986000000 
0.218697000000 0.091187200000 0.087027300000 0.096261600000 
0.062193900000 0.251825000000 0.245757000000 0.258589000000 
0.128760000000 0.147412000000 0.142862000000 0.155209000000 
0.079024800000 0.205879000000 0.200219000000 0.213123000000 
0.321122000000 0.052116000000 0.049184100000 0.055368500000 
0.054400400000 0.278421000000 0.270093000000 0.283383000000 
0.361141000000 0.038582000000 0.035924900000 0.040361500000 
0.467634000000 0.016929500000 0.014506200000 0.015776600000 
0.088736500000 0.187503000000 0.182127000000 0.195256000000 
0.092759600000 0.183931000000 0.178671000000 0.191771000000 
0.140619000000 0.138562000000 0.134170000000 0.146289000000 
0.207823000000 0.102211000000 0.097731500000 0.107712000000 
0.048396600000 0.392666000000 0.385775000000 0.406477000000 
0.433942000000 0.021889900000 0.019127400000 0.020863200000 
0.335839000000 0.048155900000 0.045684800000 0.051762700000 
0.279886000000 0.065595600000 0.061831400000 0.068659600000 
0.040722400000 0.418110000000 0.412486000000 0.435676000000 
0.495023000000 0.012553500000 0.011017100000 0.012491700000 
0.227240000000 0.088150200000 0.083993700000 0.093037400000 
0.047730900000 0.396940000000 0.390195000000 0.411616000000 
0.295865000000 0.059221000000 0.055733400000 0.062068200000 
0.051966700000 0.302870000000 0.294844000000 0.308844000000 
0.104336000000 0.172208000000 0.165773000000 0.177936000000 
0.042646400000 0.409242000000 0.402912000000 0.426049000000 
0.507720000000 0.010092900000 0.008723720000 0.009907300000 
0.622535000000 0.001416970000 0.001057220000 0.001319410000 
0.069191500000 0.238871000000 0.232239000000 0.244991000000 
0.326072000000 0.049109400000 0.045982900000 0.051450700000 
0.563031000000 0.004829200000 0.003924810000 0.004491540000 
0.050734000000 0.389150000000 0.382495000000 0.402054000000 
0.087225400000 0.191796000000 0.186300000000 0.199470000000 
0.053441000000 0.284055000000 0.275586000000 0.289156000000 
0.103918000000 0.176027000000 0.171891000000 0.184878000000 
0.057546100000 0.262524000000 0.254832000000 0.267830000000 
0.594701000000 0.002655580000 0.001987500000 0.002288220000 
0.060026200000 0.258454000000 0.251715000000 0.264550000000 
0.277728000000 0.068912900000 0.065099700000 0.072678900000 
0.167934000000 0.118819000000 0.114831000000 0.126011000000 
0.056109900000 0.268538000000 0.260606000000 0.273685000000 
0.288898000000 0.062117400000 0.058534600000 0.065113800000 
0.052236600000 0.299435000000 0.290708000000 0.305175000000 
