2.0 39.703264309286816 195.18510428107749 
19.644341014454326 2.0 0.0 
30.68745301904906 3.0049935023917485 14.663009599495167 
2.0 2.0 0.7907529048923251 
4.545736785156583 2.332342523340325 1.313280711697077 
7.483338986601282 2.1408054156147664 1.4992251136030754 
2.6190033051484005 38.254638808574256 140.83971807164855 
24.437148869204776 2.855892581364353 16.498142456994 
40.750884974586626 3.3148424781251293 17.10569707875767 
2.726242288698775 2.385554417013594 0.2540038367308542 
2.625189239109205 2.7688256479033524 0.3636295904723168 
2.0 2.470894627214892 0.9301607059604167 
2.0 2.3097928577524347 0.09343394245770309 
10.150970416668871 2.9467327652188935 14.063853393958745 
3.181325030177435 2.0 0.8462148902448257 
2.0 2.0 0.5518200155202351 
7.596837041882778 2.126327912060466 2.4743652722241025 
6.968853805654055 2.1217514733362557 1.3730084342892188 
7.623231530408508 2.2470611242550724 2.7119254120623326 
3.9359310969455588 2.097333985957627 0.9525482427421622 
30.552517343829805 2.534165395904714 18.656948283369367 
8.229716622386306 2.4498161495214106 3.679769025783331 
3.3595083143461673 2.088248222054301 0.8781643220378021 
7.807517860820352 2.2335860045245153 2.953679420467182 
3.8829513620808074 2.0659545409766498 1.0901030183625666 
2.0 2.104044051668785 0.7299395640448332 
7.115337110455782 2.1264125434202734 2.8296803683005605 
2.0 2.4893929581811665 0.6368780892775977 
9.52705916882161 2.2251792703834816 1.5749249255207913 
8.064529173471566 2.2715262843103847 1.7708460017465173 
7.032246311249432 2.1397733900257108 1.6398802265459351 
2.2909602540536405 34.62646472962398 126.49555352179091 
3.5471396738403316 2.1599299740228304 0.9705347357892181 
3.253538279046907 2.141439434492937 0.8071436296988663 
9.705657887010434 2.058381220010337 5.365320749277226 
6.909165157078374 2.1575194796585335 1.5962556154453988 
8.332746495874558 2.0 2.0987606396303464 
7.467971361821671 2.1223040496549337 2.003056189087325 
8.017058291597113 2.1415962010814216 2.153542236061413 
2.0 2.0 0.7070556449487309 
12.41588849021945 3.4159702420184153 15.082095740103997 
4.9895254266477975 2.0520961395945556 1.3386136444236867 
8.311010758155915 2.1251506920912355 3.2065852946652944 
7.913791017624224 2.139266022913559 2.276713992066064 
7.806819018086487 2.1189301875240485 2.2249888141561023 
8.013339499482555 2.0893958082716013 1.7054839431558386 
2.87135444148468 2.0285484039883617 1.2801429495071002 
9.70613875111765 2.2131343879594723 3.3073840122125358 
8.303326491726178 2.245610047270417 0.7338141943973835 
7.37971999853351 2.3338822881854577 1.8244842213561414 
8.171005004894704 2.270854367813447 3.054106056412254 
5.644255758451177 2.0 1.9198571534295523 
7.961864081163789 2.4564587611393485 0.3024428133160342 
2.0 2.249992301524823 0.5195896155615134 
5.948462305757781 2.014568507153609 1.7160663620714005 
59.67184368038029 3.238338345310829 19.74467243747532 
5.513902733842648 2.0 1.9465630023003662 
6.620171448078406 2.2003294001224933 1.2502364885023636 
9.698804439850088 2.2494588593344673 6.34248146960587 
5.701371848903096 2.091969804514783 1.4655478184263417 
11.165359757845785 2.3122746067725304 3.8274239136211614 
8.250254035459896 2.2403419188178093 2.052504370699957 
7.362508316717839 2.2874654518912005 2.893198015649131 
7.494100097496203 2.0 1.0481245308770828 
8.480209730016416 2.349941385297669 4.978788936905407 
3.7186504856425895 2.100896066894942 0.908901128166411 
3.1206591123202587 2.337451306542995 0.6694918129639564 
7.7908232219032865 2.305820204632241 2.5973765465401097 
7.859358689170943 2.276773914038601 2.527257461982877 
8.313452502879738 2.1327062333878324 1.9537923900234795 
4.9441975185477585 2.349632578469024 1.5634960524304118 
9.628493716766942 2.8613596769998053 12.359560988586594 
2.68588830092264 2.3009684623688553 0.7346625341433781 
9.776401130211053 2.2180479788455836 0.9916009979089272 
3.9222085447301787 2.473583032699972 1.1893705384410194 
11.56752288003183 3.118158162552319 17.015507566952042 
2.1226968847692733 2.4287257819387302 0.6227525511284553 
6.226095972225521 2.1062998747186237 1.4272874488037872 
10.239774589829908 2.866250334604184 12.888880390408861 
4.060475919202702 2.093209510525283 1.13482839618515 
10.29013552859162 2.031413948922296 5.93732399643133 
4.436316975272701 2.192744214943493 2.4365910291662836 
10.249964971441065 3.090888082115325 15.379493385249704 
2.0 2.4345166141575665 0.5768800893149708 
5.600539033354297 2.3687082895475253 0.11154461034185503 
6.966603882000323 2.027618842856673 3.5816759976482375 
3.906077108831188 2.2821202995311864 1.0263550818002998 
2.0 2.2757308342660294 0.44385257871452644 
10.513903038680963 2.770425073052934 11.674707034085278 
8.313274840866466 2.268288892709121 2.6466485681162197 
8.468418463199667 2.0269979209335105 5.229195843389828 
10.587058282164739 2.1623055541867195 2.385286318906094 
7.621080030552865 2.0 4.304632935080419 
2.0 2.25224653904066 0.3560737445969502 
9.763912776048048 2.1642232492472235 4.004538731113097 
4.910094724545515 2.072958568817384 1.2345714592673915 
7.164813323006484 2.1761479636696412 1.7293958372350415 
8.025259098532437 2.0255837899242612 4.543910313124462 
3.803083495228586 2.0558645327563307 1.1597498009086138 
8.18698865717086 2.1663969153931175 6.073449914422692 
