0.009773730000 0.375747000000 0.331887000000 0.335152000000 
0.007833960000 0.393802000000 0.351205000000 0.352868000000 
0.009568210000 0.384090000000 0.341252000000 0.344075000000 
0.010653000000 0.371011000000 0.327037000000 0.329522000000 
0.027457700000 0.283631000000 0.237908000000 0.240475000000 
0.360278000000 0.013801500000 0.007384720000 0.007993100000 
0.277019000000 0.048106100000 0.029228700000 0.030618600000 
0.391775000000 0.005006390000 0.002347740000 0.002693960000 
0.014517800000 0.358149000000 0.314272000000 0.316891000000 
0.008365150000 0.390021000000 0.348171000000 0.350142000000 
0.405141000000 0.001376180000 0.000823232000 0.000931600000 
0.012801200000 0.365795000000 0.321353000000 0.324989000000 
0.019909900000 0.310416000000 0.264662000000 0.267222000000 
0.063480900000 0.212279000000 0.167781000000 0.170528000000 
0.046968000000 0.234766000000 0.189575000000 0.192318000000 
0.365926000000 0.010927000000 0.005360580000 0.005969710000 
0.288567000000 0.038681700000 0.021994700000 0.023507900000 
0.013619900000 0.360944000000 0.317670000000 0.320723000000 
0.257640000000 0.052336100000 0.031464300000 0.033181600000 
0.056371200000 0.221691000000 0.177544000000 0.180476000000 
0.078625200000 0.179627000000 0.136995000000 0.139667000000 
0.025507900000 0.295355000000 0.249612000000 0.251949000000 
0.111965000000 0.149266000000 0.110121000000 0.112469000000 
0.197690000000 0.082067000000 0.053572600000 0.055714800000 
0.252556000000 0.055307000000 0.033535500000 0.035331600000 
0.352499000000 0.016947100000 0.009117070000 0.009894480000 
0.024514200000 0.300553000000 0.255332000000 0.257825000000 
0.260076000000 0.048405900000 0.028775900000 0.030174600000 
0.052350000000 0.225034000000 0.180235000000 0.182971000000 
0.030063200000 0.280696000000 0.235559000000 0.238190000000 
0.384067000000 0.006662900000 0.003163450000 0.003594460000 
0.012219900000 0.370978000000 0.328797000000 0.331980000000 
0.416805000000 0.000538923000 0.000427530000 0.000476693000 
0.017489400000 0.336634000000 0.290419000000 0.292628000000 
0.223666000000 0.071018300000 0.045111000000 0.047089600000 
0.014815300000 0.348786000000 0.305305000000 0.308156000000 
0.070715400000 0.198162000000 0.154628000000 0.157286000000 
0.167102000000 0.107435000000 0.074471300000 0.076381500000 
0.330547000000 0.023120000000 0.012169700000 0.013286700000 
0.341877000000 0.015497800000 0.010350300000 0.010838600000 
0.047062400000 0.231609000000 0.186192000000 0.189297000000 
0.320488000000 0.025085900000 0.013712400000 0.014755000000 
0.018800300000 0.314505000000 0.268718000000 0.271286000000 
0.243315000000 0.058238400000 0.035863300000 0.037369200000 
0.063719700000 0.203036000000 0.158800000000 0.161664000000 
0.074840100000 0.191757000000 0.148689000000 0.151297000000 
0.145822000000 0.115716000000 0.080863600000 0.082944800000 
0.130258000000 0.134217000000 0.096542000000 0.099029900000 
0.021912100000 0.305451000000 0.259717000000 0.262265000000 
0.235102000000 0.060491300000 0.037793000000 0.039450200000 
0.037690600000 0.253104000000 0.207581000000 0.210240000000 
0.119595000000 0.138914000000 0.100721000000 0.103173000000 
0.045559400000 0.238221000000 0.192984000000 0.195727000000 
0.229900000000 0.063362200000 0.039906900000 0.041597300000 
0.116914000000 0.143368000000 0.104913000000 0.107239000000 
0.136377000000 0.123439000000 0.087414200000 0.089713900000 
0.229580000000 0.068233800000 0.043008500000 0.044969000000 
0.053421500000 0.222167000000 0.177076000000 0.180113000000 
0.335848000000 0.019952900000 0.010391600000 0.011275500000 
0.106746000000 0.155940000000 0.115402000000 0.118495000000 
0.187913000000 0.091317000000 0.061261100000 0.063308000000 
0.192160000000 0.090242100000 0.060603000000 0.062337600000 
0.075464200000 0.184989000000 0.141954000000 0.144664000000 
0.057699200000 0.213825000000 0.169083000000 0.172035000000 
0.133516000000 0.130678000000 0.093998100000 0.096222500000 
0.088159100000 0.171631000000 0.129775000000 0.132547000000 
0.085014800000 0.177186000000 0.135221000000 0.137748000000 
0.311982000000 0.029723500000 0.016203500000 0.017520000000 
0.025509800000 0.290329000000 0.244587000000 0.247165000000 
0.216887000000 0.074178100000 0.048335500000 0.050044000000 
0.135914000000 0.128815000000 0.092388700000 0.094602900000 
0.077136000000 0.182954000000 0.140051000000 0.142730000000 
0.153154000000 0.110113000000 0.076220500000 0.078263100000 
0.174001000000 0.097336700000 0.065936200000 0.067956000000 
0.399004000000 0.003770150000 0.002174400000 0.002515510000 
0.296254000000 0.035171100000 0.019747500000 0.021175300000 
0.068164300000 0.199566000000 0.155970000000 0.158615000000 
0.018329100000 0.320398000000 0.274564000000 0.277100000000 
0.024688700000 0.299357000000 0.253579000000 0.255892000000 
0.016167200000 0.338104000000 0.292067000000 0.294581000000 
0.282516000000 0.041024300000 0.023602500000 0.025144800000 
0.300428000000 0.032694300000 0.018417900000 0.019610100000 
0.035410900000 0.259773000000 0.214140000000 0.216766000000 
0.042145300000 0.246951000000 0.201361000000 0.204211000000 
0.095350300000 0.160143000000 0.119336000000 0.121835000000 
0.204742000000 0.075882300000 0.048956000000 0.050672000000 
0.161560000000 0.108615000000 0.074797100000 0.077266300000 
0.030553300000 0.273096000000 0.227395000000 0.229909000000 
0.075401300000 0.190693000000 0.147633000000 0.150251000000 
0.308342000000 0.030998700000 0.016983000000 0.018349500000 
0.180522000000 0.094520700000 0.063404900000 0.065692900000 
0.097563700000 0.157418000000 0.116822000000 0.119282000000 
0.090165100000 0.169226000000 0.127636000000 0.130345000000 
0.115299000000 0.147228000000 0.108342000000 0.110708000000 
0.375456000000 0.008285790000 0.004092720000 0.004565560000 
0.025697200000 0.287548000000 0.241807000000 0.244387000000 
0.034298900000 0.262653000000 0.216993000000 0.219594000000 
0.143635000000 0.120572000000 0.085445800000 0.087541400000 
0.008682730000 0.387907000000 0.344493000000 0.347251000000 
0.279198000000 0.046824900000 0.028141800000 0.029438800000 
