2.681264984550039 6.192806611538327 135.21834279700425 
4.084868082307736 9.943502998298595 170.06454941331404 
3.128933258681085 7.939864734177717 0.0 
3.951966394305801 4.777089530258367 128.0 
6.425947575817393 2.0 3.803853062409413 
2.0 6.113867470624979 0.447133659898165 
16.80369353733188 2.4680277668342283 0.8546621122465692 
2.0 2.0 0.33418540325752133 
3.0664359716047933 9.573067841788731 5.641853651208841 
3.767828042480475 8.372626291357715 128.0 
11.323093387488687 2.0 0.09924463363917879 
2.9929497253151127 5.150192325356923 256.0 
5.702692645305747 2.0701637109443087 5.0970206803296865 
6.892898388256378 2.0 2.3163260624822266 
6.166140889306247 2.131639192394102 2.6436761656051067 
4.412216083757965 2.0 0.45381915971083586 
2.0 2.1018425270376824 0.7931788182465418 
2.0127925931804445 6.951549169040163 6.801228783744628 
2.0 2.0 0.9098165207659639 
9.91485142527467 2.1745249082177818 2.468016847620272 
5.293402798331911 2.0 1.92567963676614 
7.989983218424969 2.127210803468373 4.39886338724318 
5.924782976616308 2.030287781064934 1.6456747011085413 
2.0 2.0 1.127852296120001 
2.0 2.020861031279145 0.9321596809216159 
24.892250465054623 2.4455183367204314 0.4610547780370099 
10.335703974752759 2.0207340750429847 4.447079248236367 
5.329174772622885 2.0 0.8579505030650003 
7.7266004671456585 2.0 2.5319858952527277 
9.921028537817955 2.136600123859664 3.67082673134714 
2.0 2.0 0.3778627907705632 
2.0 8.034451572750282 8.878396127424686 
2.0 2.1472613521739423 0.04356422525334203 
8.161389515387098 2.0177726051682465 8.758255800833922 
2.0 2.2343791084048537 1.051057136716626 
3.3291992297576884 8.275206881495942 5.2741094723682345 
5.721569884822069 2.0360714260225192 2.152580311025463 
7.411920798801528 2.068868829725877 1.306020478073101 
2.1431968991438706 2.205193018035157 0.6369690025913866 
18.77286591928436 8.36121244531545 0.204690595900256 
4.9306863261030855 2.105638689248651 2.6348063151026744 
2.515130588697848 2.2846442651239327 0.656766816884063 
5.534190407191603 2.0381431055019665 5.408537270097544 
4.6663335858316675 2.020354125287918 0.9322122168298116 
5.09839733097127 2.037909783445094 2.202229248269092 
5.66676586668436 2.425876494362341 2.080216149763214 
5.336797741540134 2.0294934549467873 1.3648343405830419 
3.2079786619635344 2.0113813026411296 1.5120723430647838 
5.593742744998233 2.038358087660256 4.809121704225685 
2.778486780116048 2.0829711382861387 0.9676442474554838 
8.096592990424487 2.3086294749378786 3.054823897346466 
4.101115798139725 2.0260032852284375 1.5536661284380902 
8.056533198229857 2.0053499973884854 2.7546081028525338 
2.542723455016885 2.0083537487549252 0.9855304972948139 
5.922708329489229 2.0 1.603520755362132 
4.309288159383916 2.2218631948855125 1.434311975150944 
2.0 2.264233338233464 1.0269955633107144 
4.8177582071519485 2.0 2.473711477622733 
4.9063179924271925 2.4499089164693535 0.567025029957996 
2.0 2.0 1.7501910371534297 
2.8481512560886926 2.0111587026311533 1.1879292687464413 
6.562881305915169 2.0 1.1781330118995998 
5.02803602585481 2.246187496796119 1.9959224356899363 
4.534490399909904 2.2010683033438427 2.3653612904074564 
5.680050151986363 2.1464254985355047 1.4838188397317003 
3.1104707625376418 2.201842088924235 1.8432380336095093 
6.372464337072592 2.037906021180664 1.9246448132887963 
2.287370342102101 2.422842481177198 0.7086823579136681 
5.533358823838066 2.1355295670535233 4.044452382224071 
8.045683287809045 2.0 1.0805890703158667 
5.767193249395182 2.1477978730475527 1.4789490958150016 
5.175309180907474 2.0 1.9648458326603895 
4.644362646906928 2.0 1.3224740598192484 
3.7092594900082947 2.443423333541881 1.2367357788160485 
32.03540693007322 2.0 0.12649731297836764 
2.0 2.404001031283551 0.7608226350879068 
5.624273323046411 2.3541240449429517 2.172005524213448 
5.7952654222259525 2.0 5.930978718204631 
8.252916138044048 2.138742545566074 4.616637191152053 
5.726862301258814 2.0 9.99191512842618 
2.0 2.4316727086933043 0.8130116594445203 
4.4336556621369505 2.0533170800077456 0.7268790665374076 
8.302721586372964 2.220828802069816 3.202432540453677 
7.329770553275429 2.2667160232646597 2.8803520130060374 
4.906538948398729 2.102426553792394 1.7283613808797789 
5.19392928309881 2.4020060375221424 1.061533539013755 
2.0 2.0 1.3208654094542216 
7.766231274528824 2.1252231745067403 3.5508864064721957 
5.809121863416971 2.0110216842488255 2.0609753540709885 
2.0 2.267007766305315 0.7209446556518587 
2.0 2.0 1.2162973190816493 
4.715850392822466 2.10396480992839 1.7051882615423852 
3.657481614921343 2.061932896274688 1.8399852559373986 
6.4115776567197535 2.0129049530648677 1.6336599790830866 
3.0794724521583445 2.0 0.41430963797593345 
6.020256729544457 2.0803861860679462 3.9346447608554813 
8.112715441573332 2.216414996622373 3.261467172562473 
6.125275982191111 2.0 1.4107103839554338 
2.5701389825780407 9.870840586137266 13.380981915480417 
10.5165216950858 2.2760112257465925 0.8362055883500719 
