0.008605960000 0.474575000000 0.454902000000 0.454365000000 
0.021418600000 0.402715000000 0.383540000000 0.382532000000 
0.453282000000 0.014518000000 0.011314200000 0.012538200000 
0.015925400000 0.417251000000 0.398096000000 0.397553000000 
0.416647000000 0.027225800000 0.021565200000 0.023075700000 
0.431424000000 0.020465000000 0.015944900000 0.017178600000 
0.008891580000 0.453309000000 0.434348000000 0.436329000000 
0.186180000000 0.138607000000 0.120974000000 0.121569000000 
0.332420000000 0.065184100000 0.054069900000 0.056055900000 
0.485036000000 0.004685120000 0.003524670000 0.004026340000 
0.017558100000 0.411380000000 0.392256000000 0.391504000000 
0.009451390000 0.453556000000 0.434300000000 0.434631000000 
0.234342000000 0.107541000000 0.092461400000 0.093715100000 
0.165393000000 0.155485000000 0.136662000000 0.136890000000 
0.328771000000 0.068739600000 0.057520400000 0.059828200000 
0.050216700000 0.288084000000 0.267763000000 0.265235000000 
0.159318000000 0.158339000000 0.139356000000 0.139575000000 
0.470876000000 0.008489000000 0.006494070000 0.007328820000 
0.035625500000 0.325419000000 0.303577000000 0.299345000000 
0.008541580000 0.475952000000 0.456326000000 0.455588000000 
0.500456000000 0.001941330000 0.001375990000 0.001525940000 
0.073728600000 0.252973000000 0.231848000000 0.229794000000 
0.202234000000 0.128792000000 0.111865000000 0.112686000000 
0.301739000000 0.075119500000 0.063262600000 0.065818700000 
0.476786000000 0.006895450000 0.005104370000 0.005539650000 
0.174755000000 0.147759000000 0.129430000000 0.129812000000 
0.508664000000 0.000520971000 0.000320694000 0.000364897000 
0.421439000000 0.022164200000 0.017442400000 0.017763400000 
0.102728000000 0.203076000000 0.181922000000 0.180848000000 
0.086939800000 0.234764000000 0.212442000000 0.210308000000 
0.065448300000 0.263190000000 0.242591000000 0.241017000000 
0.073932200000 0.245085000000 0.223007000000 0.221023000000 
0.457977000000 0.009831370000 0.007392330000 0.007817260000 
0.011429300000 0.440249000000 0.420976000000 0.421292000000 
0.116383000000 0.189852000000 0.169231000000 0.168495000000 
0.264083000000 0.091524300000 0.078056700000 0.079627700000 
0.045294800000 0.296095000000 0.273810000000 0.269978000000 
0.300030000000 0.079838500000 0.067340000000 0.069538500000 
0.243069000000 0.099970000000 0.085429400000 0.086725400000 
0.315057000000 0.069906500000 0.058923600000 0.060855200000 
0.027214100000 0.356249000000 0.337025000000 0.333200000000 
0.035335100000 0.328344000000 0.309873000000 0.306568000000 
0.198709000000 0.132311000000 0.115096000000 0.115816000000 
0.262386000000 0.092158200000 0.078670800000 0.080209800000 
0.345574000000 0.059864500000 0.049408400000 0.051541200000 
0.036531000000 0.322267000000 0.303589000000 0.300367000000 
0.028092400000 0.352477000000 0.333908000000 0.329140000000 
0.060524500000 0.273747000000 0.252087000000 0.249492000000 
0.153905000000 0.162362000000 0.143114000000 0.143263000000 
0.373144000000 0.043349800000 0.033877800000 0.034412400000 
0.097291500000 0.220849000000 0.198556000000 0.196622000000 
0.022950200000 0.374197000000 0.354546000000 0.349957000000 
0.087440000000 0.223562000000 0.201821000000 0.200282000000 
0.250729000000 0.095407400000 0.080981600000 0.082629200000 
0.350967000000 0.055292100000 0.044325000000 0.045225600000 
0.386305000000 0.042421300000 0.033338100000 0.033891800000 
0.133657000000 0.181557000000 0.161352000000 0.161073000000 
0.241635000000 0.102088000000 0.087039000000 0.088615200000 
0.031185600000 0.333877000000 0.313713000000 0.310188000000 
0.043022600000 0.302258000000 0.280146000000 0.276233000000 
0.028751400000 0.339287000000 0.318033000000 0.313692000000 
0.109869000000 0.195776000000 0.174927000000 0.174090000000 
0.065941300000 0.255780000000 0.233637000000 0.231464000000 
0.224445000000 0.112744000000 0.097208700000 0.098364200000 
0.336150000000 0.058958100000 0.049461500000 0.051495300000 
0.183884000000 0.143543000000 0.125501000000 0.126009000000 
0.038141300000 0.316258000000 0.295539000000 0.292223000000 
0.174353000000 0.152169000000 0.134086000000 0.135521000000 
0.270028000000 0.086018400000 0.072542000000 0.074270000000 
0.137544000000 0.166544000000 0.147044000000 0.146888000000 
0.041116700000 0.310504000000 0.289616000000 0.286371000000 
0.362015000000 0.048959000000 0.040440800000 0.042798900000 
0.371263000000 0.047402100000 0.038815400000 0.041054200000 
0.057658200000 0.276634000000 0.254523000000 0.251941000000 
0.056612500000 0.278925000000 0.258577000000 0.256725000000 
0.392113000000 0.036272000000 0.028856100000 0.030311100000 
0.098092100000 0.208777000000 0.187474000000 0.186321000000 
0.013178300000 0.428091000000 0.408932000000 0.408630000000 
0.044838900000 0.302008000000 0.280896000000 0.277758000000 
0.010757000000 0.443417000000 0.424131000000 0.423748000000 
0.403863000000 0.030097600000 0.024129700000 0.025678000000 
0.077071700000 0.239265000000 0.217282000000 0.215434000000 
0.078502200000 0.236625000000 0.214670000000 0.212879000000 
0.227048000000 0.111421000000 0.095999600000 0.097172900000 
0.062973000000 0.263362000000 0.241168000000 0.238831000000 
0.012243300000 0.434524000000 0.415276000000 0.414713000000 
0.107203000000 0.197984000000 0.177024000000 0.176100000000 
0.020182600000 0.407486000000 0.388384000000 0.387713000000 
0.024216700000 0.367129000000 0.348980000000 0.344633000000 
0.010441800000 0.448041000000 0.428823000000 0.429651000000 
0.015299800000 0.422091000000 0.402957000000 0.402405000000 
0.313137000000 0.078575100000 0.065371300000 0.065507300000 
0.281796000000 0.080119000000 0.067231300000 0.069039900000 
0.432473000000 0.017104000000 0.013137100000 0.013640100000 
0.021608800000 0.391022000000 0.374061000000 0.369445000000 
0.220263000000 0.121084000000 0.104930000000 0.107094000000 
0.193995000000 0.136700000000 0.119312000000 0.120972000000 
0.401525000000 0.035001200000 0.028399000000 0.030435600000 
0.022272600000 0.389894000000 0.370916000000 0.366324000000 
0.052417800000 0.284349000000 0.261800000000 0.258160000000 
