3.3735031747335706 20.809474097980242 131.26811035137675 
2.027515532551189 21.4934700277614 8.812861738844786 
2.1479347328649423 51.8932276134521 0.3220296886645979 
2.2017057113970777 20.79460306820729 12.724036937462461 
2.0 35.67757692605734 0.46638956294100886 
2.164496457031321 34.857843889774756 0.3856743595647707 
2.0 18.407787173948588 0.0 
2.5257629037559575 2.0 1.5939144057580519 
2.0854848047642527 44.46093506300116 0.8630420893202813 
2.0044982333596533 25.350168347137867 0.1317879103279757 
2.0 21.39323336648296 10.94707837900684 
2.473538378439123 37.93167506400986 27.82330205058628 
2.5815994211531765 2.0 1.3351747102439795 
2.5733813243197425 2.0 1.7537551184567046 
2.0054956021294235 31.602478863424757 0.9125182462385772 
6.309964251330976 2.1138437281738427 3.675461045544811 
2.6164928262449667 2.0 1.7795376186357306 
2.0 35.1164564859207 0.18924684777821965 
6.591656011535111 3.803994561590244 3.6667309180403547 
3.0703177403534054 21.826744904242005 0.0 
2.186342677234546 16.647457333807782 0.04937722525996535 
6.333689282019508 2.0 2.8979098567253287 
2.5684418095370436 2.0 1.51171838373 
2.0 5.272882503254467 0.9743385542806666 
2.0 47.10039624817823 0.01727042819865332 
2.6032023985608745 2.0 1.6830555514797356 
5.446927177861104 2.0 0.012374854958859594 
15.189315310867247 13.129794175964808 0.17230351594728788 
3.036499139688294 2.803755353882041 2.127767137588516 
3.809470115148905 2.0821014062177485 2.642365347727229 
4.7553709202766905 2.0 3.132731857853651 
2.929649016521075 2.8187601902547277 2.6444885558647493 
3.7338751788443645 27.756328217484267 0.26714265381391084 
2.4743894798396124 22.986472861380477 21.368594591741832 
2.5884839934001125 2.644074385691691 1.9856303805963484 
2.5591658979368948 2.3368124523829796 1.2026012524487504 
4.408287270331555 2.942695490915548 3.4461800177319075 
2.3918128012817323 27.671048631388974 0.960467640022924 
2.564405912969574 2.500449029218247 1.2368525564964887 
2.841704421141773 2.005569988249359 1.0384789489597854 
5.667022758937456 3.886563781060253 5.04888680060479 
9.027607491225394 2.401627531808578 4.697239325802947 
2.808059571698356 2.2917880165788387 1.5369486737210172 
2.91849959217632 2.086933006679285 1.2143066305649945 
2.4349758627978773 32.348791503589936 0.8287276446314094 
8.68935213746253 2.400563481733318 4.487518095045781 
9.214038073258717 2.529363254342194 4.8550816175929565 
3.828633056409595 2.0 3.368762803313241 
2.9775155248399026 2.0 1.8169457318692896 
4.305216182939458 3.3780850042362056 0.7076345608410102 
4.083793182254564 2.4213160689111457 2.4422416941047507 
7.421324992055089 4.24138249618522 5.558597889721449 
3.344734330160767 2.822321605940998 2.360040777183701 
2.4229638255271846 2.7990008585697965 1.1727014550400048 
4.3504584959121635 4.070529662403018 0.7782171807125648 
4.187947642787155 2.0 0.7235292789406902 
2.8442313586741603 2.4844542680067057 2.022242638642909 
2.3539226824780815 3.113649160000741 1.2317337635269292 
5.801164210004679 4.157877176146015 4.194561741020245 
3.764642283932863 2.727327288620778 3.5823896289432575 
6.500076446539948 3.7775860984574194 4.047248005828838 
2.9113302591279258 2.645218414275335 2.05275914273493 
2.780406034341792 3.0903575206318084 2.787700798850203 
3.1231273498627297 2.0 1.3763906973499502 
2.899083365173217 2.486084277184639 0.9439056244109749 
2.5711555806006183 2.0 1.6396054213990385 
6.719033441445934 2.0 4.238737133060857 
3.312965773947718 5.319777122127723 1.5666473374937506 
2.3329813667274477 2.5201005666674683 1.1035933542263359 
2.8580160532644685 2.7329276258997135 1.7650295293989666 
7.0061699512742015 2.0 4.055474723213741 
2.3386072396691624 3.733080062841576 0.7850040891052283 
2.342937415007838 10.664715818954686 0.733375256299247 
3.2534844612543785 3.2667758254651242 3.155219130790732 
4.863109844780596 2.473762541050169 3.4793695394203272 
2.0 47.855185513266214 0.5868781191491621 
3.353770430456577 2.7534748362787145 2.190589279179343 
2.0 22.306028497944403 16.06009692189313 
6.543068919323161 2.0 3.832113817531347 
2.0 35.15512163154927 21.10509832287993 
2.0 2.690229237324903 0.6303494569595225 
3.342321122925039 2.5817679175357395 2.556859267807817 
3.3056744412700274 2.8321827316196146 2.529499989829115 
2.564415000408621 2.0 1.3713194512748466 
2.8296139201951287 3.165415476181922 2.9038541578298376 
2.1001156656086466 30.153207412979047 17.82090294687298 
3.3254993251780176 2.6882956711701365 2.0727262441010237 
2.0 17.38399229356674 10.111661999076537 
8.879844589937065 4.440449587026931 5.169659877209938 
2.2320305845478874 23.422572615445404 25.973343200643534 
2.4262865927095425 21.805742045295883 14.062218903530153 
8.517058349028911 2.0 0.9960357968375693 
2.153036788375951 2.8241206997823385 1.059936263163292 
3.607677701469145 42.35482226428723 0.15831004088723033 
8.537655458953038 4.458158577880025 6.762343309903808 
2.0 5.004451599050673 1.3074287220138319 
2.0 3.638818614179585 1.4637449056631644 
2.0 3.7893120337473096 0.6473480813482468 
6.696431565365445 3.592128243101844 6.696841006972256 
4.062956261720828 2.61144927112221 3.188352433584731 
