0.011728800000 0.479364000000 0.431184000000 0.418749000000 
0.011155600000 0.488588000000 0.441086000000 0.428741000000 
0.386627000000 0.018755900000 0.010065800000 0.010015700000 
0.011660100000 0.485208000000 0.436858000000 0.424425000000 
0.438426000000 0.005546010000 0.003413430000 0.003219410000 
0.262290000000 0.065239500000 0.041639900000 0.039881800000 
0.135315000000 0.157067000000 0.115718000000 0.109316000000 
0.012502200000 0.452105000000 0.401624000000 0.389073000000 
0.139935000000 0.153981000000 0.113017000000 0.106773000000 
0.025583700000 0.360956000000 0.307207000000 0.293661000000 
0.127896000000 0.165654000000 0.125577000000 0.117173000000 
0.312873000000 0.042896000000 0.028173900000 0.026704100000 
0.237474000000 0.081128300000 0.053560500000 0.051032500000 
0.011813200000 0.479319000000 0.431214000000 0.418567000000 
0.249250000000 0.072725100000 0.047195600000 0.045077000000 
0.090038300000 0.211902000000 0.164250000000 0.155422000000 
0.144487000000 0.148892000000 0.108239000000 0.102274000000 
0.304538000000 0.047658700000 0.028955100000 0.027929000000 
0.020478700000 0.384171000000 0.330103000000 0.316145000000 
0.084928000000 0.215901000000 0.167677000000 0.158675000000 
0.197977000000 0.104427000000 0.075235300000 0.069918700000 
0.151925000000 0.135691000000 0.100564000000 0.093205900000 
0.108382000000 0.189722000000 0.146147000000 0.136590000000 
0.190601000000 0.108507000000 0.078482700000 0.072896800000 
0.231637000000 0.086027500000 0.057331700000 0.054559700000 
0.057765000000 0.254927000000 0.204213000000 0.193463000000 
0.097591900000 0.201032000000 0.154105000000 0.145855000000 
0.165549000000 0.131564000000 0.093752900000 0.088701100000 
0.171655000000 0.127121000000 0.090072200000 0.085254100000 
0.113901000000 0.180947000000 0.136087000000 0.128485000000 
0.219172000000 0.089087400000 0.059689900000 0.056784500000 
0.239777000000 0.077301300000 0.050660800000 0.048349500000 
0.371848000000 0.022647300000 0.012879600000 0.012377300000 
0.020662300000 0.368002000000 0.314038000000 0.300339000000 
0.363071000000 0.025945900000 0.014462500000 0.014232900000 
0.066785300000 0.240992000000 0.190719000000 0.180503000000 
0.014166400000 0.446653000000 0.395902000000 0.383067000000 
0.050970100000 0.267163000000 0.215974000000 0.204743000000 
0.079927400000 0.220460000000 0.171878000000 0.162668000000 
0.040123900000 0.298133000000 0.246102000000 0.233792000000 
0.025884600000 0.354661000000 0.301139000000 0.287554000000 
0.427978000000 0.007138870000 0.003536910000 0.003556080000 
0.150335000000 0.142701000000 0.103046000000 0.097414900000 
0.071854600000 0.229896000000 0.180624000000 0.170992000000 
0.028171100000 0.345686000000 0.292242000000 0.278898000000 
0.045888400000 0.280680000000 0.229107000000 0.217419000000 
0.416515000000 0.010359400000 0.005232280000 0.005251080000 
0.047605000000 0.273567000000 0.222145000000 0.210682000000 
0.268620000000 0.061175300000 0.038663500000 0.037090800000 
0.178552000000 0.120876000000 0.084971400000 0.080481900000 
0.076655400000 0.225976000000 0.176982000000 0.167495000000 
0.405289000000 0.012950300000 0.006710120000 0.006711410000 
0.068934400000 0.234492000000 0.184953000000 0.175110000000 
0.018044500000 0.428489000000 0.376962000000 0.362292000000 
0.326350000000 0.035932100000 0.020947800000 0.020398500000 
0.015301700000 0.443084000000 0.392244000000 0.379110000000 
0.209150000000 0.098847900000 0.067316700000 0.063925600000 
0.117267000000 0.176365000000 0.132064000000 0.124642000000 
0.016546200000 0.439078000000 0.387849000000 0.373674000000 
0.395480000000 0.016120300000 0.008499540000 0.008469810000 
0.020173100000 0.384554000000 0.330475000000 0.316505000000 
0.041726100000 0.292040000000 0.240171000000 0.228074000000 
0.351530000000 0.029140600000 0.016518500000 0.016194000000 
0.131942000000 0.159942000000 0.120643000000 0.112593000000 
0.214398000000 0.094664700000 0.064029000000 0.060863800000 
0.052771600000 0.259438000000 0.208535000000 0.197632000000 
0.042829500000 0.285891000000 0.234189000000 0.222297000000 
0.299109000000 0.050767600000 0.032464600000 0.031056500000 
0.289134000000 0.053095800000 0.032850100000 0.031583300000 
0.017626300000 0.434168000000 0.382687000000 0.368255000000 
0.279155000000 0.055967700000 0.034866300000 0.033500300000 
0.338757000000 0.032262800000 0.018515100000 0.018099500000 
0.256372000000 0.068822200000 0.044324900000 0.042393200000 
0.204909000000 0.098990700000 0.069725400000 0.065394900000 
0.038928500000 0.309089000000 0.256640000000 0.244175000000 
0.448049000000 0.003881740000 0.001900850000 0.001875430000 
0.173199000000 0.118142000000 0.086214000000 0.079951400000 
0.019947100000 0.414931000000 0.363173000000 0.348142000000 
0.478584000000 0.000320105000 0.000190810000 0.000183834000 
0.157441000000 0.138165000000 0.099224800000 0.093849400000 
0.032171700000 0.328324000000 0.275885000000 0.262723000000 
0.112916000000 0.187022000000 0.141577000000 0.133488000000 
0.018197500000 0.421156000000 0.369389000000 0.354374000000 
0.319225000000 0.039690700000 0.023474700000 0.022777500000 
0.125629000000 0.174625000000 0.130501000000 0.123106000000 
0.066519300000 0.246480000000 0.196256000000 0.185852000000 
0.184401000000 0.115001000000 0.080239600000 0.076034400000 
0.027611300000 0.348818000000 0.295686000000 0.282479000000 
0.102999000000 0.196572000000 0.150124000000 0.142057000000 
0.274107000000 0.060310700000 0.038060900000 0.036495800000 
0.380314000000 0.020529800000 0.011129400000 0.011038000000 
0.031714000000 0.340127000000 0.287133000000 0.274185000000 
0.022553900000 0.364352000000 0.310584000000 0.296948000000 
0.037360200000 0.310791000000 0.258558000000 0.245831000000 
0.065505500000 0.249254000000 0.198787000000 0.188626000000 
0.034491100000 0.322004000000 0.269627000000 0.256625000000 
0.036891500000 0.316348000000 0.263702000000 0.251033000000 
0.047258400000 0.278880000000 0.227357000000 0.215740000000 
0.464742000000 0.001682220000 0.000794788000 0.000787877000 
0.093596900000 0.205248000000 0.160558000000 0.149904000000 
