2.0 17.943533845805405 0.0 
2.0 22.663023764090497 0.0 
2.0 2.0 0.5352676959120324 
2.3814945215180554 19.749717696537434 0.0 
2.0 5.278122806768574 0.25424565381224173 
2.0 2.0 0.9773361751976894 
5.968826982547194 2.008641277312623 1.5816805558237212 
28.20844064089875 2.619372654499326 0.0 
6.177025600429869 2.0 1.5552017327095926 
13.190361587053541 2.1209901828921294 5.4817619964055835 
2.0 3.070734384413505 1.7568374860817768 
2.074062247088105 3.5752533579863552 0.7040708489824069 
2.0 2.2520471633426964 1.0951740003114492 
2.0 18.72770401950077 0.0 
2.0 2.0 1.0359335156313012 
16.897240007139484 2.446541441236828 1.9959099685708903 
2.0 2.0 1.6002050344871033 
2.0 2.0 0.8350532750635935 
26.511851305574222 2.019787877473967 7.711713683675647 
3.541312091317918 2.1079589738295583 2.1610746998330908 
2.3791669710692718 4.238910109959299 1.2082085851361364 
2.236375266043693 3.7694537316121313 1.42742142264078 
3.1756707641351865 2.8590803960977467 1.87882856887046 
2.2607108253984647 3.560593959864821 1.2358726368518076 
2.0 2.0 1.1353041083527762 
4.160796057812906 2.0 2.628339728826089 
4.279328942541525 2.3665719370030005 1.9992370090026714 
2.0 2.0023146733786303 1.4656357639047164 
2.0 2.0 1.4363115102867265 
4.5680671299917925 2.0 1.7774382344494812 
2.0 2.0 1.1554150695009469 
2.0 2.0 1.0664361273001397 
5.437035149565473 2.1812665826858115 0.5282853036120926 
17.23141449892561 2.210079230940775 5.83776362296856 
2.0 2.107013304321552 0.6289425528083942 
4.8510856599465795 2.0 2.37571200441436 
18.670490952191727 3.4842086776820924 51.56842697805146 
4.29228009107332 2.033978015163879 2.798329800046089 
3.73743074661971 2.0 2.2105404072583354 
4.407030208579565 2.236175644474208 3.3169868491166556 
5.657450675308642 2.0198625875308593 5.664155098509923 
2.0 2.0 0.3191817842732152 
2.347699338899221 2.0 1.552855652726703 
3.890750645861016 2.0 2.31775641128819 
6.3422216378040295 2.0 4.824040510287088 
4.226266322891437 2.0 3.0006667196853285 
2.0 2.1603024230212218 0.39102619238972736 
4.20740189265542 2.0 2.8953212136656887 
2.0133544669467742 2.0 0.9460916424956771 
2.0 2.0025446162975427 1.3883666623675084 
3.7975622212955686 2.1414681497293038 2.2738127462570996 
2.189303916248178 2.0 0.43839145875610164 
3.883778169600484 2.1575495930764195 2.3683768064730937 
33.27081950016914 2.7535175463111607 13.094227381501156 
2.205566685732805 2.0062147149477294 0.7300739871865083 
15.31972286604293 2.706316083031427 38.433561613165125 
2.0 2.0 1.2271022987922962 
4.6082262203022 2.004974017059581 1.7493373337960287 
42.559491680875574 2.9889185858319607 16.92319872978853 
2.0 2.0 0.4903276683630583 
26.838040610278384 2.0205584743145613 7.806820999436235 
4.32260754973765 2.4309486191999623 3.1961934655772617 
2.0 2.1888129817051873 0.6650137394375679 
2.048804671620582 2.832999344603628 1.695323675562408 
2.3635326192834674 2.02381937349813 1.1969852163066943 
3.78292226759119 2.244802220151101 2.697521940872472 
4.263000259443649 2.0 3.0898705093550394 
2.0 2.688475732866169 0.7682199891295828 
2.0 2.0 0.8826068694619553 
36.83369543404302 2.9258016966456992 14.947906929315547 
2.0 2.0 0.9045694903442763 
2.0 2.004176583307699 0.6941350786914762 
2.0 2.0 1.003342119729727 
2.0 2.7990549747836972 1.1828596650930914 
4.507446940018864 2.2575226714752206 3.4622324587092432 
6.362795314158156 2.0 0.2005647027870836 
2.0244265204328133 4.029086620569384 1.307589148807789 
24.867249152531194 2.752627818872756 9.593306347559887 
2.0 3.1808479029085563 0.001128889666019428 
2.0 2.0086273878260563 1.5204947893527627 
4.0046025016619 2.4451519453281056 4.285942337288732 
2.109249964663448 2.4303492243228675 1.9348028428102106 
27.789572690836852 2.8569611570020585 11.144653759292673 
2.345503527203695 2.0 0.7687242254053246 
2.0 2.0 1.820865235698209 
4.014431378418842 2.0094947145237003 2.523243041155898 
2.2851195998758183 2.0 1.3446600362274754 
6.782801643893203 2.0056523030965883 4.97258829160732 
3.5159562571832375 2.381450586578312 1.9510470659093653 
2.0 2.0 0.9413774888927487 
2.0 2.0822847713673913 0.5584863427418525 
6.839086235901507 2.3153473725974276 4.364220398137851 
13.203611312628203 2.2762083699763522 5.828218421296386 
3.6991870157554843 2.0 3.6106586765716004 
6.764194990663315 2.026329126543496 2.448043836398211 
3.65115330668827 2.3457621837844584 3.998698741924585 
4.763803851718859 2.4477404317524556 3.650152190498336 
4.224658649425213 2.0 2.9695812240394432 
2.6354120505870617 2.0 0.14244053196986528 
2.3622634910754976 3.456773768443384 2.1433916095293526 
