2.0 23.258861741483038 116.91349415016376 
2.0 21.055393296626427 103.52397730414246 
51.18521060322185 2.0 103.43070212862374 
2.0 15.367927790954857 98.59707071400751 
2.0 7.763788128495893 175.81127374834975 
2.0 2.7170472790407203 107.00795614008385 
2.0 5.748598209238375 95.162259522376 
2.290201465961368 29.91868796226114 107.4047086910767 
2.269248684021449 10.507970542115771 10.948768258957147 
2.211632632248822 5.011746519955852 1.133810097839385 
2.0 19.45559132294296 0.49154467905266586 
2.0748672703079 5.979858653477187 7.145256979182577 
2.0 5.2579445744915425 0.4601506899154448 
2.071850366058729 2.5438114268135656 5.55518650551199 
2.35245125038728 2.0 2.1004690953022624 
2.061650253028766 2.1966203730203087 0.2466009473122881 
2.0 2.0 2.139239019445995 
2.058965084841495 4.384490629939312 4.76830650980335 
2.0 5.204278728420414 1.407908302897044 
2.00071193805803 2.8062294442611755 3.2446454235659026 
2.0 21.94503058876648 0.21306029920919456 
2.0 2.0 0.5197487567802161 
2.0 2.0 0.2978998584217046 
2.0509936496260917 10.42522787962557 0.6843892450952773 
2.0 2.0 1.4107353105641942 
2.0 3.044589923687641 0.12583328848571185 
2.0047118785057507 3.334184120740878 6.239222283655388 
2.0 2.1116804335418577 1.1173728293003293 
2.050980765551695 8.700459241885797 0.5412569139427431 
2.0 4.874017393016928 0.5018417678343923 
2.236342083871873 3.356461124748878 2.865103960462619 
2.0 2.0619490819781 3.424576277919458 
2.0 2.0 1.0984434001754106 
2.0085886492229963 2.586157022335926 3.7591085811787943 
2.0713799662794274 5.7945698608577825 6.945619143952472 
2.018882326796258 2.826876243245227 0.1679890257693255 
2.0 2.04352567470674 0.7901885812178269 
2.0583346652672034 9.471426661275856 0.7289213807842867 
2.0 2.0 1.6285883094074936 
2.0 7.564557391470066 0.7960868064212399 
2.312676677080763 9.867862098965261 8.355506990566267 
2.010564275824286 4.1945985129038466 0.8549896457510067 
2.0 2.0089219251748514 0.6085630351292133 
2.286487789997942 2.0285616081812874 2.006152032750411 
2.0627199727566565 8.851220340872525 11.020485415810349 
2.0004150072012297 2.1461287340921142 0.7105314469361848 
2.368533304115788 12.561009706521475 10.376941454251579 
2.479842630779025 13.159405740644019 12.595072261985942 
2.13937225617658 2.0 1.9724222486808212 
2.0 8.89913262413624 12.399854673069225 
2.020314300667647 2.540366108354966 3.945933519630148 
2.39346408313124 5.89606212896699 1.6787796062036424 
2.0 9.650623939590652 8.395593214255031 
2.197248580005766 5.239765498924533 0.8320118033730693 
2.1664899273454155 5.5468452262486725 6.3004431275411275 
2.0 2.0 0.032874037311210635 
2.0001647814784893 2.0026644787615075 1.251174902671262 
2.0 2.0 0.6625133994046221 
2.137312156649868 4.103186544605126 1.5862254453770965 
2.0 2.0 1.8740834197577207 
2.089670257333885 7.0641503271120065 0.8920271824362553 
2.0 2.5115854054484568 0.2814917788802359 
2.000074709513106 2.0486624077214026 0.566856890409712 
2.003889673933174 4.5486610653207125 0.963673015293478 
2.4085126346198953 2.0 0.728046093160355 
2.0 2.5623712460999015 3.7140674355348957 
2.0 2.0 4.10155535301649 
2.0 3.5608677567965867 1.370928454074418 
2.0001925594637036 2.0031136424194598 1.9012790837305684 
2.140368431420412 4.210153918686611 0.5786286562139814 
2.0 2.0 0.6740662841389922 
2.257340765278908 2.171757880320933 1.335144752314681 
2.0 2.0054628928049745 2.9899340179803855 
2.0 2.0 0.5948996634408512 
2.010373649401042 4.172122197324873 0.15753165433521144 
2.2812779020783513 2.4490331498013305 3.933162812024381 
2.0 2.0 0.3707804427209733 
2.0 2.0 3.2769623715701663 
2.0 2.0 3.4625410510801333 
2.0 2.0 1.5498458271607638 
2.0071115187904387 2.2931653024534797 1.3302519985640786 
2.2132599976803413 5.948462542139348 4.188135515258104 
2.0038640818625293 16.53318026712467 0.23288256018298187 
2.177335169732403 3.8041501091858407 6.79923654325749 
2.0055098203483332 6.481599766829785 0.33607887863583197 
2.0004515115852555 3.9404552501522807 1.1762072962546113 
2.0254508255873063 4.389148019049174 2.264778839297864 
2.0 11.334353369516208 10.623882999815322 
2.0002380827128525 3.11268476595948 5.077214030403186 
2.0060865945792505 2.0635845997015454 2.124577958392953 
2.0772013384955432 3.841704813167819 1.9503372346120469 
2.0 2.0 1.2864687472278935 
2.194655978907247 5.908710346566473 4.8389311373952335 
2.3419247600713793 8.4344696442212 1.0538720665333492 
2.0 18.680024748726094 0.34506859832515646 
2.017005320978899 5.209517242402697 1.1044895863663047 
2.6149171715899486 2.476096437046712 1.5150495290658745 
2.049902811931702 3.8998073401301228 1.2306460221554225 
2.3779600954208515 3.5586867285470976 1.3377279474819128 
2.008554607485533 2.4960769299030403 1.2009220796684772 
