0.476286000000 0.024646800000 0.015848900000 0.017116500000 
0.061286900000 0.344792000000 0.297814000000 0.300832000000 
0.050450300000 0.364641000000 0.318614000000 0.320482000000 
0.025137400000 0.477501000000 0.450246000000 0.462755000000 
0.413614000000 0.048479000000 0.032688000000 0.033650500000 
0.044889500000 0.374699000000 0.329469000000 0.331930000000 
0.251300000000 0.128190000000 0.097474200000 0.101720000000 
0.430496000000 0.035074700000 0.023672200000 0.026972700000 
0.140728000000 0.212154000000 0.174570000000 0.182413000000 
0.417638000000 0.043749000000 0.029449700000 0.031354100000 
0.366596000000 0.071450900000 0.050405600000 0.053506200000 
0.439328000000 0.036662900000 0.024384400000 0.026616000000 
0.502599000000 0.011752400000 0.007450610000 0.008548150000 
0.340265000000 0.084759000000 0.060985400000 0.064325500000 
0.536752000000 0.003299600000 0.002087650000 0.002881480000 
0.266356000000 0.115038000000 0.084889300000 0.087433500000 
0.046991300000 0.372285000000 0.326824000000 0.328862000000 
0.082721700000 0.310126000000 0.261746000000 0.262259000000 
0.521793000000 0.008269210000 0.005352290000 0.006403390000 
0.053236500000 0.360492000000 0.314164000000 0.315981000000 
0.483432000000 0.020194300000 0.013036600000 0.014820700000 
0.064779300000 0.340614000000 0.293544000000 0.296540000000 
0.322355000000 0.089422500000 0.063198900000 0.065335100000 
0.489972000000 0.016873200000 0.010715200000 0.011727600000 
0.107395000000 0.237285000000 0.197750000000 0.205385000000 
0.041553000000 0.445473000000 0.416876000000 0.430741000000 
0.042187700000 0.382247000000 0.337651000000 0.339905000000 
0.037728800000 0.451276000000 0.421301000000 0.434452000000 
0.113850000000 0.226238000000 0.187057000000 0.193952000000 
0.373393000000 0.068010100000 0.047767000000 0.050813500000 
0.354023000000 0.080930800000 0.056927500000 0.060603000000 
0.036048900000 0.459438000000 0.432124000000 0.452492000000 
0.392938000000 0.057091900000 0.039707500000 0.042763900000 
0.427513000000 0.042294300000 0.028329700000 0.030747900000 
0.076541900000 0.312784000000 0.264847000000 0.266742000000 
0.457458000000 0.029982700000 0.020330900000 0.022309600000 
0.040463400000 0.448328000000 0.422278000000 0.443236000000 
0.059219800000 0.342117000000 0.297889000000 0.305417000000 
0.382463000000 0.060127400000 0.041627400000 0.044612500000 
0.028209200000 0.475072000000 0.447122000000 0.460489000000 
0.400865000000 0.055325800000 0.037904300000 0.040273000000 
0.283442000000 0.111003000000 0.080993700000 0.083260300000 
0.071938000000 0.327401000000 0.280290000000 0.284802000000 
0.356380000000 0.075322600000 0.052287400000 0.053685400000 
0.092435400000 0.271444000000 0.230924000000 0.240715000000 
0.216404000000 0.153366000000 0.119431000000 0.123275000000 
0.203549000000 0.155138000000 0.120932000000 0.124792000000 
0.034411400000 0.462765000000 0.434785000000 0.447698000000 
0.468281000000 0.028403400000 0.018329000000 0.020363500000 
0.024188500000 0.482936000000 0.455937000000 0.468925000000 
0.192738000000 0.160815000000 0.126033000000 0.129993000000 
0.445222000000 0.032283300000 0.021354200000 0.023704200000 
0.299034000000 0.101570000000 0.073145500000 0.075382400000 
0.067034200000 0.335607000000 0.288360000000 0.290708000000 
0.109966000000 0.233375000000 0.193917000000 0.201287000000 
0.182476000000 0.169541000000 0.133955000000 0.138099000000 
0.320961000000 0.091085500000 0.066112000000 0.069610800000 
0.055630200000 0.355949000000 0.309333000000 0.311169000000 
0.167659000000 0.177093000000 0.140861000000 0.145233000000 
0.311444000000 0.094181700000 0.067459000000 0.069363600000 
0.029715500000 0.468909000000 0.440251000000 0.453689000000 
0.146533000000 0.196121000000 0.158539000000 0.163813000000 
0.059049600000 0.351381000000 0.304520000000 0.306381000000 
0.219291000000 0.140215000000 0.108866000000 0.113718000000 
0.084917500000 0.281070000000 0.240929000000 0.250355000000 
0.176967000000 0.172446000000 0.136647000000 0.140924000000 
0.377263000000 0.062444700000 0.043402300000 0.046418900000 
0.303315000000 0.099463400000 0.071799200000 0.073749700000 
0.229623000000 0.136582000000 0.105661000000 0.110394000000 
0.183598000000 0.165376000000 0.131499000000 0.137240000000 
0.550023000000 0.001817290000 0.001157260000 0.001671520000 
0.232843000000 0.133379000000 0.102831000000 0.107513000000 
0.241814000000 0.133068000000 0.101387000000 0.104846000000 
0.048381300000 0.368654000000 0.322905000000 0.324845000000 
0.496207000000 0.014053700000 0.009091640000 0.010842900000 
0.072383900000 0.303878000000 0.263861000000 0.274102000000 
0.083176100000 0.286383000000 0.245975000000 0.256082000000 
0.328557000000 0.086534200000 0.061242600000 0.063026000000 
0.407949000000 0.051674900000 0.035272900000 0.038073700000 
0.248722000000 0.131356000000 0.100268000000 0.104646000000 
0.193392000000 0.156966000000 0.123874000000 0.129270000000 
0.044242900000 0.377474000000 0.332499000000 0.334953000000 
0.256482000000 0.125953000000 0.094780700000 0.096825000000 
0.097251900000 0.247850000000 0.207905000000 0.216091000000 
0.297733000000 0.100495000000 0.074258400000 0.078111000000 
0.172338000000 0.172706000000 0.138163000000 0.144197000000 
0.070162800000 0.322218000000 0.278823000000 0.286893000000 
0.345361000000 0.083815100000 0.059832300000 0.062373600000 
0.065693900000 0.338462000000 0.291641000000 0.296402000000 
0.154723000000 0.195832000000 0.159374000000 0.166367000000 
0.159615000000 0.184654000000 0.149067000000 0.155529000000 
0.280480000000 0.107166000000 0.080029900000 0.084068000000 
0.142564000000 0.208373000000 0.170608000000 0.177561000000 
0.156760000000 0.193519000000 0.157271000000 0.164202000000 
0.256745000000 0.121145000000 0.092073300000 0.096382400000 
0.069209100000 0.328535000000 0.284993000000 0.293019000000 
0.022596800000 0.486147000000 0.459895000000 0.471787000000 
0.078748700000 0.297871000000 0.258114000000 0.267581000000 
0.310292000000 0.096428800000 0.070859600000 0.074629200000 
0.531156000000 0.006824270000 0.004264180000 0.005465340000 
