60.13020864687413 2.789031071906764 0.1437695403689414 
58.810710419245986 2.0 4.440185537843755 
70.87796167069236 2.084231845643692 5.302606580137425 
45.92057456778107 3.907521113579165 11.458440568964887 
71.59302641288534 2.516429638800804 0.5279725601167753 
62.73244159128615 2.387834215304963 5.704249052154491 
2.0 2.0 1.7216317305796887 
55.16598778978916 4.4996112187342385 0.5415234272604195 
3.777995836155238 2.0 2.6680485231009454 
34.96191228990368 2.0 0.5813008300207958 
2.0 2.0 1.094088482299957 
13.826818277904838 2.280128671580241 0.5347403155759968 
22.58043143300792 3.33684843678172 0.207712061825145 
2.0 2.036710359198327 1.2427054501163823 
2.0 2.0 0.09909020886899 
2.0 3.481258706934565 1.4529068605799964 
64.77485371926113 2.048222619097919 5.637896664741163 
97.0 2.0114213882637118 3.510990867975618 
16.764865671167964 3.4715303840178366 0.15246101746298474 
69.20420684951175 2.0299628656169695 5.130965499573668 
10.42524944606546 2.0 0.3818873213666578 
59.534510729245795 2.0 4.327095388425451 
2.0 3.902239990706278 1.1378739571905694 
16.102979885166295 3.1045939430518774 0.3074876416323673 
4.775873654087853 2.083498047997083 3.042636659329001 
9.442317538260028 3.6870222315957553 10.62064059627251 
69.31810317259092 2.0 6.081034318363926 
11.618899541129714 3.6154646079040873 10.587763402126303 
4.9380084516193214 2.0 2.8587653226800627 
2.2571453606380403 2.2592410506212763 1.0610695988561847 
3.449519495187472 2.0 1.1940550007600539 
10.194888758094097 2.726906895452766 16.508676005135086 
7.298664493064834 2.0 0.8223768435109307 
2.0 2.290820373688013 0.7649550717899247 
87.68368275940483 2.028938171694073 3.7036900890567472 
71.4314715765174 2.1062831585474076 0.4514365857579107 
8.09359571663776 2.9667509647784795 17.410448918647155 
8.569270496485725 2.045283327756642 5.367549308902248 
2.0 2.097183060427922 0.9648376771952769 
73.5531776780232 3.785532427653285 10.215108172045948 
14.214527619693925 2.013575295468039 0.7331187539719153 
4.463511291533747 2.7979585564679477 1.3306948314549567 
20.828949917378196 2.121668878212149 4.237837821346673 
2.0403369279308428 3.4834405863499747 1.055984256225994 
6.36459944641455 2.370408791375226 3.669433488334075 
8.452170643243331 2.0761882691532922 1.7772002926847816 
4.518892478036951 2.1660703609136216 1.8900626084104557 
14.801533516983072 3.6276457480885216 11.789509738806457 
2.0 2.0 0.575463188270061 
70.8904689813046 3.9902791635757655 11.437229259040517 
4.734543163856808 2.0719503311998855 1.9652267282829912 
9.155712016249172 2.0 0.527945996311939 
2.373083644365103 3.998470942285301 1.2659089401262484 
65.86606502753531 2.0 4.156928036861764 
4.644362133796403 2.2784715537155815 2.976186647471195 
4.744707907795351 2.075463128255163 2.0673986104226154 
2.0 2.0 1.3097178323649932 
67.75374827493525 2.4324357371047878 4.9770551087734285 
4.7818735964084835 2.079883842780867 2.1539570744135657 
2.0 2.602129271357255 1.2438560404159595 
62.85073016671579 3.642096429001167 9.496383132663377 
4.91541926133803 2.29227236225179 2.414220340243517 
69.1920338011268 2.141721879769459 4.680980638013649 
3.5297024317730674 2.3586448226999805 1.7768371498031248 
4.992762538617272 2.3821435361027303 4.102809292936574 
4.639584562937358 2.0595623620595203 2.0969770266606873 
2.0 2.3519710790273143 0.9929894946656184 
2.0 3.102831746101984 1.2972849107286684 
4.2251731599026146 2.064021943217479 1.7348827156462798 
4.313620595291786 2.0334429634250673 2.0804626479932855 
2.0 2.0 0.005542804312236527 
3.6323977579767446 2.00955918903301 1.6949021398107444 
5.302546549000769 2.01227842526871 1.6513646298561016 
73.18126516315756 2.0290927075561624 5.32264163150573 
18.695771276997796 2.012055540184469 0.2713483567446271 
6.142755429646012 2.0814966149751832 4.6126319711122115 
5.592998392214501 2.0778069431416757 4.050690707459756 
2.0 2.640515851471977 1.1657472092794503 
2.0 2.0 0.8647256217750454 
2.0 2.0 1.7587280432878165 
4.1723956864474285 2.0236022555155055 1.9781744330701692 
59.612038220512055 2.229772214719519 5.842162808294942 
7.419577462826934 3.102785343409705 1.4380903045204272 
5.04037618843966 2.0122729090144604 3.2577698291283976 
3.710063908249434 2.0639835746441846 1.3218099122874372 
3.966131970375634 2.35994196415549 2.1582066347091997 
7.3999931472928715 2.2816159086263577 4.880309449389624 
9.593313083383276 2.03540215110331 1.0337334403821163 
20.776422755128927 2.24329639312454 4.549934814032932 
4.489892961492785 2.0740861568706923 2.4533608170515024 
3.754500732092173 2.4462670071234993 2.3198659803600914 
3.7568587645756146 2.0 1.3951190215330236 
5.966283917871806 2.0182736108684556 2.5473208476685887 
4.4534436945284455 2.097555674887803 2.417066688254906 
3.698684879011445 2.156787199652512 1.5577277132564165 
9.548171771888235 2.0 4.981853780269998 
34.13349968830636 3.9801418122128993 14.486349740595907 
5.164755107757458 2.1630682864112813 4.691466065083982 
4.470726605891442 2.0388264152884736 1.2790111638690107 
3.6295581356259445 2.0 0.16023942066227348 
