2.0 40.21910836290687 254.423768856315 
9.79913964370881 3.2978757177211353 160.79377806440186 
2.0 36.30934470379479 253.36400511634454 
3.038407801757708 43.097832395627535 187.93308035367613 
19.857856883633204 2.0 169.41711433834533 
20.776432091102492 2.0 1.391885878539926 
64.09331149985901 3.375471151349597 18.681223123508573 
5.608963226634955 2.0660884723875057 0.23734030385505672 
6.311545696017415 2.0749277381746416 0.6627288237180855 
3.3971829374957707 2.0 0.28782923733806864 
40.56420549160353 2.481456007067254 6.152200814512661 
18.043867003219873 2.023731852292184 0.7204634312592846 
23.442160105085126 2.5955546109882155 13.374246693820112 
33.93479633963419 3.0611768713967384 11.440881393408114 
2.0 2.900846501427062 1.0032812272536842 
7.393439800080282 2.0848848358364225 2.073419306142926 
39.47709697331086 3.08810478855604 13.592560149932977 
2.0 2.146793204661735 0.285887476107233 
2.0 2.080602662677612 0.2756729453628335 
15.869337079073988 2.1087529944704673 1.2853723006584552 
8.279101628575352 2.089808167677916 2.103169604027036 
15.057695771270728 2.3657172109181515 1.0151384171481086 
3.815220605614841 3.2833773371241697 0.0 
11.031016380233549 2.056329289583676 2.422998351038814 
10.38218328331314 2.088679390437607 2.851244193932971 
33.83900158312622 2.79045048946691 18.86549089900806 
12.38648960260734 2.0 5.6154010990770455 
10.194342685801981 2.181567418297161 3.690937757264507 
31.0311179730283 2.697811111219773 16.708071090380468 
20.59785274371045 2.0364506046147155 1.5771866600719946 
2.0 2.0 1.2319460728470775 
2.0 2.4656345396226076 0.5191590551775993 
6.636139501320304 2.166400575779253 0.062192015644832566 
12.296200539185627 2.1202121551364503 2.252627530645808 
2.1119253695695477 2.4815499802694614 0.1232420100663214 
2.0 2.634892419311842 1.3452933099031457 
14.83737714162415 2.0 1.4146288853626245 
2.0 2.0 0.449883556322334 
6.673626499962214 2.1285276847796175 2.347786694682798 
16.53426291047324 2.0 1.6894991863662696 
2.0 2.0 0.0032337236472663733 
2.0 2.0 1.4645722538025971 
6.6220244785304505 2.1240204723710567 2.307089814448791 
66.61568950423234 3.2806368714162137 19.423646432922844 
8.139531652295975 2.15649720216037 3.057112340544724 
2.610439274753988 2.0 0.47906213542975556 
2.0 2.052507384596876 1.5505953342544738 
6.458555877364219 2.1643243584290115 1.555386590979266 
10.033473385012009 2.3112245849134725 0.2611783949223446 
31.870479982030027 3.183159825687425 14.728161749005752 
7.995922381637127 2.9807123514226728 14.919442946133223 
5.68034573397175 3.074509373048663 0.6731896914396207 
8.510024200101068 2.207809428843304 1.8727108267656565 
10.081101515121585 2.0 3.4671505053247715 
11.479071429182262 2.4508436794828827 1.8187760318939215 
11.46671919658083 2.0 1.062438012445023 
13.35111778885513 2.3242908180662725 0.9076853020532483 
21.556104151601414 3.05326519346332 17.246866208855067 
10.973377619003953 2.023758475546287 4.023467934269098 
2.0 2.0 0.609789142452549 
2.0 2.0 0.8226180369891573 
15.823672930801772 2.1600676463265436 1.2069126251582598 
16.32974464117596 2.4604045493251894 1.7902004687431754 
23.12252030544496 2.512552419991247 15.71597217259877 
2.0 2.48193978268873 0.7186969242114225 
6.2712633742221735 2.243617343878775 2.5000080255791404 
2.0 2.0 0.6311061610845861 
7.722953767794204 2.085145817272234 1.9582049260139005 
2.995873274645512 2.8642162377097016 1.159234782311278 
43.11927686511868 2.9676397590225294 18.87604391347491 
18.46942073142773 2.0 5.642531301453097 
11.046676527997697 2.161583913053583 1.4361227256017113 
9.379653218107658 2.0468411425209583 1.850134907667818 
9.896133505279549 2.2143287142473924 3.7146577429131815 
11.018248445352878 2.0 0.8460136718388789 
3.757435368597184 2.015288759847986 1.2599003732436138 
13.09475813913262 2.147333842070815 2.0310287141839773 
40.127645040196036 2.8399321189718414 11.402382639351266 
11.026396079748865 2.2126595604429737 5.059528598142341 
12.949184989480203 2.0200849557358547 5.932431850863949 
7.706244790533155 2.037227811217076 2.6849005350114608 
3.1526708411597513 40.50953407334507 0.0 
10.26504676558438 2.1521025200155703 2.8068323187656397 
8.62397382864526 2.038560397735735 1.7124426977294174 
2.0 2.1021167420034246 0.5330810349569615 
2.0 2.1404076340691427 0.31515547912753705 
10.116778388272426 2.0 4.122067829887859 
2.254726375871664 2.0 0.6459391906959346 
11.4894117407186 2.015949956779299 1.3344347289927376 
10.249747142048806 2.1954257100016448 3.7944113532786936 
7.560292213673202 2.2544848238082795 3.3784309640518555 
7.215552628666773 2.3012447259998323 3.3356325204687423 
6.158658897771159 2.0247395545636313 2.0716579414985397 
31.162682472226393 2.039508490612592 6.320620131634941 
10.129249539034294 2.0 2.9520027263044875 
2.0 2.862241873140416 0.8621538297805378 
2.6194120552003852 2.458713677826686 0.935704026067421 
2.0 2.539098610126655 0.8368257399366108 
