2.1095968605049635 5.859576386964408 165.82837667217066 
3.1404419206800678 10.380651822762484 115.2 
134.41096165906586 2.0 0.7385493172182578 
5.585933839331036 2.0326976614233456 189.7329067653856 
2.6278477083808016 4.972932420884982 148.82556259435117 
2.866700956279775 8.10294414084477 126.1189390263817 
4.359573634115798 5.048183607303994 147.23628321517737 
3.866451451143263 7.708589742372452 131.28379618185292 
176.3027100122524 2.0205738520385825 0.7893528246113726 
2.6791165641608004 5.971061173533332 35.83127627000644 
125.3778284426641 2.406823784042803 0.5753319529493326 
2.0 7.916205781957674 1.9717032832251076 
2.0 3.693979112015384 1.1917712216196843 
92.24458024472395 2.0 0.2049784113657967 
91.88886502674937 3.7406518365977344 0.8746281205833139 
4.156152230000728 4.517587924291913 0.8064897553252851 
29.57984707162977 2.0 0.6869760479419456 
3.321292012229243 2.0 1.1142183185608765 
2.0 2.0785207372570973 1.7275399294517386 
7.794368803297466 2.133860461041677 3.206195921762455 
2.0 2.0 0.7281380002491509 
17.448996446449463 2.0 2.111039606479248 
32.82922440895079 2.0 1.538144411148665 
16.55423199567334 2.1229555760285366 2.9609876395973282 
2.0 2.0 0.6812643304636519 
47.82859755926891 2.0035192099119468 0.7401772506955632 
2.0 2.0 0.20091992547453114 
7.485540183838873 2.0 5.427757963184927 
2.571109283663266 2.0 0.08380881532571934 
22.50838318145638 2.000358390519622 0.0900065526462145 
2.0 2.5599760294291953 0.4246266225461506 
2.0 2.044863116967754 0.043529009950918685 
35.00929989318444 2.630039301542827 0.0011356067886030274 
50.99305498368952 2.0 0.8855765361263833 
2.0 2.072000067340379 1.423683506595598 
11.225304924897394 2.0 1.2823373745254156 
2.0 2.0 0.9993284260107316 
17.472594800933393 2.1479011362585494 3.0806049055039795 
2.0 3.02015121715253 0.5255289543045181 
20.391830778181593 2.335607772417238 5.23135241804656 
2.0 2.0 0.6370697030524543 
14.754188735804163 2.0 6.63072087283507 
37.75956462699605 2.0 4.320085372903854 
93.62565946698217 2.0 0.8697773622858112 
3.871455683436732 2.0 0.033916327306265925 
9.316035373302569 2.0 1.3895913979236516 
2.0 6.910042935175958 8.32082776721374 
2.0 2.0 0.5605013921374538 
5.987723740438389 2.0 1.989214721250043 
5.489975079466659 2.043440008193657 0.15435863888807438 
12.946727934802501 2.0 1.6149759703126196 
6.082561875296108 2.036328922619335 2.716566438538771 
38.518909436541044 2.0436881505766054 0.749870149495337 
2.140999970801749 7.087612126819033 2.5764574809015626 
21.303323224997136 2.000966043106322 3.580395138999907 
2.865150916645892 2.1992117100456863 1.0685274485639344 
2.0 2.0 0.4767085253971759 
6.247592919983688 2.245364289944159 1.316343719871302 
23.047422542828286 2.1121370978063854 2.1863820321285443 
2.0 2.007881495054687 0.5712377823433197 
9.853764311968195 26.322565204256104 0.5531197977563413 
17.263672174441734 2.2291753288918015 5.477257858532037 
2.0 7.694228333621159 7.985703599200292 
2.0 2.0 0.5875909476687942 
2.0 2.422804063037971 0.7345128367423202 
6.682687877622212 2.3261579019597387 3.448899058276911 
2.944648093456804 2.0 0.49113384966783086 
12.233056760543732 2.2113100572750213 2.230469277629309 
2.0 2.0 1.1290755981174807 
7.741622485276776 2.0 0.343584155683049 
2.0 7.656760904372269 5.811094343785854 
16.38633440535011 2.006751402074212 1.663157138428626 
2.0 7.948798894053446 2.5804281732714904 
