63.168076851168436 3.9373000963849876 9.782160287341686 
60.95499027999722 2.0 0.34477716415159776 
8.788966615283933 2.245130473706367 0.5456326602945518 
64.35254953354979 2.2293252897710643 6.29649940731518 
60.728500350488176 2.3506847103695456 6.066582320992586 
2.0 2.0 0.9903419356273759 
4.6361877315198186 2.0 3.0871138634662576 
6.0002350725561175 2.106615249664167 2.36007348801333 
50.57352877788496 2.0 0.6096111681736069 
6.171292942047227 2.0 4.12288580153456 
17.527680545518226 2.2023807131319098 0.40758233112020426 
10.022390384331688 2.9156743737528585 12.240642261425087 
65.0984982535838 2.3041112809982565 6.513785317222901 
8.707229260339414 2.446770597288358 0.5066682800156848 
2.0 2.152800459316867 0.9017103280524229 
6.70256907870789 2.0 5.189048618799435 
2.646499825077409 2.1034384196156104 2.494409992957742 
2.0 2.0 0.9453719523743122 
5.045828494866729 2.977687881178719 1.2469177961664035 
4.464989196752583 2.063846947826672 1.0246602585974558 
22.89697685139428 2.1853607112255187 4.9218059693489336 
67.38048145323295 2.3679561070211426 4.449471218771041 
9.371332117159415 2.0 3.9011672487109417 
61.15416634320523 2.0963296878711937 5.764606406594342 
5.31577679455755 2.112421569694651 1.8564830877108622 
5.324106266812542 2.404619332753775 2.736277967994014 
2.0 2.0651803189885922 0.8532611735546611 
2.0 2.480632891348061 1.2176488291838536 
4.506434546923275 2.0200901400436204 3.7929117651020436 
2.0 2.5537398522333725 1.1669993758893473 
4.52909811996307 2.2113555169585193 4.0186502637212485 
2.0 2.186308014138151 1.0818786448479543 
4.711254122930919 2.1007447187912547 2.4335368477958683 
73.16708168909645 2.0 4.965876526371951 
4.768504096192639 2.3435761351248243 3.8332555212338733 
2.0 2.0 1.308602811163887 
2.0 2.0034886331141655 1.783849622887767 
44.740636466107105 4.478811745186373 12.303958255228798 
5.4142733243640855 2.423673725994632 2.8275870492535895 
3.758269345505371 2.2012776492503856 1.768960151632129 
5.079203605164871 2.0 3.4155170104296593 
75.23993743717682 3.886277094652608 9.156170546122297 
4.757134145307061 2.846905406888746 1.7910084637815413 
4.194091299958954 2.2934660789938177 1.9619137788711827 
6.923119747136582 2.3537145731390563 1.046119521704161 
4.299817264274842 2.7430305703088984 1.890052125990887 
2.0 2.1896108538409047 0.015236179737571298 
5.373780620947704 2.0966006923382 2.96737348394908 
6.30395161613869 2.0 4.336704929854273 
63.011165910291055 4.105577566730478 0.2953185635377805 
5.018198188278199 2.0060872564924215 2.4886779828853576 
5.331916281004867 2.0 1.4493773343859573 
6.007693657679662 2.292218464042235 4.08463610384072 
2.4381357122323934 3.005131064449222 1.1406982887410202 
9.744887871394353 2.5539693863695048 14.81467848681501 
5.287340174313812 2.140129571619213 2.6768484379108077 
4.39716915595999 2.0 2.1563128008549226 
67.01541206359137 3.6734836572108 8.126838720330133 
5.403670694956563 2.0728204371150962 3.1955471061580867 
13.45650605316996 2.2579799797719726 0.2719818757845036 
13.079174055620635 2.0 1.3210301769692714 
7.44317842512378 2.529118501519866 1.3629973753885565 
8.526383614509799 2.028315195840106 4.995294295204495 
5.325609332472623 2.1179869395770066 2.847484323164681 
7.511809366071157 2.0 4.274941540207015 
2.0 2.0 1.0009739250929486 
4.327643793186328 2.0 1.5648372959608945 
10.875719124976008 5.036793616913679 7.706157345430675E-4 
8.769356043163627 2.0 5.172676970044203 
4.704284455504752 2.2126931193339523 3.5215276388912256 
3.838950503071506 2.220493118928288 1.7220795745605222 
69.30062248801293 2.0 4.798249516538516 
4.6882296073184735 2.074657887231243 2.236367245189768 
2.0 3.334339409367453 0.33617668684492835 
2.4080219008997887 2.157658669357521 0.8009969980683791 
61.715882995043586 2.205549072156028 5.16941661135678 
4.658366542692437 3.0213756583618276 1.2021446415525434 
5.207770433389263 2.2082214454041993 3.33488884066208 
4.521015680444585 2.135508881570875 1.3287922673429575 
18.19650173131225 2.2900445886900527 0.1786679018967544 
11.964552017990197 2.3523330254966366 6.1247773250650575 
8.785705351258883 3.8173693367253936 14.535713559568968 
72.0253429936628 2.0232042586506087 5.079426331360278 
11.881877727805845 2.2427121858580326 0.3654797648736329 
8.958356119149904 2.0 4.227481818912962 
2.0335699941403127 2.423039688798349 0.1172676296272962 
9.258943174712059 2.1721163027530186 0.751276904248822 
68.58151426957662 3.587400562843967 10.460535569891295 
2.0 2.6757525661384447 1.2924266002558842 
4.880294721501622 2.13124339195617 1.5853984549473663 
4.619719545348335 2.22149958054419 3.122812184345303 
4.725794196561084 2.0 3.5927930469604457 
8.80935864037216 2.0861648260212546 4.580567441854665 
7.403214157099564 2.0 4.66285318150087 
4.1300956587538025 2.141422446884298 1.7894612661176712 
17.326645756164734 2.2068999916811185 0.3033455392562817 
70.32419909107129 2.4002061590050863 7.059687616410113 
3.980414277934801 2.231736084481291 2.060850178999391 
69.1841320730006 4.320942469015277 12.630623926789726 
42.708349625722256 2.0095080246984423 5.5980657797818285 
