2.0 9.105587498767882 256.0 
2.116812934180839 17.250718801275518 199.42287921740086 
6.067690082889573 2.025444332397166 0.9465271208580894 
2.0 4.434963972381323 2.739531099640822 
2.0 8.877548402119542 0.7364057392794621 
10.660251131632293 2.0 0.2128789881045634 
4.608406151011383 2.0 2.7026516613302864 
6.781470281131376 2.2254069703618318 0.7902567418029479 
10.878038354944607 3.128262799725591 0.2786173588149494 
6.128102023676555 4.598593367301952 0.6454052117875306 
2.0 2.842166541006165 0.12806667204540645 
2.0 5.134184232197317 2.071658258002158 
4.636122434393042 3.2050492987571153 0.27958584667199693 
11.332135224052037 2.053219368520157 1.0299285806197298 
6.737763404671352 2.2314932437674377 0.7861008912421221 
3.285169920538798 2.2488731023476136 2.1255377848379506 
2.620354962891806 2.0232717131209315 0.16845057786302015 
2.0 12.55476222883698 0.6757905769197813 
12.42790692307332 2.0010134431162188 1.0612020264205126 
2.0 5.638021925452788 1.8105811896708168 
5.911350844892478 2.088520410054934 2.6890703186989704 
20.23286811962093 2.0812127759517294 0.4205568203374059 
5.500198511079523 2.0 0.39987774169395784 
5.946289864647846 2.886951023175874 0.5955195798933278 
2.0 21.646117184950878 0.7708535373911862 
2.0 2.0 1.9868900919035086 
4.89971583393131 2.0 2.8383679279199114 
7.121334577935134 2.4109954699976246 0.25733525328982054 
5.198396227478046 2.0 0.658560272448145 
2.7815897167278125 2.38785870703482 2.2116428856620995 
2.342758233882682 8.500629920669969 2.4029074490680906 
2.0 2.2718606999802535 1.5261780296254044 
2.576754144035524 2.165545207780671 0.9855938876917781 
5.622430695083165 2.1119235597762884 3.2833590994342527 
2.0 2.004959510756054 1.789604674035357 
2.0 8.088244916738951 2.54797533137396 
16.12418615319682 2.0612829946109845 0.4185556303728738 
2.0 2.5464722679323164 0.924951866285193 
5.422426009581209 2.0358580966541933 0.6871358963963976 
3.2395684813750965 2.40242061014398 2.2974116563491003 
2.0 2.223131770684324 1.2546017270037781 
5.536390983700878 2.184395176192911 2.9974076863738297 
2.0 8.715541940788757 1.5103206788241934 
6.921010474466122 2.0718443739770414 0.7532386274547545 
21.3358348956413 2.2766352543445136 0.6330634986541679 
2.0 2.0 0.15394315659765168 
2.0 2.1544598709170955 0.6026479740205724 
15.10248949008343 2.0 0.4907307661480167 
5.539650400641091 2.0 0.41994391790696395 
18.354802119875764 2.1254368214197923 0.5808945821969319 
7.888192076707987 2.2020984103689853 0.18601952085764406 
6.826011466165372 2.0 3.3180184201161693 
6.932324257604731 2.168934197509314 3.4000296140183517 
2.0 2.0 0.8787183688771669 
5.396202570161744 2.074849344695447 0.34891200130891187 
2.199183465236564 5.046069712635092 2.996090610530597 
5.873206771242795 2.0 3.3772738310126558 
4.883847075709722 2.0794337359697166 2.4867266123819842 
3.9693613698080155 2.3927930275075227 1.9556989326933736 
2.0 9.400361149586189 4.221174234275079 
10.013161391965108 2.084645493606872 0.455433734503882 
2.0 9.197196619245696 3.175984792208581 
5.988281425217263 2.098427620827416 3.0966027013912614 
2.0 2.4577451421931023 1.9816607703040452 
2.2763717843323072 2.177693608883936 1.2424658985606611 
12.733526026607223 2.0 0.49688141367102645 
2.0481055402275388 5.279401905010565 1.6235615746012186 
2.0 3.6577968737028472 1.4646714528277376 
4.702958834676311 2.085860815000476 2.9232005888758055 
6.193898637475517 2.0 0.11960220982499692 
11.392199555601515 2.061569246944665 1.0983933600899876 
4.411398774517972 2.3117026475883025 1.4169215663933123 
2.0 2.0 0.24678334489135523 
2.0 10.285967160542542 2.8706492607494094 
3.2711980163479497 2.0356017575083416 1.4462681766676797 
12.889499987659015 2.111339791413162 0.284359289730035 
2.1416460020271115 2.0 1.8287990547963409 
6.324375272723508 2.0 1.1981348351848797 
8.629774353876565 2.0 2.8307915965057706 
3.512353519400053 2.0 1.7533747285047885 
2.0 4.045272909714287 1.6371553573361532 
3.196457351604178 2.0 1.1432022496387662 
2.889652232316072 2.0118586178502875 2.544305244950806 
2.0 2.41893518706763 1.565790417361748 
2.4921524675282427 8.098687733802372 0.8928892420703589 
4.8371140505853765 2.070482603989353 2.4363322232905955 
2.4973977594864465 2.0319721854962784 1.3093603215796845 
2.0 2.0 0.6119253578917778 
5.2474480691285015 2.4149122227998756 3.635877208039936 
