2.0 19.147216340395225 152.2280538397026 
2.0 17.86846575998851 167.5713977634646 
22.527509170138735 3.1873674406927446 185.6682742045807 
13.31629162395654 2.7680754472320075 139.94719017098635 
2.0 22.6917739969443 180.24468504189622 
2.0827085154256246 20.499143616511695 186.10038162497105 
27.058144944219535 3.2444649856582832 9.844771151221275 
13.26781681573544 2.2587198068002796 4.39353368544689 
5.0880534764810825 2.0 1.1597481691622638 
28.309453728322453 2.031991734501013 4.664569394734857 
2.0 2.0 1.0901472553984157 
22.56348853917415 2.009761049916761 3.4360067962687078 
18.020056173086147 2.2156350643523965 0.9253570126641844 
27.868907734951936 2.8944397961695625 75.5700055328004 
2.482869880737007 2.009204135732475 1.5695456162916475 
18.67863218833918 2.130451837815685 1.6656152232968875 
3.741271480194449 2.2051993834076167 0.018823833412214164 
3.791556612446584 2.017697974113769 2.4190926908485184 
5.453106966971394 2.0955829705134543 1.9092779841469767 
17.348427877217375 2.258438502015585 0.148383321377479 
2.0 2.2414322636828277 0.8736383443235471 
26.17153316549035 3.200341370878699 15.165078927599394 
7.424799687679261 2.3033889384334434 0.48575888391293426 
17.341378408649078 2.205591292017105 2.637364878143973 
42.97945066815926 2.0518538798961288 0.41068808481899133 
3.1321427173905096 2.290072385706982 1.265621041397227 
2.0 2.0281105806041317 0.1322149975837128 
5.226472989624841 2.100318849295329 1.7353349304063275 
24.532776354141788 2.8299749485406065 12.641295840185073 
2.0 2.4071838152510496 0.8927310711623775 
2.0 2.0 1.6643343762341072 
32.41965095009485 2.3295283922975463 2.0161304563133546 
2.0 2.1185780344140817 1.48673281256638 
4.75622739011115 2.007228116048558 0.8076356913892095 
2.0 2.0 1.237315112447563 
4.010416702420933 2.327597319733989 2.646923260803607 
13.24554369526917 2.141620567964987 0.9052830771475746 
2.0 2.134988979328083 0.2963619298173674 
3.508144109765089 2.0 0.8934712505962903 
2.0 2.0 0.4230841855472356 
5.130267572227027 2.0 1.2756495260104233 
31.224280463011624 2.0342170990933095 2.024220395650702 
5.0013588156547515 2.0767709335284508 2.18153235180264 
24.60283526440513 2.0 7.4547193935814775 
27.322851278744253 2.177754546376486 0.9180466218573671 
29.35331521522609 2.2124781889988285 2.735165782532595 
2.0 2.0 1.1569973242017735 
6.518539412850272 2.028059181118024 5.403811231692392 
4.9823880455969425 2.0195357847552184 3.0229287634733994 
10.554906408240821 2.0817061578924285 1.006760585758327 
2.0 2.0 1.123439312062677 
6.617940183191869 2.0 0.9085334462050343 
19.62624856934615 2.15061335451915 3.2550318215700176 
4.575475312118202 2.234886572341932 2.439995263751248 
3.9334047181639935 2.016158488382676 1.4890545232485186 
30.608146369517396 2.085316240231669 0.6471318838013744 
6.163126000817131 2.101879801976178 4.0711763699106855 
4.804010969164514 2.0023258316460057 1.3219668118737982 
29.62612050270149 2.4154153550472897 2.141615777212351 
29.71919299933678 2.1314142007884627 2.534406164040696 
5.775809135084799 2.2725751496935813 1.60715910566002 
5.436778855666057 2.033973384042712 2.3631417480205803 
33.81283403503984 2.0 0.24900406456143642 
2.0 2.0070405914826726 0.766782256131729 
30.353209574647508 2.3694054383222474 2.313133754815648 
2.038796143366037 2.5140255078262497 1.452973547633548 
31.556447316779952 2.0 3.1561837829142405 
2.6027804736660425 2.008276671846426 0.2597157630590772 
5.29824905023467 2.0888402824837127 1.8098088766979603 
16.738342368312722 2.5136029104813034 84.64571284529882 
6.53861652742579 2.043467122104393 4.198855497774689 
2.0 2.537654786800281 0.723446677251518 
2.046998552342864 2.0 0.6042203516992553 
2.0 2.0 1.2720243538759628 
21.841496648656697 2.0490058533409417 3.5118387650562903 
2.0 2.01533586181112 0.8337383268609191 
2.0 2.0 1.4252884627237534 
27.752755641312596 2.1418656052093934 5.857667195220401 
24.543374364102476 2.338956452950871 2.096587699992377 
18.983980921483017 2.296101856579517 1.8902632026570128 
2.0 2.018752027661347 0.6466417178905277 
2.0287380454943387 2.107613143050591 1.386395178897508 
23.37279753910276 2.3343211103462633 5.094863186017304 
3.94558553379219 2.352642814096911 2.022420609041228 
2.0 2.0 1.7633435908926554 
25.016492476044746 2.1390590669200025 5.369853682601685 
30.86471739199519 2.154060296756776 2.689896084911855 
2.0 2.4080575303851903 0.6666728356108551 
2.019363292069952 2.4895234870030656 0.3468908248416553 
6.745828207134225 2.01687346698428 4.457284332697835 
4.740988281834446 2.061332402890707 2.2523643888321816 
2.093605347009357 3.5868299988769756 0.5670733353706288 
2.0 2.0031891906904264 0.46550199656250607 
12.871101713923515 2.1691935491898415 2.049607807997269 
40.23397968440227 2.1176800513445024 0.4394710112009799 
6.263109765384372 2.3387996695521487 2.5140634610602874 
2.102946445489604 2.0035131092734884 1.8936914423996476 
2.9459240220805096 2.858793834878306 1.4530001993821282 
5.196465921912347 2.036170724443465 1.834950034371051 
3.9511320343068466 2.0 1.1810478057756162 
