0.012155500000 0.485693000000 0.439513000000 0.436075000000 
0.008337500000 0.536079000000 0.491943000000 0.488946000000 
0.011959600000 0.526633000000 0.477663000000 0.475032000000 
0.021772900000 0.426149000000 0.373193000000 0.371357000000 
0.040004700000 0.366643000000 0.301298000000 0.300758000000 
0.019432100000 0.434705000000 0.383837000000 0.381681000000 
0.254104000000 0.105384000000 0.062033900000 0.060024500000 
0.012617100000 0.484415000000 0.442791000000 0.439352000000 
0.137985000000 0.205846000000 0.139966000000 0.137154000000 
0.027066700000 0.404739000000 0.347467000000 0.346157000000 
0.156639000000 0.182639000000 0.120601000000 0.117806000000 
0.032415400000 0.389225000000 0.329024000000 0.327913000000 
0.022537700000 0.421677000000 0.368187000000 0.366510000000 
0.024130300000 0.414844000000 0.359740000000 0.358278000000 
0.041976500000 0.360283000000 0.294785000000 0.294107000000 
0.276067000000 0.090978900000 0.054471700000 0.052640700000 
0.076120900000 0.300311000000 0.232049000000 0.228058000000 
0.069509500000 0.305529000000 0.237663000000 0.236829000000 
0.061806200000 0.319158000000 0.250421000000 0.249592000000 
0.191239000000 0.152597000000 0.096784600000 0.094196500000 
0.038423500000 0.372070000000 0.307625000000 0.307021000000 
0.049259700000 0.338929000000 0.271924000000 0.270820000000 
0.284493000000 0.087502600000 0.052865600000 0.051067000000 
0.027636500000 0.399950000000 0.341416000000 0.340393000000 
0.130735000000 0.204187000000 0.143082000000 0.139606000000 
0.178562000000 0.164311000000 0.105900000000 0.103240000000 
0.423716000000 0.026645700000 0.014092300000 0.013741600000 
0.502021000000 0.004972260000 0.002083770000 0.002078930000 
0.318192000000 0.071278600000 0.042174700000 0.040744300000 
0.042363200000 0.356117000000 0.291093000000 0.290245000000 
0.126932000000 0.216240000000 0.151838000000 0.148050000000 
0.017961500000 0.439603000000 0.389793000000 0.387460000000 
0.452511000000 0.017205200000 0.008577520000 0.008383010000 
0.296448000000 0.078986100000 0.047313100000 0.045769100000 
0.433416000000 0.022233900000 0.011069500000 0.010712500000 
0.462258000000 0.013222400000 0.005760320000 0.005629030000 
0.235631000000 0.117136000000 0.073491300000 0.071312700000 
0.387962000000 0.048413400000 0.023101200000 0.023052700000 
0.141443000000 0.192504000000 0.134586000000 0.130837000000 
0.196108000000 0.147589000000 0.092939100000 0.090399600000 
0.188107000000 0.158880000000 0.101614000000 0.099000300000 
0.108164000000 0.231843000000 0.167031000000 0.163425000000 
0.014544500000 0.458120000000 0.413130000000 0.409856000000 
0.092148300000 0.272030000000 0.202939000000 0.201998000000 
0.206478000000 0.140953000000 0.087935900000 0.085437900000 
0.389338000000 0.037413200000 0.018258000000 0.017652700000 
0.339983000000 0.057544400000 0.032070200000 0.031034500000 
0.219321000000 0.131145000000 0.082698000000 0.079949200000 
0.412821000000 0.029750600000 0.015737900000 0.015284500000 
0.542657000000 0.000600536000 0.000259094000 0.000352698000 
0.304381000000 0.071810000000 0.039090900000 0.037731800000 
0.335557000000 0.062382800000 0.036157800000 0.035023700000 
0.373160000000 0.043569000000 0.023845000000 0.023088700000 
0.057222400000 0.324215000000 0.256962000000 0.255790000000 
0.033868300000 0.382903000000 0.321467000000 0.320667000000 
0.242085000000 0.114876000000 0.068634500000 0.066531900000 
0.017946200000 0.445060000000 0.396039000000 0.393521000000 
0.228136000000 0.125760000000 0.078693400000 0.076056900000 
0.478635000000 0.010836000000 0.005246460000 0.005134240000 
0.014442400000 0.464833000000 0.420818000000 0.417088000000 
0.010046000000 0.532157000000 0.485910000000 0.482977000000 
0.009913440000 0.537786000000 0.491925000000 0.487994000000 
0.404768000000 0.033166400000 0.017577400000 0.017056500000 
0.029771800000 0.394518000000 0.334526000000 0.333463000000 
0.164919000000 0.172675000000 0.116316000000 0.112957000000 
0.078798300000 0.292262000000 0.225312000000 0.224029000000 
0.323703000000 0.062620900000 0.033298000000 0.032121500000 
0.054519200000 0.328647000000 0.261483000000 0.260361000000 
0.174466000000 0.164947000000 0.108969000000 0.105667000000 
0.285020000000 0.083442600000 0.046823400000 0.045245700000 
0.011077900000 0.523792000000 0.480482000000 0.476597000000 
0.155142000000 0.179457000000 0.122527000000 0.119324000000 
0.248051000000 0.109101000000 0.067596800000 0.065597300000 
0.037410300000 0.377688000000 0.314349000000 0.313504000000 
0.118296000000 0.223286000000 0.157944000000 0.154193000000 
0.212456000000 0.133641000000 0.085761900000 0.083038500000 
0.130087000000 0.212943000000 0.145981000000 0.143098000000 
0.353479000000 0.054942000000 0.029259000000 0.028276400000 
0.046253200000 0.349256000000 0.284692000000 0.283637000000 
0.147291000000 0.186924000000 0.128608000000 0.125332000000 
0.260922000000 0.099371900000 0.057627400000 0.055710200000 
0.013526900000 0.466777000000 0.423797000000 0.420150000000 
0.102767000000 0.245744000000 0.177810000000 0.174125000000 
0.520695000000 0.002337380000 0.001003370000 0.001035740000 
0.100677000000 0.249038000000 0.183412000000 0.179428000000 
0.542478000000 0.000600147000 0.000258828000 0.000353224000 
0.016111400000 0.454005000000 0.408156000000 0.405312000000 
0.020883100000 0.428991000000 0.377247000000 0.375302000000 
0.096204300000 0.262874000000 0.197482000000 0.193414000000 
0.085022900000 0.278703000000 0.208006000000 0.204703000000 
0.048606400000 0.340552000000 0.273648000000 0.272576000000 
0.016256800000 0.448816000000 0.400655000000 0.397846000000 
0.013169300000 0.474811000000 0.432159000000 0.428251000000 
0.488977000000 0.007428380000 0.003123930000 0.003073840000 
0.359164000000 0.048297300000 0.024582100000 0.023736300000 
0.065846000000 0.316711000000 0.246345000000 0.245581000000 
0.024912400000 0.408141000000 0.351402000000 0.350069000000 
0.081171000000 0.286631000000 0.218713000000 0.217973000000 
0.095861400000 0.271419000000 0.202008000000 0.198877000000 
0.067161600000 0.310463000000 0.241849000000 0.240972000000 
