2.0 42.86111277619355 0.0 
2.569583796805955 62.36440306388695 131.49317163569063 
3.139601238796942 30.731180297473173 0.0 
2.101760500243828 39.03091694263863 6.480487392051559 
2.3320381313234684 15.465524747770218 3.6741108782005076 
2.3923205952640014 38.97209753302509 7.406765761600552 
2.0054998411492773 2.0 1.0065968136542491 
2.0 65.93848445671465 31.780923305136625 
2.0 2.0 1.6251979379590966 
2.0185540767300303 39.4831968808755 5.04689509368752 
2.0 2.0 1.4682070075949465 
2.0 26.556982687317294 4.428109540711766 
2.0 45.02036467650413 6.150137286367556 
2.4158829865668316 30.753578402992638 5.846516303209626 
2.066740527055894 16.625857651753954 3.4357246813066107 
5.035585021432583 2.0 0.8774436533141512 
10.275210862211974 2.0 2.2867427442185866 
2.0018123882281893 13.721037551820217 2.518751203476417 
2.102860259695789 11.393247867899632 2.6819345175977958 
2.00285276944164 2.055305136900608 1.2761016976105761 
2.0652025009003974 17.125530286957847 3.7854705212286603 
2.013983709276344 13.235879974243986 3.0350683405395933 
8.032713647720744 2.0 0.854907246752477 
2.1176549451071653 27.55683912847173 4.8994941437530635 
6.418684654197411 2.0 1.5626792669179708 
2.0 2.0 1.347779928968749 
15.285979123583889 2.0 0.4433573745427587 
2.0 2.0 0.23592801254118057 
8.83467092559274 2.0 0.7462698829532415 
2.0038819166786177 17.61435102328541 3.381834159684685 
4.076507772659424 2.0 1.6471880586964218 
2.098779596954431 41.653286624985824 7.982773784285551 
6.644820451972613 2.381658076443247 0.36054228716206915 
6.670078273356086 2.1244654511504857 0.8119843600774959 
3.8329101651584114 2.004290031415948 0.4372593887501195 
2.0 2.0 0.356078265254547 
5.885985797774201 2.0113812432410025 1.0398748337851986 
2.116589979193268 3.4876215062413767 0.6242367868351031 
8.006036361374811 2.0 1.4942706532545766 
2.0081708698012646 2.130150233910463 1.2458343204299287 
2.4330802689902185 2.0 1.3161994503021686 
5.756203399342077 2.360700335511777 1.7439523458013064 
2.010947801942274 61.64950773134571 11.787514360314177 
2.2977992633992725 9.3082463989887 2.133525905290142 
2.0 2.321203914872286 1.210517520503808 
2.0 2.0 0.579313300394897 
5.1463749597677015 2.0 0.6800896744786002 
4.013880888877847 2.10807034789864 1.1329314690902157 
10.184391457231962 2.0 0.4753671825105307 
2.0 2.0 0.05384155391790475 
2.3971129115333683 2.010268515634634 0.8089106656781883 
9.880344122275268 2.0 0.7119450379005643 
6.974058150168666 2.2777280246434453 0.5813303187682737 
2.142578149559744 13.194077302224352 2.808846850166213 
2.251615154744311 23.122492590198462 4.208451274788075 
2.0 2.0 1.0622075911426363 
2.0 35.05747192586344 9.113378583334223 
3.9814992801678386 2.007543212543709 1.099481465822971 
6.764726674730213 2.0 0.30003261169232676 
2.0316102602077346 56.470999350477875 14.360559063309415 
2.655015427693013 44.53396560781464 48.495258295689425 
3.9973545499603875 36.12418446973483 0.0 
9.28819050903632 2.0 0.5086515583850155 
2.1150633021915692 20.897437183364097 4.7445822204389785 
5.037820272969418 2.0 1.3609943867472603 
2.3957366330409418 13.289652906725808 2.386693357198433 
2.0 2.0 0.750922947775944 
2.0 13.204759035672986 2.8714526907468274 
3.5596062893744724 2.391864966272187 1.3258058978236604 
2.0 2.0 0.8789049783400339 
3.3829179445428554 56.980120295826396 33.75645843148595 
6.2478426515635155 2.2548619940019226 1.4107708841560596 
6.469355347252224 2.0 0.9959049655578595 
2.0 15.627361356297467 4.003794565222839 
4.182998060168646 2.0 1.689541874311562 
5.258773693356425 2.0679550031530485 1.1248973090418102 
2.0370257594010535 2.0582139309634053 1.6771831855465997 
2.99339943043657 2.0 0.6781534359642385 
2.0 21.73114553149451 3.2366407297418416 
5.705315440474246 2.0 1.4510094790755703 
2.0 2.151539623304515 0.9700552928450416 
2.0 70.58797599325082 14.809260008599772 
3.9910116814434464 2.0 1.8547064226226198 
2.0 2.0 0.1738426601177948 
8.054933104146933 2.0 1.8557557541747103 
2.0 2.0 0.07436137110408625 
2.254861503002767 70.63350964811431 10.186435051103503 
2.373947214430477 43.031962944552596 6.816760121342984 
12.311359927963338 2.0 1.973015294970866 
4.00804039561328 2.0 2.1190319218228626 
2.202418148714256 13.47795142873779 3.072087480250185 
2.0 40.80327048468216 9.572395440411634 
2.0 55.21786604747177 21.263676759773766 
2.0 2.0 0.28109263778206106 
2.0 2.0 0.6606360460709353 
2.1581116091978387 9.066906961982207 2.643370754945453 
2.216160056895289 30.744825384387173 5.397083163031721 
2.0 10.36302946609736 2.304951093258377 
4.639595725233276 2.0036626289278363 2.0390004413356486 
2.3816534522519497 10.911113424316065 2.5708937939112113 
