0.075690300000 0.617161000000 0.604944000000 0.611071000000 
0.695708000000 0.009725790000 0.007930710000 0.011225000000 
0.096586200000 0.403577000000 0.382186000000 0.404125000000 
0.373032000000 0.122928000000 0.106710000000 0.126324000000 
0.636860000000 0.021351200000 0.016756800000 0.022891800000 
0.151488000000 0.307797000000 0.285177000000 0.310886000000 
0.112012000000 0.361501000000 0.338906000000 0.363200000000 
0.617402000000 0.025111300000 0.019381600000 0.026052300000 
0.511980000000 0.056906200000 0.047117000000 0.059603900000 
0.484194000000 0.066277200000 0.055305100000 0.068827000000 
0.088938200000 0.452667000000 0.432043000000 0.450445000000 
0.401977000000 0.102181000000 0.087700300000 0.105386000000 
0.457976000000 0.073213700000 0.061128500000 0.075576800000 
0.247173000000 0.206779000000 0.186258000000 0.210950000000 
0.275591000000 0.186971000000 0.167394000000 0.191334000000 
0.244902000000 0.211378000000 0.190559000000 0.215417000000 
0.092438700000 0.423902000000 0.403001000000 0.423337000000 
0.073975600000 0.635692000000 0.622796000000 0.626597000000 
0.410429000000 0.100281000000 0.086049800000 0.103769000000 
0.086920700000 0.579234000000 0.563834000000 0.568630000000 
0.471438000000 0.071843100000 0.059931700000 0.074327700000 
0.112803000000 0.354383000000 0.331704000000 0.356004000000 
0.123242000000 0.334946000000 0.311950000000 0.336972000000 
0.156805000000 0.293463000000 0.270684000000 0.296922000000 
0.498115000000 0.062655100000 0.052021900000 0.065289400000 
0.239341000000 0.216545000000 0.195832000000 0.220850000000 
0.259941000000 0.196948000000 0.176594000000 0.201129000000 
0.725298000000 0.005558880000 0.004192480000 0.006150560000 
0.069364100000 0.644726000000 0.633116000000 0.638049000000 
0.225967000000 0.224415000000 0.203369000000 0.228697000000 
0.755737000000 0.001245150000 0.001133010000 0.001721190000 
0.588593000000 0.033678600000 0.026818800000 0.035253600000 
0.442387000000 0.083428400000 0.070636400000 0.086476600000 
0.390757000000 0.110477000000 0.095389600000 0.114049000000 
0.593194000000 0.031258400000 0.024646500000 0.032567900000 
0.081130500000 0.598916000000 0.585053000000 0.589979000000 
0.663758000000 0.015206300000 0.011540200000 0.015864100000 
0.167172000000 0.289591000000 0.266911000000 0.292866000000 
0.287886000000 0.177733000000 0.158576000000 0.182068000000 
0.339234000000 0.137115000000 0.120117000000 0.140775000000 
0.330851000000 0.143740000000 0.126259000000 0.147518000000 
0.264879000000 0.192417000000 0.172487000000 0.196512000000 
0.177337000000 0.273191000000 0.250742000000 0.276899000000 
0.197288000000 0.254197000000 0.232040000000 0.258299000000 
0.679796000000 0.012531100000 0.010492200000 0.014831500000 
0.212522000000 0.238319000000 0.216711000000 0.242376000000 
0.097720100000 0.402605000000 0.381188000000 0.403191000000 
0.557903000000 0.040572900000 0.032553600000 0.042107200000 
0.377324000000 0.118344000000 0.102649000000 0.121817000000 
0.100554000000 0.390075000000 0.367975000000 0.390685000000 
0.385452000000 0.111921000000 0.096385000000 0.115115000000 
0.359715000000 0.124816000000 0.108591000000 0.128463000000 
0.210319000000 0.242287000000 0.220695000000 0.246405000000 
0.355146000000 0.132266000000 0.115726000000 0.136590000000 
0.431410000000 0.087292200000 0.074053200000 0.090080500000 
0.709763000000 0.006354250000 0.005443450000 0.007779430000 
0.455280000000 0.077090000000 0.064716200000 0.080112200000 
0.607152000000 0.028695200000 0.022601500000 0.029848100000 
0.230840000000 0.222191000000 0.201226000000 0.226457000000 
0.146874000000 0.312863000000 0.290300000000 0.315833000000 
0.734640000000 0.003393730000 0.002933750000 0.004097680000 
0.083118900000 0.592597000000 0.578308000000 0.582968000000 
0.088959700000 0.441418000000 0.420773000000 0.439832000000 
0.313368000000 0.156389000000 0.138366000000 0.160584000000 
0.152135000000 0.301963000000 0.279227000000 0.305165000000 
0.322716000000 0.150856000000 0.133038000000 0.154692000000 
0.088797600000 0.454217000000 0.433619000000 0.451924000000 
0.297422000000 0.170221000000 0.150906000000 0.174342000000 
0.088238700000 0.575522000000 0.559208000000 0.565472000000 
0.570023000000 0.036912200000 0.029074600000 0.037932800000 
0.094706500000 0.414520000000 0.393688000000 0.414848000000 
0.138879000000 0.319320000000 0.296590000000 0.322039000000 
0.530998000000 0.047291200000 0.038103400000 0.048907700000 
0.086670900000 0.586115000000 0.570751000000 0.576277000000 
0.090874700000 0.430554000000 0.409621000000 0.429532000000 
0.421782000000 0.092909900000 0.079228900000 0.095999600000 
0.303491000000 0.161709000000 0.143289000000 0.165824000000 
0.110090000000 0.369188000000 0.346697000000 0.370359000000 
0.523184000000 0.052693200000 0.043186700000 0.054820400000 
0.101812000000 0.373514000000 0.350886000000 0.374647000000 
0.649355000000 0.017959800000 0.013498700000 0.018485800000 
0.295549000000 0.170348000000 0.151333000000 0.174094000000 
0.098531700000 0.392957000000 0.371193000000 0.393872000000 
0.079516900000 0.609615000000 0.595912000000 0.602885000000 
0.130212000000 0.326018000000 0.303038000000 0.328403000000 
0.168118000000 0.279583000000 0.256897000000 0.283266000000 
0.096109400000 0.412510000000 0.391332000000 0.412603000000 
0.549124000000 0.045409200000 0.036873100000 0.047469100000 
0.277466000000 0.180521000000 0.160887000000 0.184594000000 
0.120322000000 0.342980000000 0.320130000000 0.344812000000 
0.115789000000 0.349274000000 0.326346000000 0.350984000000 
0.347449000000 0.133639000000 0.116798000000 0.137433000000 
0.254704000000 0.203959000000 0.183239000000 0.208357000000 
0.192778000000 0.260142000000 0.237857000000 0.264071000000 
0.079056300000 0.617332000000 0.602488000000 0.605635000000 
0.070751700000 0.640967000000 0.628709000000 0.633571000000 
0.075584900000 0.629681000000 0.615997000000 0.620074000000 
0.203404000000 0.248457000000 0.226344000000 0.252605000000 
0.216753000000 0.232783000000 0.211399000000 0.236984000000 
0.185954000000 0.267568000000 0.245439000000 0.271469000000 
