2.0 77.22266795873486 149.3792878777847 
20.816634014590193 2.646584848711833 0.2695279686609598 
11.517525558506437 2.0 6.1219935251533215 
17.18186064694588 2.248340933299064 1.4951250286802455 
43.66219690032639 2.2824514317743745 0.5432289144778214 
22.8690999446899 2.0 3.5202719499004615 
6.701205529333472 2.2514520367658153 4.820004148818606 
13.123031405394702 2.3664345893802587 0.591979805317028 
39.167145488242966 2.0 0.8659381698892286 
37.81204609495512 2.0786179198932078 0.9488302945984732 
15.199718953009677 2.0 10.350890762355546 
26.218216805623364 2.0 1.2807670074106325 
13.543254846897696 2.0 1.0432988416992865 
25.725982519219297 2.0737934282447665 2.191179766758502 
38.894110979516846 2.3833020433097127 2.082839578676076 
17.071952388768636 2.0 2.2710967998015237 
10.104316980495858 2.0837123715286188 7.340358812735856 
2.8013864435108093 92.02261411639601 58.749685650326434 
34.62275637984694 2.2236421312182264 1.264148619330539 
2.0 57.902530136170924 16.2456949403608 
12.936325822539153 2.025849528014411 1.0294607975997523 
12.354275418484697 2.0 4.545100499462058 
8.738284896197872 2.0 4.112071522712602 
8.543608272045876 2.342225463515862 3.3514345519406623 
34.29458871877096 2.0 0.9850586971436692 
39.32166132620608 2.1722102610438725 2.329441733315272 
11.77540188126983 2.260581531720823 2.1314369714461594 
6.611352925660752 2.0 0.23723012501809793 
2.655322066377046 92.50448162870194 104.68937234959907 
25.541380646851085 2.0485397342835285 2.4163563598237268 
15.039486762513006 2.0 0.008071673058687612 
31.4964312108533 2.0946207652793176 0.6393223599813084 
30.721915454042254 2.439679554072789 1.1658241834365264 
29.58765442737735 2.1891562794186172 1.3358458521409446 
16.3921718375542 2.499777874949536 0.6588172006271547 
2.0 57.266305756752956 34.208028333959746 
22.526330291861974 2.0 0.4190459501902595 
14.189944946155773 2.038481325317806 3.28564451738677 
37.187359132712515 2.309372480539752 1.9517349553537795 
24.121909690000088 2.4407895588346364 1.6168209614998224 
23.13848367990853 2.411671309516774 1.642336987991607 
25.774065420245723 2.2966546093968447 2.121832398002275 
12.374401825492534 2.0 3.0603374424453262 
9.698870390278518 2.04569015146195 2.829275689203229 
32.18230905244672 2.5386040983695435 0.2517122058690471 
18.45206545738455 2.0 2.603112000270535 
10.22341082396549 2.0 6.053654514215346 
21.57685466329693 2.4476432514603124 0.7509187805988862 
26.684062506631527 2.0 1.4277095702570022 
19.91536218816766 2.0 5.443222116563931 
13.42393488185343 2.047637899349695 1.3788805298590456 
26.02994309578797 2.146705842679105 1.4690429584989042 
25.702092374783327 2.0663969113609064 2.6320711089809428 
32.4026511801363 2.0 1.5389425672607473 
23.967810232766677 2.0620560232135694 1.1902829618273714 
29.390854852146916 3.4705189743017 0.09985368595074 
8.238519937309219 2.0 1.0909912056159374 
34.00283052397977 2.0 0.6309471449303796 
29.398111672501503 2.1998792665060467 2.424647033027131 
20.542126814854704 2.4122390392897763 3.6220667487289573 
36.3904567653423 2.0 0.168341520391325 
2.0 60.51173332220384 25.32105500922097 
14.693621241654894 2.0 8.76105457945597 
36.85432667979665 2.0930907181830976 1.7756619901011446 
13.482527711068682 2.2610580993469096 3.474920337729805 
27.180460786788437 2.307956790272221 1.6766902521073337 
15.077863147724136 2.0 10.628485309179835 
7.426058509593467 2.3574689316358755 1.9105613469163871 
2.0 20.801942161997793 20.848316301582134 
5.974933359032242 2.0 0.7249749578174487 
11.85515569513593 2.013772557729137 6.684796689080041 
11.744039407172899 2.0 3.8077385469595395 
6.678794660723997 2.0274261034720076 0.8379726471410192 
2.0 26.026261938086197 27.52339244089789 
9.675701479186014 2.0 7.916339242535279 
29.412886124738296 2.0 1.2489472088915554 
29.486073019955377 2.3330633163244547 1.8267425262747954 
17.60174143138375 2.0 4.831970298133158 
27.34287742178659 2.1242582808437986 0.848196084931673 
9.184272333433238 2.3122631986599345 5.008383140588019 
7.195817009868387 2.0861356492507115 0.4852602830934315 
24.40521662131731 2.032500656454838 1.8890164028998226 
10.046337980007365 2.0 5.640096743151981 
2.0 32.652366855246115 99.74764095324714 
8.60365849427851 2.0049065077565067 3.924725143693297 
8.595611854543309 2.1629394665654513 3.154399246210549 
8.52539427858419 2.0 6.592147803170704 
33.402236659469665 2.226158870793892 0.7753889570002767 
11.785219101417777 2.2215624081693783 2.0021326248115274 
13.053642554137182 2.158509612284068 4.238850954919254 
9.340788590093872 2.056571939848965 4.404391221310356 
26.024346717753232 2.017804601919296 1.5461400027455166 
9.273213425778943 2.0649583470883224 2.219675769158491 
9.849243177066834 2.294631739034578 2.887102970023149 
3.085652727026655 46.74461355865045 27.584100389942357 
2.8557165429194367 64.41501631873484 85.63671252358021 
2.929827320174546 48.32658689901103 52.67234773408927 
9.468922726567115 2.2273490343294973 2.7427520916598573 
22.764090674937 2.0151900728071137 2.5298193042400037 
20.857544807078604 2.0 2.951797155301204 
