0.016738900000 0.546025000000 0.531937000000 0.535751000000 
0.026206000000 0.522954000000 0.506991000000 0.517806000000 
0.021220200000 0.525131000000 0.509220000000 0.519410000000 
0.017460300000 0.527031000000 0.511364000000 0.521190000000 
0.152962000000 0.389810000000 0.361522000000 0.378934000000 
0.651537000000 0.085310200000 0.064797200000 0.073522500000 
0.695903000000 0.079661400000 0.056450000000 0.066207700000 
0.027287500000 0.515691000000 0.497787000000 0.508908000000 
0.086523100000 0.448715000000 0.424052000000 0.439588000000 
0.048482400000 0.483955000000 0.461657000000 0.475616000000 
0.180928000000 0.366914000000 0.337487000000 0.355232000000 
0.097295800000 0.439817000000 0.414545000000 0.430619000000 
0.029264500000 0.508720000000 0.489856000000 0.501551000000 
0.226537000000 0.332171000000 0.301230000000 0.319366000000 
0.028250700000 0.512440000000 0.493945000000 0.505573000000 
0.628091000000 0.110147000000 0.082341000000 0.094463100000 
0.016774200000 0.529958000000 0.514349000000 0.523683000000 
0.857730000000 0.015753500000 0.010131400000 0.013484600000 
0.502573000000 0.165108000000 0.133735000000 0.149058000000 
0.209965000000 0.344159000000 0.313685000000 0.331690000000 
0.322340000000 0.257626000000 0.221685000000 0.242070000000 
0.027198300000 0.520047000000 0.502452000000 0.513281000000 
0.782538000000 0.032283400000 0.021787300000 0.026656900000 
0.576490000000 0.129266000000 0.099589300000 0.112984000000 
0.688120000000 0.080391700000 0.056364300000 0.066274400000 
0.372815000000 0.237517000000 0.204615000000 0.222307000000 
0.065363400000 0.480029000000 0.457565000000 0.472050000000 
0.218548000000 0.336728000000 0.306153000000 0.324233000000 
0.760537000000 0.051519500000 0.033908800000 0.041034400000 
0.086514000000 0.450646000000 0.426156000000 0.441814000000 
0.558417000000 0.139167000000 0.108921000000 0.123251000000 
0.166581000000 0.373451000000 0.344476000000 0.361873000000 
0.736099000000 0.049413300000 0.034977800000 0.041626600000 
0.267033000000 0.301210000000 0.269568000000 0.287670000000 
0.286239000000 0.287944000000 0.255950000000 0.273955000000 
0.388400000000 0.216003000000 0.180149000000 0.199077000000 
0.362734000000 0.239621000000 0.206533000000 0.223946000000 
0.193893000000 0.356004000000 0.326052000000 0.343910000000 
0.109440000000 0.426777000000 0.398493000000 0.415813000000 
0.442008000000 0.198307000000 0.165553000000 0.182188000000 
0.052412500000 0.480928000000 0.458722000000 0.472721000000 
0.555475000000 0.139776000000 0.109655000000 0.123768000000 
0.735215000000 0.064258400000 0.042846300000 0.051439900000 
0.445482000000 0.180452000000 0.145588000000 0.163388000000 
0.344444000000 0.248667000000 0.215646000000 0.233146000000 
0.539893000000 0.144610000000 0.113838000000 0.128234000000 
0.640405000000 0.101016000000 0.074366900000 0.086038700000 
0.478649000000 0.177973000000 0.145695000000 0.161454000000 
0.064409700000 0.480136000000 0.457666000000 0.472202000000 
0.116014000000 0.418013000000 0.391226000000 0.407720000000 
0.819789000000 0.024054000000 0.015787700000 0.020021700000 
0.525583000000 0.153316000000 0.121628000000 0.136265000000 
0.552749000000 0.141324000000 0.111042000000 0.125263000000 
0.023330200000 0.523426000000 0.506514000000 0.516684000000 
0.104288000000 0.436813000000 0.410468000000 0.426532000000 
0.341138000000 0.255586000000 0.222658000000 0.240679000000 
0.161466000000 0.385948000000 0.357555000000 0.374981000000 
0.040229800000 0.495093000000 0.474194000000 0.487121000000 
0.123315000000 0.416077000000 0.389262000000 0.406076000000 
0.381601000000 0.235221000000 0.202679000000 0.221074000000 
0.233145000000 0.325204000000 0.294262000000 0.312391000000 
0.298708000000 0.282245000000 0.249978000000 0.267914000000 
0.068369400000 0.469253000000 0.446078000000 0.460848000000 
0.028615500000 0.511125000000 0.492643000000 0.504238000000 
0.140175000000 0.403622000000 0.376259000000 0.393350000000 
0.106405000000 0.432088000000 0.406241000000 0.422629000000 
0.815857000000 0.032379800000 0.019391200000 0.024800300000 
0.645617000000 0.101111000000 0.074192600000 0.085644000000 
0.878840000000 0.013725700000 0.007651600000 0.010696200000 
0.725017000000 0.067723500000 0.045420600000 0.054600500000 
0.027157300000 0.519302000000 0.502662000000 0.513895000000 
0.071864100000 0.463373000000 0.439617000000 0.454454000000 
0.148755000000 0.394968000000 0.367131000000 0.384381000000 
0.313293000000 0.273409000000 0.240733000000 0.259024000000 
0.249228000000 0.313403000000 0.282073000000 0.300223000000 
0.265157000000 0.305414000000 0.273546000000 0.291928000000 
0.192204000000 0.356931000000 0.327089000000 0.345006000000 
0.067301800000 0.471485000000 0.448428000000 0.463135000000 
0.859871000000 0.016553900000 0.009409530000 0.012672300000 
0.210820000000 0.339449000000 0.308926000000 0.326884000000 
0.912564000000 0.003015940000 0.001940940000 0.002929420000 
0.484356000000 0.170488000000 0.138347000000 0.153813000000 
0.080643200000 0.452950000000 0.427815000000 0.443128000000 
0.587427000000 0.120964000000 0.092232800000 0.105086000000 
0.593990000000 0.112499000000 0.082776500000 0.096321500000 
0.101492000000 0.438627000000 0.413275000000 0.429240000000 
0.843317000000 0.024981600000 0.015692900000 0.020740800000 
0.712008000000 0.072543800000 0.049963400000 0.059292500000 
0.037300600000 0.499724000000 0.479552000000 0.491988000000 
0.136804000000 0.412524000000 0.385641000000 0.401743000000 
0.715747000000 0.069983600000 0.047316700000 0.056249800000 
0.141796000000 0.396647000000 0.368743000000 0.385823000000 
0.123718000000 0.412292000000 0.385267000000 0.402028000000 
0.389563000000 0.215462000000 0.179622000000 0.198559000000 
0.317677000000 0.264474000000 0.231903000000 0.249719000000 
0.031668700000 0.504162000000 0.484847000000 0.496723000000 
0.696751000000 0.077747500000 0.054366300000 0.064327900000 
0.884742000000 0.008620470000 0.005356000000 0.007459730000 
0.317092000000 0.266060000000 0.233314000000 0.251118000000 
0.047089100000 0.489440000000 0.468119000000 0.481522000000 
