101.73194100251064 2.0 176.02254132758665 
2.0 7.166235072311666 256.0 
2.0 9.958825904244165 256.0 
2.0 15.364005588619413 256.0 
2.0 73.4080157110871 4.574219443858288 
2.0 192.0 0.7702222736175308 
2.0 106.5 0.814508792420412 
2.0 32.29454665083868 15.632851016940094 
2.214891987551453 42.80523700626149 6.478223141705273 
2.0 11.95870473147015 9.09381075740077 
2.0 91.64258119699937 4.044560200617488 
2.1146222692872074 61.22593020044174 6.047227064867824 
2.0 21.896659921493878 13.50521200018091 
2.1842031334465943 85.27572350443987 3.4321071448505966 
2.059205808074554 42.13552445663066 14.069591649131361 
2.001065732185973 97.0 1.0627358748879143 
2.0 30.522535777801913 32.33250469121197 
2.4031909626361703 59.59354160117934 0.00911637625520978 
2.0002792141964574 112.59011117758033 1.6367503777716017 
2.172966002610751 88.81401275701067 3.591660734315308 
3.308141953910455 2.0 2.3374488907300535 
2.297635794135525 58.03135883389822 16.301255349796477 
2.0 97.0 0.08620350554179623 
2.00041560969646 89.92397075086274 1.345957225527544 
2.029875165536678 72.60869940213233 0.9756018438557411 
2.4440150745223814 83.56386110131069 2.3127793831266907 
2.001678230819562 64.4116913581185 8.32044314275922 
2.23748431756641 65.41373277253764 3.645071142639562 
2.265182503105864 98.28817648281287 0.6968961401973961 
2.4532704103309415 58.68166288095289 6.533950000078771 
2.0263767458242588 111.32276557203971 1.4441471217245534 
2.0 46.42855460016142 4.252388024668575 
2.1341525466062548 182.12836441994162 0.2098326655409286 
2.20101558554357 72.49119916193685 3.0408379114360837 
2.2061618636454483 73.63386720656499 2.943969356897437 
2.1551783603514325 2.0 1.9792001629285494 
2.1647600550627395 40.95342241818622 2.3247432862921644 
2.0020964330500566 94.05990043786719 3.839815943189765 
2.9467488830788477 2.5584779257789947 5.132092260904146 
2.0 94.27167063720479 1.955224281578289 
2.025015560865272 27.004843890516916 8.631649049490893 
2.0884462990381647 67.39911579472397 1.4806017712876427 
2.0 57.10483542308723 0.7917258852599258 
2.152434720754177 2.0 1.6910439304326474 
2.170397099173634 40.97657905159928 2.4535322491002187 
2.267767012943922 20.321368218136726 1.4475485697856119 
2.199166637776989 92.06027304387848 1.1925548513098492 
2.108886755558436 90.52587930087698 1.752994670473443 
2.0 65.35172557058088 8.297479503051706 
2.0 35.532443355538064 5.4215789936930765 
2.0 92.9983528637613 0.05410738812567195 
2.381293113894958 58.70181845195469 1.5417806056709102 
2.4250706696837945 51.68731077405762 1.4636494136982918 
2.0 39.32095519905521 19.159152640460384 
3.4683210009138814 10.35466905684339 6.091135157463873 
2.0 88.06492195613167 2.4297036390939404 
2.0 92.32142257595353 4.521724971844081 
2.0 19.63885708065751 10.51993016723614 
2.0 74.97014541038352 5.307262639231225 
3.241404295364905 9.708280314400703 2.2986917421643343 
2.0 65.39136317942797 3.3276035883611406 
2.416087320661024 53.34313604574038 2.772725249059469 
2.2775160039485485 54.64839968842676 7.505257537074474 
2.0219026237791087 18.879723556452596 14.045263554275628 
2.015789415082528 82.54387153997197 4.930974182973206 
2.0662401595360476 76.16578505505242 5.7526035171936964 
2.0 63.20342895003577 0.43384862729020135 
2.408716227973418 73.75747873403132 1.1307933450240544 
2.2999289802002645 24.929815731497673 0.25631873521824106 
2.252586733082865 15.89654610155766 0.8567701071088907 
2.267701313335019 7.067987223513825 22.414518040475023 
2.0 23.999627116275974 7.3146149444788655 
2.0381364522279304 91.59501587859147 4.754943452872297 
2.002478569709088 94.21800120730492 2.741262402793481 
2.2144013076070364 68.86515609080044 3.191210008373683 
2.0 80.5661102804818 3.149060964430806 
2.0 73.50464093829967 3.884210012536397 
2.2270017845781735 54.5258384543594 7.617335084819512 
2.2790735180452595 35.37221930045174 0.3148541488538285 
2.3488385255666047 59.70103668355613 3.5845768668926934 
2.389676404597586 2.0 0.12340557307740418 
2.1607537540097344 27.900585280182085 1.645227325469186 
3.0075704548082363 6.096818650036972 6.433525463923153 
2.2266432870676263 16.573072264512888 1.2610586154398495 
2.2642071205819803 2.0 1.1890357574791792 
2.0377645645678957 53.34762581174168 6.037550717462459 
2.5925400404641876 53.43773161766885 0.004493290987878318 
2.0 27.209117364788597 0.9020200809987015 
2.0 26.588120665994154 11.221028406930888 
8.694639341190909 2.0 5.14270106674562 
2.319751545426253 6.665083892622879 0.8930906679438642 
2.0 56.17791097770083 4.827944386903273 
2.0 56.85978548870634 5.171415750779069 
2.251224193257106 2.0 1.9768589356749953 
2.1511605676334042 44.632847736220555 2.5968836149607957 
2.0 20.830133945300286 12.298478395788667 
2.1961912831556822 91.29323234735031 0.8214239157025922 
2.288660345736691 33.41107948105298 0.04262082049980087 
2.0344240891904692 38.559887421927485 2.5949047827509055 
2.186473034033093 27.34117385706545 9.511490125018344 
