2.0 23.479187572020138 175.47460564579023 
89.44093611302553 2.0 174.14241014669514 
2.0 2.0 1.1685487473617027 
2.002747796373702 58.77864080824343 0.49233844033017665 
2.0 2.0 0.9434866447076984 
2.0046799404328475 11.480052367119594 6.1569110339112605 
2.0 2.0 1.6475321946658426 
2.00135174497058 5.926133585447364 3.647894252366647 
2.0 4.80445792978081 2.179755694032015 
2.050081740432231 4.151321196490201 2.000215246370432 
2.0481393621418453 3.5049939498542364 1.963633128100175 
2.0448864702063925 8.715601762450046 10.83389608211937 
2.0 2.311678950750734 1.4663287947709458 
2.0 8.853625718292331 5.585402250491526 
2.0607523485349915 25.161862120248074 0.07748121789324133 
2.0 16.83573286076221 17.81096481214994 
2.0005614783863206 11.033334584364788 6.757331549700513 
2.0 2.0 1.5569685092073322 
2.1360854302252323 97.0 0.7434882735979559 
2.2637324541490984 18.33260224787836 13.490020259760682 
2.316887472812791 10.380154197738058 3.538790701460549 
2.000342773786592 7.739388058879589 4.461396504847358 
2.1484297158715826 6.261705344014906 1.8413261602630668 
2.0 2.0 0.7125384949226264 
2.193461321661296 111.77548079265453 0.3663289778520568 
2.0160969062673444 22.08949252061564 14.900973089739022 
2.0001184194667267 2.626145783129982 3.5688483155311648 
2.0 49.45373725048707 0.45821104715858785 
2.0 161.45620400654713 0.3175133696583699 
2.1317986708903254 11.274949331263054 5.459400728703067 
2.0496654178681735 8.838888873213401 7.0907630367401895 
2.0 2.0 0.9790748241974823 
2.0131507072089967 4.9674956468266895 2.6486513446217694 
2.0638759941147806 3.398942636551313 2.188814565595131 
2.2803236670068627 5.751044165620343 3.3313657472048614 
2.0 6.162558226388749 2.9050694279987375 
2.0014077489052196 16.911142984069954 11.3251575134299 
2.0 2.0 1.5202966454836608 
2.102896657608505 34.80014817478099 0.3362628751334178 
2.0 5.118820460594622 2.449353439451829 
2.015326951589202 4.470566515643105 2.656686467464639 
2.0 2.0 1.401766110825504 
2.2019489535166294 14.115565724109656 0.8258652131257925 
2.1636519788914486 11.135796131646767 5.141012316494615 
2.001590672806316 6.075529508595277 2.3224144972358305 
2.0001829652179874 3.696714525136022 2.0756546612162383 
2.0 2.0 1.696387411219624 
2.3578082402882092 2.394838543877284 1.1062345992953682 
2.0 3.7451661144483825 3.1800062152111694 
2.1123228519378303 5.288661159540243 2.0769874251452793 
2.325978930252463 8.553286609157666 3.0324623092369722 
2.0 2.0 1.6091919816015943 
2.064026326713831 3.495027738532275 2.251476870355758 
2.0009471879048015 20.532413086347987 21.593369942425294 
2.353752436767926 2.5576244392305902 1.2113989534240954 
2.0 5.760356385651003 1.8771895290017788 
2.0211418239347445 4.691281349651199 1.9334067638164196 
2.0251431617773497 3.30664931632258 3.8477597901716853 
2.0642825218638676 32.53671921668911 0.22930440347075057 
2.2038352943156636 6.301888533206267 2.763024662087112 
2.0 2.0 0.8556532355316104 
2.2924498077304216 5.5014742727390775 3.157333460995735 
2.00041002298753 7.814422801286208 4.391712113860622 
2.006048722323156 20.684856417786815 4.153368315535541 
2.009241316804991 9.268232578633825 2.190321049541741 
2.0 2.0 1.8651362434791383 
2.030247164979973 2.0 1.5023447685115299 
2.27823941325818 6.397835680911721 3.0372016461940223 
2.014023244107211 69.40604869147171 0.2865114133236101 
2.0 8.279402245326194 4.737533023722241 
2.0025126746135307 7.587479131836792 4.837220516456504 
2.1656620088207243 15.011057863537687 7.504134029344371 
2.0329559356727094 2.747805287330549 3.9527521509937387 
2.110049580963351 2.0 1.3257585781491876 
2.013236828301946 7.86277058810234 4.577985845023499 
2.1763728745980426 15.562032876127411 7.969599619403345 
2.086939424736756 2.485076092831803 1.737106741888534 
2.046361903197672 6.831468814575892 2.596292909736206 
2.1867033886031155 3.0312928462978217 1.003637189166222 
2.0006657020068817 2.9897120651289537 0.8893337611251281 
2.065048540143865 11.142657952363628 8.030734233800276 
2.3010433996073374 2.0 1.1306406149614912 
2.0 2.5273789565946743 1.380853673760368 
2.006427124003077 4.800849170597048 4.975927218473912 
2.0670632086472684 2.920889152379359 1.2771438767981007 
2.0071620900774185 9.49615603482803 6.409871363741976 
2.000940942512476 3.514413609646578 2.379085254963361 
2.2746216297175907 6.664855335468339 4.00203867414867 
2.1184414969577 3.969042895752467 3.4548872153762833 
2.6857502547352667 2.8019325818064678 1.3290147713690028 
2.0 2.0 0.03798894445824552 
2.0115956831139465 14.437476541057547 9.572750891022121 
2.0 5.48382540223481 2.5536991849760566 
2.0 6.815339464412891 2.911860064493181 
2.7108932338967975 172.12427929208127 0.7716667806408113 
2.0 3.1491544573870094 1.0529365619702158 
2.0171902056257363 5.607258321922365 3.3888907808723636 
2.215247994347385 5.912945785190539 3.1119141342763297 
2.0 8.510782121921373 8.504363112178734 
2.052014234421987 3.2134641285928596 1.2534576578991898 
