0.019449700000 0.107473000000 0.109110000000 0.125361000000 
0.010980100000 0.135198000000 0.141025000000 0.157832000000 
0.014198300000 0.126579000000 0.128559000000 0.144683000000 
0.007669930000 0.165649000000 0.172203000000 0.189741000000 
0.007178310000 0.208367000000 0.213476000000 0.232184000000 
0.008844380000 0.159250000000 0.166172000000 0.183891000000 
0.010165200000 0.153310000000 0.158709000000 0.176018000000 
0.007481100000 0.173516000000 0.180084000000 0.197504000000 
0.014720900000 0.118567000000 0.118954000000 0.134794000000 
0.010940100000 0.147479000000 0.153418000000 0.170702000000 
0.007628920000 0.171558000000 0.178314000000 0.196150000000 
0.009511950000 0.155602000000 0.161835000000 0.178912000000 
0.116057000000 0.015626500000 0.015520700000 0.017752000000 
0.007282730000 0.178248000000 0.184573000000 0.202036000000 
0.050614400000 0.091404100000 0.090794500000 0.101799000000 
0.069393600000 0.061340600000 0.061749700000 0.070177400000 
0.009556290000 0.155533000000 0.161752000000 0.178810000000 
0.162554000000 0.005678810000 0.006166830000 0.008329560000 
0.014256500000 0.124799000000 0.127474000000 0.144425000000 
0.160164000000 0.009389370000 0.010076900000 0.013191000000 
0.007213120000 0.178417000000 0.185008000000 0.202529000000 
0.078784500000 0.035161600000 0.035638100000 0.041319900000 
0.061071400000 0.063088500000 0.063092800000 0.070909600000 
