2.0 2.0 151.21759106431273 
2.0 6.259593573343442 237.37819581381777 
2.0 4.260828289479173 169.00103285419095 
2.0 14.769133963495364 206.83100489330502 
51.27463846064402 2.0 256.0 
2.0 12.971889046734418 128.0 
2.0 9.337949618162064 231.6310028598698 
2.0 23.432803175311427 214.37100002904072 
2.0 3.377585229620899 128.0 
2.073534952233257 8.446647615606873 140.63656718469423 
2.150425856659992 20.9001227411519 256.0 
2.0 10.977493945953256 100.36075216927664 
2.0 118.71509360189269 0.6845685872896468 
2.0 30.757510900353125 14.084896023752464 
2.061521089516921 132.7093751521618 1.7917620531878704 
2.025405413174635 97.0 1.3108756907395258 
2.0175330551543906 11.190783534185883 13.430929836915137 
2.0 90.69650838476298 0.04017748829247125 
2.0 5.649612458223412 4.1793763145149025 
2.0078788863236925 97.0 0.18418207817958912 
2.000054777897418 30.08631337999003 15.858673719167314 
2.033506069596977 52.51531116640709 1.0999194098133944 
2.2145818285583685 130.79998672536541 1.3569422669335438 
