2.764381427298078 9.868413340876254 256.0 
6.340734115030218 2.0 0.0 
3.6917330538751942 4.854380020668806 256.0 
3.557217876440632 10.119845398720882 0.0 
3.758100587913862 2.0 0.538323284962938 
2.603036190227031 5.814147190516854 0.0 
3.8897451378065178 5.201270899499131 8.147256223802323 
5.185672805764564 2.055956911060557 1.1587257804987536 
4.9405525405657515 2.2531228829340075 1.0563156647321084 
2.0 2.1706728516821734 0.7519887913633646 
3.1021774603436754 2.2349122967056587 0.8483481925205181 
5.219687595677194 2.0 2.3047400216158525 
2.9568667362158587 8.19026605027187 5.143433619194665 
3.2500848845167827 2.229351014250701 0.7663171729888767 
4.62556134562575 2.0128472046277737 1.2339617391931963 
3.7851157547138046 5.251718555258719 7.541471535154387 
5.124492618604641 2.0 1.5464341634140624 
4.74417027792156 2.0 1.1762014191477874 
5.003730142540814 2.0957673926140106 1.4035796557269276 
3.4900960522913187 2.076672963053804 1.1080948042354226 
4.649165632208052 2.0 1.4317565473706664 
2.3525302830917316 2.008372138477151 1.2867827319640166 
6.197295020636264 2.0 3.2775602797348116 
6.3489555218485885 2.0 3.0341312814368826 
5.397182990192835 2.351604016900409 1.6455092593583587 
5.080902795647445 2.0 0.9550962564158096 
4.980245897262886 2.008204980048248 1.5007559650217912 
5.910439055949596 2.0 3.94744809303345 
5.431883706230597 2.0 1.5282232612648095 
5.482097640520572 2.4003518243074584 2.1389435407062534 
4.11880636810925 7.600325601576298 8.08992058205957 
3.016291706839935 2.27118197083028 0.8715833400746895 
6.074660933900982 2.0358346575500725 4.539861408163397 
5.6804392802697175 2.201359677738829 3.1792036228983176 
4.619352222644516 2.0 1.3395226709178267 
5.304214981311318 2.011085274692718 1.4762773800264832 
6.3874512231608565 2.055338700647536 7.142235514333396 
7.8335408321688655 2.0 0.3321780738712997 
5.293129491691991 2.1359503185031623 2.23527854513817 
6.037159715421231 2.034021523708875 4.253343708303952 
6.036424292812703 2.3912676374066657 5.37489752150818 
4.567304556984007 2.0911859995056954 2.0882594981154985 
2.0275455177585298 2.005052328290871 0.04983377462341547 
5.505595260017068 2.0495894884857737 3.7176669077838076 
2.548770166986289 2.2932956327294405 0.6395860894834493 
3.1247769859119088 2.053963153501419 0.8281133378459096 
3.8377971091698058 2.101067534254909 0.6653648471316105 
6.001264803709868 2.0528277013884573 5.8429458086546795 
4.850210070288177 2.3517542020051425 0.45225576647477317 
5.3354017731320456 2.0 0.48929332074737203 
5.191893795079588 2.3998139778647793 2.778743617452535 
3.7449932677266435 2.0 0.9235745799653492 
5.061013729975466 2.0042146285357254 1.3036171616500019 
5.327544550484412 2.0305194064943417 1.013851153136482 
5.276203715469372 2.2855654945527624 1.8394997565943825 
5.822089692740249 2.0 3.41216260243389 
2.707078891394506 8.446767944096427 5.434298566213474 
5.428561982970337 2.028753080522693 0.9977674206995581 
5.866150585868826 2.084438944488696 6.391471695700283 
5.113096099766435 2.0 1.6901273642146435 
4.085873869120496 2.0200816505551527 1.9455652554713452 
4.827055316049918 2.0 1.1146248311416582 
4.531688650927483 2.0 1.585029157853647 
5.036754748161646 2.025413602067782 1.2057027897359314 
5.123283141860503 2.140780685917385 2.447011133576138 
6.431398194488626 2.0874503602893184 8.446216472170995 
4.611023655765423 2.1190561023863936 2.4032527743736494 
5.303685303270405 2.149926790178823 2.208601667750975 
6.016952616435619 2.411133560449431 5.13331223140571 
4.31816095264515 2.0 0.9398009027501849 
4.08356755547806 2.0 1.051556393385666 
4.541184899942248 2.0066278930155113 1.5994051020479396 
5.4195535152295635 2.217046390989293 1.9615179256254993 
4.7158896308204445 2.1417804516059693 0.2592016671329053 
5.469341555284446 2.1297993142815512 2.364937299283403 
4.583708652853753 2.0 0.6982467744455887 
5.1768582284889275 2.2113381331956523 1.7870022527749352 
4.933668699300516 2.2042905146532017 0.5566352010215123 
5.052624895416547 2.0 2.554425885671916 
6.397572977790098 2.018489112402534 2.902417690347592 
5.480554896906752 2.3655485549557933 1.7339401475304523 
5.239738763093084 2.0 0.883557480436933 
4.799390895230279 2.00810265489478 1.7685205922688478 
4.912578372352433 2.0 0.789687444656443 
5.247390250581425 2.0228083450422094 2.629236571900091 
4.89678195176247 2.2276212572728014 2.843531462780801 
6.433264833112226 2.1801512086814947 3.6002761770693636 
2.0 2.0 0.6158819232001509 
5.255487627862756 2.0623580103553483 2.0066765924439487 
7.61846314371309 2.1370242633158605 1.3270952356528007 
5.89184642407508 2.341110481781482 4.8348887118168395 
5.753002770111083 2.0 0.38669962983686545 
5.18526030654266 2.0 2.6883388739968828 
5.127364953181299 2.2089285604607185 1.3621689208358034 
5.668248007759659 2.07728244741556 3.0635509482628502 
5.163969149280138 2.342993832544854 2.514412860602354 
5.070609268655152 2.027894852973939 1.863881357858249 
2.0 3.1315648318244578 0.19697171517733958 
3.6446432639053494 4.601221678283609 6.303800624998307 
6.064425906943553 2.016116361743037 4.0741956445139555 
