0.011155600000 0.488588000000 0.441086000000 0.428741000000 
0.013936500000 0.446118000000 0.395299000000 0.382450000000 
0.024524700000 0.360668000000 0.306641000000 0.293184000000 
0.020934600000 0.377467000000 0.323357000000 0.309562000000 
0.099894500000 0.201515000000 0.154927000000 0.146540000000 
0.020293200000 0.380785000000 0.326706000000 0.312806000000 
0.012414500000 0.478730000000 0.430574000000 0.417943000000 
0.252402000000 0.071421700000 0.046229300000 0.044183800000 
0.323812000000 0.039891100000 0.024414500000 0.023343200000 
0.149281000000 0.143467000000 0.103709000000 0.098005600000 
0.448916000000 0.003725050000 0.001898300000 0.001843990000 
0.279155000000 0.055967700000 0.034866300000 0.033500300000 
0.057990600000 0.260092000000 0.208720000000 0.198031000000 
0.368927000000 0.024372500000 0.013437200000 0.013263100000 
0.025643800000 0.352664000000 0.299019000000 0.285710000000 
0.289065000000 0.052866600000 0.032675100000 0.031445000000 
0.011660100000 0.485208000000 0.436858000000 0.424425000000 
0.012502200000 0.452105000000 0.401624000000 0.389073000000 
0.084928000000 0.215901000000 0.167677000000 0.158675000000 
0.061066600000 0.253869000000 0.202815000000 0.192377000000 
0.266653000000 0.068533000000 0.044623300000 0.042276900000 
0.045153600000 0.294790000000 0.241860000000 0.230040000000 
0.209150000000 0.098847900000 0.067316700000 0.063925600000 
0.273446000000 0.059862400000 0.037666100000 0.036159100000 
0.191155000000 0.109144000000 0.078012400000 0.073058000000 
0.183383000000 0.117218000000 0.082049600000 0.077719300000 
0.133704000000 0.160239000000 0.118191000000 0.111765000000 
0.157441000000 0.138165000000 0.099224800000 0.093849400000 
0.019064900000 0.421648000000 0.369623000000 0.354537000000 
0.418707000000 0.009570780000 0.004834120000 0.004848340000 
0.138044000000 0.154576000000 0.116007000000 0.108287000000 
0.021003700000 0.367406000000 0.313433000000 0.299750000000 
0.231345000000 0.085368000000 0.056801600000 0.054095700000 
0.408805000000 0.012578100000 0.006807580000 0.006568090000 
0.219610000000 0.089321100000 0.059895800000 0.056966600000 
0.031398300000 0.341371000000 0.288037000000 0.274837000000 
0.062772800000 0.248636000000 0.198281000000 0.187789000000 
0.036599200000 0.316309000000 0.264004000000 0.251112000000 
0.165197000000 0.133770000000 0.095585800000 0.090408800000 
0.130883000000 0.162199000000 0.122647000000 0.114417000000 
0.177691000000 0.122563000000 0.086386100000 0.081795200000 
0.040144000000 0.302947000000 0.250864000000 0.238439000000 
0.399553000000 0.014839900000 0.007764940000 0.007762140000 
0.046792500000 0.275862000000 0.224449000000 0.212927000000 
0.112497000000 0.189702000000 0.144281000000 0.136334000000 
0.015853400000 0.440824000000 0.389965000000 0.376985000000 
0.045162200000 0.286210000000 0.233475000000 0.221810000000 
0.143748000000 0.149415000000 0.108744000000 0.102741000000 
0.267296000000 0.062341300000 0.039551200000 0.037902500000 
0.012403500000 0.478635000000 0.430394000000 0.417977000000 
0.462520000000 0.001785070000 0.000859152000 0.000855102000 
0.090943300000 0.210766000000 0.162737000000 0.153851000000 
0.034698000000 0.323908000000 0.271495000000 0.258420000000 
0.237103000000 0.079971800000 0.056060600000 0.052337300000 
0.033676100000 0.326435000000 0.273971000000 0.260831000000 
0.379167000000 0.022225600000 0.013042000000 0.012404200000 
0.033245600000 0.336878000000 0.283955000000 0.271059000000 
0.388038000000 0.018466900000 0.010358100000 0.009950330000 
0.046310900000 0.280687000000 0.228741000000 0.217062000000 
0.100632000000 0.195684000000 0.149420000000 0.141381000000 
0.093757200000 0.205634000000 0.158067000000 0.149361000000 
0.349910000000 0.029827000000 0.016925100000 0.016581400000 
0.079927400000 0.220460000000 0.171878000000 0.162668000000 
0.048710800000 0.263402000000 0.212390000000 0.201279000000 
0.247866000000 0.073541500000 0.049634200000 0.046862800000 
0.023020700000 0.364119000000 0.310338000000 0.296695000000 
0.028076200000 0.347294000000 0.293861000000 0.280519000000 
0.305470000000 0.046441900000 0.028151000000 0.027151100000 
0.038436400000 0.308139000000 0.255675000000 0.243226000000 
0.141321000000 0.153678000000 0.112318000000 0.106105000000 
0.259489000000 0.067982800000 0.045374500000 0.042966900000 
0.310192000000 0.044111500000 0.026491700000 0.025623300000 
0.206676000000 0.104283000000 0.072040500000 0.068078100000 
0.302106000000 0.052471700000 0.033392300000 0.031631300000 
0.213835000000 0.095419400000 0.064613200000 0.061408900000 
0.186129000000 0.113035000000 0.081174800000 0.076009700000 
0.017556700000 0.426199000000 0.374563000000 0.359741000000 
0.328387000000 0.035425800000 0.020597000000 0.020073100000 
0.076656300000 0.225095000000 0.176149000000 0.166711000000 
0.118945000000 0.178993000000 0.134378000000 0.126740000000 
0.017329700000 0.434988000000 0.383709000000 0.369335000000 
0.071854600000 0.229896000000 0.180624000000 0.170992000000 
0.200224000000 0.106685000000 0.073588700000 0.069771700000 
0.338757000000 0.032262800000 0.018515100000 0.018099500000 
0.019671900000 0.385221000000 0.331140000000 0.317149000000 
0.122217000000 0.174541000000 0.130914000000 0.123800000000 
0.105855000000 0.193159000000 0.147104000000 0.139203000000 
0.439264000000 0.005088440000 0.002458890000 0.002481470000 
0.174562000000 0.124284000000 0.087739200000 0.083067100000 
0.068585400000 0.239554000000 0.189366000000 0.179209000000 
0.427074000000 0.008102940000 0.004138530000 0.004063910000 
0.360817000000 0.026735500000 0.014948600000 0.014700100000 
0.113390000000 0.183680000000 0.138753000000 0.131243000000 
0.070354000000 0.238238000000 0.188287000000 0.178424000000 
0.128150000000 0.168019000000 0.124860000000 0.117810000000 
0.060205000000 0.256358000000 0.205100000000 0.194505000000 
0.042850500000 0.295119000000 0.242873000000 0.230836000000 
0.478415000000 0.000321300000 0.000192129000 0.000185017000 
0.239294000000 0.077307500000 0.050689800000 0.048381000000 
0.019544600000 0.412249000000 0.360118000000 0.344817000000 
