2.040494793368503 23.47821744002069 128.0 
17.8107929042808 2.6991881349455844 207.89882520760344 
26.54581437566889 2.130562323770623 4.84682031013949 
29.683682272090365 2.0 6.533132259126603 
16.583090713932112 2.4670619854272537 1.9014117108377864 
28.295446342855595 2.0 7.003530360552358 
2.0 18.65087847093417 90.4739398865446 
2.0 2.0 1.0230108788615482 
3.249167692382845 2.20389087407994 0.7201742756130457 
2.0 2.0 1.561227713460735 
16.398859473960876 2.0 0.20213867649010897 
2.0 2.1529358567238814 0.9024588517004157 
14.622098714819673 2.196536092407361 2.5006257923082984 
2.0 2.0 0.6058393690207717 
13.15587439002845 2.085767196487535 4.759438962870519 
2.0 2.0 0.8787992244658064 
2.0 19.79181101231544 0.0 
28.36932469334662 2.8272075042717306 136.52976238380086 
3.6028393908483025 2.0 2.157691639469149 
22.6037855741034 2.0 2.3659069821175436 
4.07170895239592 2.0134008015747593 0.9551760928332089 
29.876071748348675 2.0 2.915219199538675 
2.0 2.066796876948818 1.225636110414813 
2.4386770336903254 2.2717879716762734 0.9324063598290306 
2.0 2.7008406240076552 1.270754343179919 
2.002147275215905 2.013363065144526 1.3636801022516318 
4.222931372283509 2.0 1.6310735654125665 
2.0 2.021198859757222 1.5175279749282735 
18.45576176019059 3.1706222308366225 13.025048257145013 
2.0 2.0094769816112765 0.37440893293565436 
2.0 2.5192442451638835 1.6535585830154433 
17.119977384148427 2.486259281169439 5.762906960255816 
2.0 2.0100682073340224 1.1278240050112123 
10.512970107224982 2.082655367780334 0.37494850378400923 
2.0 2.0 1.157170137355566 
5.836009751170152 2.1675422324801454 4.505014660470837 
4.284908257776866 2.0347082228740305 2.546848975482833 
3.85740239300768 2.1141946742154634 3.7745614768877136 
2.4878047066148543 2.0 1.482258575881833 
2.0 2.9674084137256784 1.7240221479399482 
2.0 2.0 1.400385031066866 
3.667985712350359 2.0 3.4206419649658186 
2.0 2.0 0.47187411210955643 
3.8658775611379266 2.1667334157223497 2.9351865592133093 
12.863759950278133 2.0633211553276505 1.801665813025394 
12.72257610487654 2.56235132677597 0.0 
17.51220481840957 2.2461396570045515 2.795295005627409 
2.133229992028312 2.131038320056644 1.6091073510138816 
2.0 2.0 0.9539286741951154 
2.0 17.513275998455782 84.9216546594922 
2.834578785910874 2.032750241951809 0.15110279299418794 
4.690920976967008 2.0 2.0516511600406915 
3.502154415549934 2.0648361445806147 4.062026303778333 
2.0 4.2998976605344525 1.0106423038200019 
3.53392924703 2.0652417033052766 4.173232453382561 
29.351219963400855 2.0 0.45846785137380897 
6.902792613310635 2.006174940149284 4.201844130335642 
8.21778269854795 2.0 0.46479182382764866 
4.854186776667139 2.1711782488697886 2.910545048132709 
6.40816523040935 2.0 1.9019096093513002 
5.235905904459546 2.2756126700217463 2.0003000164102964 
2.0 2.0 0.6710061518165082 
4.305286828082577 2.047150310493263 2.2172563654455013 
3.9283643036790314 2.4368127834204683 2.7517914727530783 
2.0 2.5345458396285823 0.9754068069230116 
12.546293907874254 2.0 5.796759980082264 
6.347643032974007 2.273849994285856 4.950995319469916 
2.0 2.0 0.8280320639053291 
5.0660714374929645 2.100507755325223 3.429988205574315 
2.4381212204530858 2.051183668723918 1.643960062609281 
2.0 2.540935407182521 0.9272427129553271 
2.059697057253614 2.0044098277639284 0.8026104275811042 
3.679017007868986 2.150706310929355 1.213720429843355 
6.553456142014657 2.052564848997795 0.7894170043409374 
2.4676797491005757 2.413139051265853 1.1979706228373064 
2.013401332374414 2.715840442524229 1.3022960423233911 
25.247366754157277 2.857895825796097 13.277908525739736 
2.0 2.0034906284709555 0.7273224110957254 
3.65378237508476 2.0888416122168425 2.269215135310586 
2.117275636591098 2.151439708233558 1.8618711268033605 
43.051491397565684 3.064711930857527 14.726453548728553 
3.6036257218378784 2.1715059444175435 2.316813595091197 
2.2103453149252625 2.0998627939305203 1.281962917538507 
2.3543168636334 2.0 0.6952524445970512 
26.941117074972553 2.012917573991736 7.938780013240779 
7.241769968987774 2.1708686086719045 1.7068466310196317 
5.996980426928955 2.0103757900902917 1.8740708221452622 
2.0 2.0 0.2690904481159453 
2.0 2.0301682313494145 1.4146623822968465 
5.451483372002343 2.15766156843938 2.3654296318421517 
3.5380920677548753 2.0 0.31364085632817473 
2.0 2.038912802820341 0.6315624498793969 
6.378416283175801 2.0301762842269286 1.802765182335012 
17.07107712242668 2.0 2.233554566978432 
4.682848127325883 2.0161705309753146 1.6843110100258467 
8.068772728014094 2.1243408694442456 2.4947080309412977 
4.857802077339238 2.369919362006392 3.157815633621857 
2.0 2.0086991387965254 0.018158258556412357 
2.0 2.192095172912636 1.0715461887104187 
17.578740125112116 2.9485294681936853 9.912400996572302 
