2.0252330316170233 77.29681162506084 128.0 
3.1858714096370937 19.01922111655366 15.358076029542573 
6.833238236466433 2.0 5.237543412556232 
2.0 42.66252170766912 114.77647573594882 
2.8692868435101038 58.418444985109794 50.943964743881786 
2.4269993180229665 36.08084807472599 16.65835928424555 
11.612697803514001 2.0 9.620955910450348 
2.870522356848818 59.87103110254367 42.071959111233916 
6.771788468791852 2.1398676999538857 5.783225993423972 
15.13615642131082 2.0 7.069681990555143 
28.17236120403354 2.0 1.4520557818530317 
3.349599353834311 91.71237619803368 59.090648789971894 
2.0 32.417663906304625 128.0 
8.0924011371315 2.371587684374347 2.7895617013506273 
2.0 61.21603834176619 35.868253318275656 
16.858898040930168 2.0 4.062756125816421 
2.957443870923948 90.76890828792942 107.09178297141 
2.0 62.58196114004671 21.168791668302113 
15.099731603136998 2.0 5.400736821197123 
9.103692831749454 2.0 4.251821097660428 
27.08150636803581 2.0939196705474865 1.8505642827485413 
21.86208503948965 2.000309877734793 1.7883645178292098 
6.960571511009638 2.0 5.551215067207755 
21.260766865719205 2.0 3.492094369325072 
11.351125735546585 2.0 0.7905827130995673 
9.419840726529484 2.3940228506736476 4.569621430577845 
7.217875791990242 3.2914419325060775 0.27882790772603944 
2.0 2.0145712976217913 0.04176937156255312 
9.213557839605315 2.0 0.44726449831717585 
35.10284523004055 2.0 3.111410343425857 
22.125645115695686 2.0 2.686420181570501 
2.0293545317759762 34.76927162418535 19.23698217232696 
10.46125937121212 2.426849746941456 5.941910902189949 
29.820172789216265 2.0562454342021335 2.5495042987743433 
71.4035970788447 2.0 1.7721475167768252 
26.07143363031192 2.0 1.4739396442819803 
7.489027891154996 2.2708029037217914 3.9538189198863005 
8.594458311559737 2.3763565803398206 3.277611444757612 
5.11902758209088 2.0 0.02559747519792932 
3.0301340389832316 74.06629935737116 83.86870141263225 
39.487943832121886 2.0 0.975248681791038 
7.372925112982998 2.0 0.7426962423918297 
3.3879231332436746 36.63273123561571 96.80783258916753 
17.19865472182628 2.0649846979332516 0.2324655361672165 
2.0 2.0 0.13546749618678877 
22.952139107615714 2.0 0.12633003733661155 
22.74156799108884 2.085277246311799 3.6386398033884997 
15.082696621084231 2.1433526028406757 0.7198344532511975 
2.0 2.588360983947207 0.9643977718412016 
12.825130589128927 2.0 1.0373800219755083 
12.331967859398684 2.3824577815758654 7.754995470404947 
19.108487989754995 2.0 0.6721195521436671 
33.8684809465745 2.3636877825615246 1.100938720505579 
58.75762066541189 2.083092069590756 1.0343447482801094 
14.57489459549102 2.163845401389502 0.8057862565576164 
16.75845728993189 2.0 3.859751530317232 
12.353809561204757 2.0 8.703385541242877 
17.928589634194108 2.2549663405863587 1.3610632166538452 
19.03182623624221 2.2306776565378152 3.746860566565397 
2.0 2.260266485020504 0.22857051874791956 
12.75256464775277 2.3531317853202744 2.8870034812901872 
14.432470670208835 2.038074608605552 1.235084047823479 
16.639939657198592 2.440882827970204 2.766755116987061 
23.97545963379121 2.0 2.349349973192476 
36.330802244662436 2.406810632247327 1.1590186006166772 
14.567067091810848 2.0398217700549903 4.067367047295053 
26.28616473482306 2.3826482646087253 0.5286732208462164 
26.58509668173621 2.0541853692470666 2.17489240253125 
13.072691441358751 2.0000006958187813 1.1445502347555976 
22.189210240139378 2.0080191066391087 1.1944709215232798 
29.083252308552144 2.0 2.0024145614320665 
25.558980369735274 2.0 1.9318377706316112 
29.785115093614746 2.0599970173115167 2.485845691219714 
45.06384073132968 2.477566705336459 1.2564556731757652 
9.063822384198767 2.0 0.981863774662466 
2.0 74.69308635469389 25.33530866487747 
6.712471630983634 2.958206089748496 0.4296288451296306 
18.23049814294608 2.1265559007737784 0.5383135804273069 
12.488675245293859 2.0 4.970409357999607 
56.641794086143676 2.0752351240216185 1.500420897159624 
13.578142442522523 2.0 6.7654372780928576 
21.044381505529977 2.3899748426793828 3.9364607517542836 
2.0 2.362544199310478 0.970079478393431 
17.31440357846333 2.311813028363746 1.4893677357439226 
16.095314268745923 2.76001855622099 0.2568089657658671 
12.875352577965021 2.2050075826743036 2.049616800909992 
19.541931906410856 2.4465179385578257 2.960446402388076 
75.76629313154521 2.0 1.5989206328671368 
11.379911067821963 2.0433518824867156 0.630936966661435 
21.35195215653458 2.4196500635163347 1.9941183088661951 
19.81435658153668 2.6932359961581156 0.32481635199089076 
26.096194455895358 2.0 1.3625243331044097 
10.515639907523784 2.016198179248962 0.5806280222953405 
9.526054892888684 2.013763003696613 4.77656053478823 
15.08234650328666 2.4381828616748193 3.5351154021341733 
2.218333098595403 59.41723717838981 36.21270576084902 
19.1626373736316 2.0 3.399336797635338 
15.102285281212023 2.007372931050407 7.348779321747072 
23.066804240660023 2.0 2.3903930157443436 
6.39100163843849 2.0654334248217143 0.5989438504415614 
