0.032358600000 0.573610000000 0.566661000000 0.578135000000 
0.052131700000 0.369631000000 0.363024000000 0.386202000000 
0.033171700000 0.567843000000 0.559975000000 0.571299000000 
0.032377700000 0.569907000000 0.562478000000 0.573757000000 
0.033229800000 0.552921000000 0.547314000000 0.559929000000 
0.033703800000 0.548498000000 0.542335000000 0.555114000000 
0.052743000000 0.326603000000 0.319859000000 0.334078000000 
0.059574600000 0.268710000000 0.262846000000 0.275327000000 
0.050822700000 0.382789000000 0.377691000000 0.401058000000 
0.049345500000 0.401870000000 0.396379000000 0.414939000000 
0.250026000000 0.083597900000 0.080846400000 0.090168300000 
0.035666900000 0.431372000000 0.426678000000 0.449769000000 
0.037945700000 0.424564000000 0.419463000000 0.442710000000 
0.049597300000 0.397669000000 0.390641000000 0.415974000000 
0.032112100000 0.573772000000 0.566818000000 0.578295000000 
0.080043300000 0.218442000000 0.213543000000 0.226415000000 
0.467985000000 0.016596000000 0.014732500000 0.016657900000 
0.037281500000 0.428064000000 0.423003000000 0.446145000000 
0.053187400000 0.323229000000 0.316501000000 0.330471000000 
0.055283100000 0.309786000000 0.301839000000 0.316050000000 
0.040525900000 0.421149000000 0.415841000000 0.438408000000 
0.038663400000 0.423935000000 0.418990000000 0.441444000000 
0.049182400000 0.404498000000 0.396819000000 0.420592000000 
0.351243000000 0.046918400000 0.042980200000 0.048145500000 
0.035059500000 0.439914000000 0.435686000000 0.458212000000 
0.618254000000 0.001716390000 0.001345950000 0.001734470000 
0.139184000000 0.147570000000 0.144125000000 0.156381000000 
0.055447100000 0.303824000000 0.297427000000 0.310394000000 
0.046903100000 0.405556000000 0.399659000000 0.421058000000 
0.548647000000 0.005572590000 0.004659660000 0.005334850000 
0.188693000000 0.107063000000 0.103224000000 0.113778000000 
0.085233200000 0.210291000000 0.205602000000 0.218528000000 
0.154193000000 0.128612000000 0.124504000000 0.136093000000 
0.163779000000 0.125451000000 0.120513000000 0.131543000000 
0.059297600000 0.292469000000 0.286372000000 0.299081000000 
0.108270000000 0.189884000000 0.186440000000 0.199290000000 
0.625387000000 0.001232810000 0.001088750000 0.001389060000 
0.424238000000 0.025486200000 0.023044100000 0.025828000000 
0.053297000000 0.322164000000 0.314974000000 0.329501000000 
0.116323000000 0.162465000000 0.156406000000 0.168427000000 
0.168723000000 0.124649000000 0.120830000000 0.132479000000 
0.077692500000 0.226066000000 0.218625000000 0.231157000000 
0.641909000000 0.000708868000 0.000410846000 0.000494316000 
0.109441000000 0.189435000000 0.185896000000 0.198773000000 
0.282333000000 0.081098300000 0.076986500000 0.085730000000 
0.529017000000 0.007911760000 0.006367930000 0.006836480000 
0.114574000000 0.165252000000 0.159501000000 0.171816000000 
0.119508000000 0.158037000000 0.153749000000 0.166444000000 
0.545699000000 0.007730180000 0.006671100000 0.007863300000 
0.354513000000 0.046095100000 0.042134100000 0.047244300000 
0.378013000000 0.036529400000 0.033461400000 0.037278800000 
0.498037000000 0.012057800000 0.010582000000 0.012000900000 
0.411001000000 0.028194900000 0.025646200000 0.028666100000 
0.445414000000 0.020893000000 0.019096500000 0.022011100000 
0.326882000000 0.050350700000 0.046024200000 0.050474500000 
0.106157000000 0.189896000000 0.185923000000 0.198716000000 
0.588086000000 0.003919670000 0.003135720000 0.003931470000 
0.433172000000 0.022847600000 0.020684800000 0.023192400000 
0.523938000000 0.009059420000 0.007725270000 0.008937270000 
0.109807000000 0.169979000000 0.163624000000 0.175769000000 
0.180913000000 0.122060000000 0.118615000000 0.129782000000 
0.320073000000 0.057357300000 0.055147900000 0.062362400000 
0.440061000000 0.021065800000 0.018917400000 0.021282100000 
0.551770000000 0.005338060000 0.004430800000 0.005079000000 
0.285150000000 0.077973400000 0.072751500000 0.080034800000 
0.066366700000 0.235641000000 0.228937000000 0.242070000000 
0.358030000000 0.045526400000 0.043615500000 0.049715900000 
0.034587900000 0.441271000000 0.437079000000 0.459723000000 
0.437929000000 0.022470200000 0.020084100000 0.023203800000 
0.056849000000 0.293783000000 0.287664000000 0.300408000000 
0.372562000000 0.036247500000 0.033713600000 0.038282100000 
0.204026000000 0.101578000000 0.097169500000 0.107063000000 
0.142609000000 0.141467000000 0.136286000000 0.147935000000 
0.291593000000 0.070566600000 0.065531100000 0.072318700000 
0.485467000000 0.015005100000 0.013457500000 0.015646000000 
0.063153700000 0.249910000000 0.242699000000 0.255683000000 
0.240697000000 0.091909500000 0.089226400000 0.099230900000 
0.592982000000 0.002585200000 0.001925010000 0.002212160000 
0.379816000000 0.034306400000 0.031802300000 0.035818600000 
0.517108000000 0.011891800000 0.010143400000 0.012164300000 
0.053573600000 0.312997000000 0.305587000000 0.319928000000 
0.314259000000 0.062660000000 0.057733400000 0.064363800000 
0.046212700000 0.407839000000 0.402375000000 0.422645000000 
0.185086000000 0.113051000000 0.108172000000 0.118259000000 
0.567735000000 0.004259750000 0.003459420000 0.003965610000 
0.633201000000 0.001432410000 0.001094830000 0.001303500000 
0.055538700000 0.293849000000 0.286513000000 0.299847000000 
0.149414000000 0.132388000000 0.128212000000 0.139952000000 
0.044336300000 0.413654000000 0.408059000000 0.429648000000 
0.160033000000 0.130202000000 0.124870000000 0.135795000000 
0.125283000000 0.150704000000 0.146243000000 0.158588000000 
0.261250000000 0.082196900000 0.076796600000 0.084355300000 
0.615201000000 0.002208940000 0.001861490000 0.002402960000 
0.043468000000 0.416246000000 0.411036000000 0.432008000000 
0.221385000000 0.101164000000 0.098239900000 0.108564000000 
0.042141000000 0.419535000000 0.414091000000 0.437307000000 
0.089577200000 0.197468000000 0.190303000000 0.202716000000 
