3.1181033897829913 44.71058004339032 173.78082087842887 
9.685027022025011 2.0 245.5427488642112 
2.97996217651626 34.629935919118466 159.77409976061517 
2.883513687962016 36.957992256719976 177.1694083351381 
2.0 42.16631923912345 148.48510203505245 
2.0 35.28513655861741 184.8391861928641 
38.902585379585105 2.0 6.464503147330854 
20.696204197822325 2.0 4.096829929885956 
19.84140328428418 2.0 256.0 
27.723826268236216 2.9413699140440848 11.66150353029088 
13.871691553043835 2.432620406300146 1.3356390361427286 
23.372604457556804 2.9214847292910058 19.28334270971715 
14.58736833892413 2.8652868225701376 17.95845138363138 
4.236439059554868 3.1782181953689252 49.03295518357555 
2.8722160040738514 43.161279376670365 196.9512878844487 
14.366454205162139 2.171645590787813 3.025210310878924 
2.0 2.4294793319749592 0.6831346788789965 
18.17851256617476 2.5624484169606743 19.029543517339903 
39.26587990224531 2.0 6.263753982969861 
8.965951680104506 2.05888097225719 6.177357647594277 
17.718614505506878 3.236381644955556 15.676575636265877 
23.606825628663817 2.815161566316411 15.713240834344944 
5.7300381196051235 3.466896093140477 131.86934951856944 
2.0 2.5861085367429872 0.9966436537370833 
63.73548155795305 3.0636748615090386 18.492731807158826 
2.0 2.6086193687366652 0.17148208909514867 
14.953394043892718 2.1321775723654417 1.9946216681287623 
27.587112315472154 2.2489872389418037 5.270159981299465 
13.748492521058742 2.521864285320941 13.194567744988557 
2.0 2.0 0.4638222529021254 
7.040966637466157 2.0 1.6105209806608856 
13.921567287653984 2.292159620729512 2.89914342073961 
6.695039086534245 2.0 1.8316208544369597 
6.043363698167596 2.133617600088406 1.8387936854770806 
30.2411612051128 2.0587238349822368 4.756944862126744 
45.608601749691175 2.182909089506401 2.5452565731019248 
14.052920569644911 2.0229634903389506 0.011226764744370676 
2.0 2.4403044677655354 0.8030405347554052 
17.57377771146678 2.1656844533574207 6.5586867919037 
4.445429802820961 2.0 2.286774901213564 
9.837769806867218 2.135806992540228 1.7649379631248787 
5.7892703084837365 2.4259472169477636 3.331167815727753 
2.0 2.0 0.12666015967098482 
31.345971751044566 2.2078119629210455 2.4640809400646857 
10.674245012503668 2.830184605460489 1.2596727710671294 
3.1353174996700517 2.0926111280174293 0.5067947852291884 
5.505641869341816 2.382533805528908 2.3154407839910784 
10.449142927283908 2.10641479252284 2.159114301422699 
6.99617166760277 2.0911123075202247 0.4021084104257062 
2.135608116374712 2.592349801908217 0.9891480617676685 
2.0 2.0 0.9317530993585028 
2.0 2.4716107581827034 0.6122901524655281 
2.0 2.4312339539918986 0.8353451676235806 
5.573466770250347 2.4444144500330656 0.6609455727571101 
2.7075315442165904 2.3110131722417364 1.0610505841527915 
19.08295092752857 2.099937170561566 2.556523514166479 
2.0 2.541558911474711 0.2964778880305854 
2.0 2.385654798400477 0.7756312840365724 
5.422630932727388 2.147775089680337 0.4867237858647284 
4.071433280260288 2.1572034432495006 2.388153557815768 
12.29829094542517 2.0 1.7337369939250138 
16.991082949291364 2.1275898605394175 1.0749508862709074 
2.0 2.0 0.7457081635700007 
2.237864029507779 2.0617790020717077 0.4619850524703947 
2.0 2.6901870721587584 1.3045086896212537 
7.905598386298427 2.0 3.4794081866687185 
15.264876226458496 2.0 0.9538182642403603 
58.71023614122906 2.679692615347488 19.345592270429965 
2.0 2.522646175230752 0.7097109367468253 
27.72231025538988 2.0 4.874370470077663 
6.015071072262521 2.0953380362329823 0.8683288695126817 
6.167297821455722 2.1738502787938483 1.5768108834966446 
5.6111911690513825 2.358400422665111 2.022844270348831 
2.0 3.0061749524354306 1.2404897335512965 
5.647041673648193 2.0569030512532587 0.5697716946422331 
8.4504951185182 2.0 3.890560436366968 
17.46850837883833 2.181244053188796 1.4061522467208567 
2.0 2.4092000891866814 0.35263471592761864 
4.023446206271396 2.1143464847473257 0.8563349136499308 
5.42466715816946 3.215593915459747 0.45838659825971495 
13.248009049750067 2.4945071432708072 6.2718889611708715 
3.984038287440381 2.8982638543565127 1.1025453186755194 
24.356034085127384 2.6204433288683733 12.68514240398236 
3.5004932580120567 2.0 1.6728591359492877 
2.0 2.199066680853189 0.42436244588036437 
11.099058856807511 2.728928252170455 0.07744874196862028 
11.036942525445415 2.0 5.358588449716036 
7.354633889018181 2.3024248319212886 1.8788998660303762 
17.90164602965361 2.8488559573350836 13.88453009149896 
3.7766395130569217 2.1465386739953636 1.8572540042984493 
7.433365219068062 2.1024871997572463 2.1004434933254847 
2.0 2.649138852321478 1.3507665820717079 
11.447178198546162 2.7228881680674637 0.09021972748877938 
29.839131500761667 3.1467025430720947 13.55570655960297 
18.597440797472373 2.0 1.5061443122558318 
13.303606704454296 3.0958727739827436 17.34161492173445 
4.377338607148407 2.1712430957820983 2.8528957582615986 
