0.011155600000 0.488588000000 0.441086000000 0.428741000000 
0.011728800000 0.479364000000 0.431184000000 0.418749000000 
0.233927000000 0.083721400000 0.055566100000 0.052915800000 
0.011660100000 0.485208000000 0.436858000000 0.424425000000 
0.011813200000 0.479319000000 0.431214000000 0.418567000000 
0.017829900000 0.425993000000 0.374353000000 0.359523000000 
0.018749700000 0.423253000000 0.371509000000 0.356564000000 
0.069092300000 0.241116000000 0.191016000000 0.180970000000 
0.047237400000 0.280131000000 0.228542000000 0.216882000000 
0.045162200000 0.286210000000 0.233475000000 0.221810000000 
0.012502200000 0.452105000000 0.401624000000 0.389073000000 
0.016424700000 0.439128000000 0.387859000000 0.373772000000 
0.338757000000 0.032262800000 0.018515100000 0.018099500000 
0.367805000000 0.024036700000 0.014064700000 0.013424700000 
0.028297900000 0.349459000000 0.295832000000 0.282571000000 
0.019448300000 0.385342000000 0.331317000000 0.317398000000 
0.087402800000 0.209593000000 0.163865000000 0.152533000000 
0.108797000000 0.188399000000 0.142932000000 0.135233000000 
0.096076500000 0.204303000000 0.157237000000 0.148844000000 
0.042937800000 0.296845000000 0.244066000000 0.232088000000 
0.349540000000 0.031578100000 0.018934700000 0.018494700000 
0.139935000000 0.153981000000 0.113017000000 0.106773000000 
0.078797300000 0.227185000000 0.177983000000 0.168459000000 
0.448916000000 0.003725050000 0.001898300000 0.001843990000 
0.093401400000 0.209786000000 0.162159000000 0.153300000000 
0.071708700000 0.235740000000 0.186093000000 0.176302000000 
0.168206000000 0.129918000000 0.092404400000 0.087438700000 
0.103511000000 0.187067000000 0.144000000000 0.133732000000 
0.244785000000 0.075077700000 0.048978600000 0.046752900000 
0.037451700000 0.315473000000 0.262850000000 0.250198000000 
0.438370000000 0.005818160000 0.002966810000 0.002894710000 
0.114800000000 0.180615000000 0.136167000000 0.128760000000 
0.207193000000 0.100149000000 0.068356900000 0.064906500000 
0.073868300000 0.232792000000 0.183024000000 0.173144000000 
0.049651100000 0.271979000000 0.220600000000 0.209193000000 
0.161581000000 0.136005000000 0.097395200000 0.092108300000 
0.154696000000 0.140726000000 0.101392000000 0.095840600000 
0.478517000000 0.000321915000 0.000192399000 0.000185177000 
0.147830000000 0.150584000000 0.109942000000 0.103997000000 
0.039977100000 0.312145000000 0.258965000000 0.246829000000 
0.023871400000 0.362301000000 0.308381000000 0.294786000000 
0.040209800000 0.300987000000 0.248617000000 0.236380000000 
0.036319300000 0.325668000000 0.272853000000 0.259920000000 
0.016501400000 0.430747000000 0.379143000000 0.364462000000 
0.149261000000 0.144054000000 0.104161000000 0.098439600000 
0.100632000000 0.195684000000 0.149420000000 0.141381000000 
0.036807500000 0.320597000000 0.267928000000 0.255126000000 
0.063055000000 0.250805000000 0.199986000000 0.189582000000 
0.224917000000 0.087410400000 0.058401100000 0.055575700000 
0.051580400000 0.268174000000 0.216499000000 0.205667000000 
0.177226000000 0.121886000000 0.088514100000 0.082769200000 
0.205207000000 0.105560000000 0.073220500000 0.069075000000 
0.066338500000 0.245761000000 0.195537000000 0.185517000000 
0.262290000000 0.065239500000 0.041639900000 0.039881800000 
0.293829000000 0.050957700000 0.031296600000 0.030144900000 
0.096957700000 0.198686000000 0.151820000000 0.143439000000 
0.032763500000 0.336892000000 0.283831000000 0.270656000000 
0.127285000000 0.172886000000 0.129102000000 0.122106000000 
0.405124000000 0.013002600000 0.007390630000 0.007253320000 
0.034077200000 0.329827000000 0.276908000000 0.263886000000 
0.218262000000 0.091462200000 0.061538000000 0.058525400000 
0.133510000000 0.162734000000 0.120315000000 0.113520000000 
0.315371000000 0.041247800000 0.024508300000 0.023763300000 
0.308973000000 0.044634700000 0.026879200000 0.025967800000 
0.238581000000 0.079059900000 0.051968200000 0.049593900000 
0.030471800000 0.345948000000 0.292863000000 0.279736000000 
0.122842000000 0.177029000000 0.132627000000 0.125103000000 
0.357986000000 0.027557700000 0.015474700000 0.015194100000 
0.031413600000 0.341994000000 0.288660000000 0.275444000000 
0.387343000000 0.018928300000 0.010675800000 0.010211900000 
0.302227000000 0.048295100000 0.029452500000 0.028382800000 
0.213835000000 0.095419400000 0.064613200000 0.061408900000 
0.171398000000 0.127657000000 0.090571300000 0.085703800000 
0.047847300000 0.277410000000 0.225183000000 0.213964000000 
0.282641000000 0.053987300000 0.033460600000 0.032177800000 
0.021519200000 0.369710000000 0.315635000000 0.301955000000 
0.061121500000 0.255882000000 0.204680000000 0.194119000000 
0.020386700000 0.377281000000 0.323204000000 0.309411000000 
0.025884600000 0.354661000000 0.301139000000 0.287554000000 
0.324780000000 0.036648700000 0.021404000000 0.020833100000 
0.200461000000 0.108639000000 0.075666500000 0.071352600000 
0.053512100000 0.257168000000 0.206386000000 0.195563000000 
0.414648000000 0.011362400000 0.006107530000 0.005885750000 
0.015921600000 0.442956000000 0.391765000000 0.378129000000 
0.129899000000 0.166814000000 0.123810000000 0.117107000000 
0.014166400000 0.446653000000 0.395902000000 0.383067000000 
0.255556000000 0.069393600000 0.044706300000 0.042782900000 
0.192945000000 0.110793000000 0.076839800000 0.072831900000 
0.045153600000 0.294790000000 0.241860000000 0.230040000000 
0.276072000000 0.058544400000 0.036754900000 0.035303900000 
0.184680000000 0.113746000000 0.079219300000 0.075070100000 
0.268620000000 0.061175300000 0.038663500000 0.037090800000 
0.377979000000 0.021178800000 0.011533000000 0.011427000000 
0.461959000000 0.003065940000 0.001832760000 0.001757600000 
0.426932000000 0.007432390000 0.003702170000 0.003710040000 
0.019784000000 0.384421000000 0.330400000000 0.316512000000 
0.398226000000 0.015923400000 0.008859570000 0.008564590000 
0.080206400000 0.223078000000 0.174041000000 0.164607000000 
0.180807000000 0.119157000000 0.083615200000 0.079188600000 
0.085760600000 0.219637000000 0.173486000000 0.162167000000 
