2.0 22.7261064510297 250.95518632034705 
2.116213703016224 18.254756460522973 151.58665265790134 
2.0 2.0 1.1189827027275783 
2.0295796515961877 19.91474113391832 185.17220267699656 
2.0 18.943060086238333 0.0 
25.20280523895508 2.8704064330188936 13.136565581096903 
24.67357269904532 3.2176328161776597 12.07845652398564 
28.573625400585684 2.2644142405797347 2.2800024090651565 
4.057085362101628 2.176629270089029 2.9990953016413098 
18.088219523514223 2.0202624754124847 2.807886434819843 
27.986688060720606 3.0945340136516575 53.95333199092477 
27.706457391854077 3.2817664878852 19.949266849290396 
2.4766283185443334 2.0 0.6974210971501734 
16.237496752286212 2.0748111056975707 0.5413000120511304 
13.330288547351952 2.0 4.513282797328243 
25.27319063204522 2.2760836139126495 7.989974650515915 
2.0 4.372091077793898 2.062442943430027 
5.551720314706431 2.1232829339771095 1.8468868507664724 
7.426790708519186 2.091156182722219 1.977007100414281 
15.360021311164903 2.1052791539441573 2.993750686304606 
2.4062170606077635 2.5726792566185352 0.5839091733994768 
6.379085325233177 2.1243542874020944 1.542820353296554 
17.922609497154916 2.1880827989812044 2.131942390789545 
16.416096557367464 2.1760715234337793 0.16797485010720736 
7.70263836513885 2.1465077808563544 2.005906531612362 
23.45486845601677 2.1950107986742493 2.204131167089751 
2.0 2.0 1.4550959480528818 
2.0 4.169373709274648 1.852746539185489 
2.0 2.0 1.0485447366602607 
4.992539436383119 2.1954023678057903 3.61949446803571 
13.095249894152875 2.098181100706961 0.24368216182970848 
7.485854074485573 2.056045905466883 1.7615462772165102 
2.029135081811027 2.0 1.2352250274686125 
5.43901818745541 2.0 2.2814907629197387 
4.204155642824652 2.288448384325021 2.872086515311592 
2.0 2.162824455182799 1.5025137850524595 
2.0 2.0 1.5387256847957331 
2.0 2.1064967703515807 8.510533740939685E-4 
3.7682540092469345 2.450484292151453 1.5588953252883744 
25.306410588295865 2.0 3.1645883454505785 
18.61631187659484 2.267964071167385 5.230311425874987 
4.83342467600223 2.1748237574961613 3.271016564722964 
4.990331378437325 2.245358218605811 4.001814565581577 
26.36371196611654 2.9461452856108203 15.38906437160765 
2.0 2.0 1.5662948432428987 
5.569704744909425 2.036007456972549 1.8985303631501165 
4.868547764043641 2.2171476708094144 3.7888745451003105 
12.019493475230327 2.079237931345765 2.395291722964701 
2.0 2.0222390703042823 1.1413011425767905 
25.15686768348903 2.1744463703687487 2.581045435827785 
2.080073020585557 2.9529977197266395 1.3788037858964826 
3.044355852584138 2.0234002073692308 1.2363322702031287 
6.986024544224979 2.0032475318704717 2.414295250982429 
2.0 2.0 0.9790425117308701 
2.0 2.0 0.8601907399770404 
4.754397607927932 2.3498561436308223 1.9403663208150108 
4.625336290894964 2.1756368131281354 4.626280748198662 
3.8230054747677618 2.307275461115941 1.729221816858879 
6.582422458421743 2.6198720038456074 0.3258625472533244 
5.470964091163751 2.2480455792302783 4.194887682247915 
2.0 2.0 1.1757983665373297 
4.902189284344012 2.0452936464795517 1.6462591440071126 
2.0 2.0 0.7807666501096944 
2.0 2.0 0.810968974852315 
2.0 2.0107863776966135 1.0816660593606369 
7.074794041302219 2.0 4.745436071441475 
2.0 2.0021405530013707 1.8435071484882097 
2.0 2.3042490740368438 0.6422187759554401 
5.853884403196447 2.2645471098422942 4.550929780764947 
6.5789547474096945 2.198733243004972 0.47512489113019263 
2.0 2.0 0.8422630183241699 
2.0 2.02576870204606 1.2013220381445406 
2.4388746727914237 2.414492910935437 1.4384030925087223 
23.133291509980786 2.2423725899555924 2.663212352445204 
2.0163296133622013 2.0943036910044928 0.8882401208697194 
26.269366858400943 2.143542392179847 5.707827747317543 
26.41194547467144 2.0475923929688022 2.453401822382079 
27.61930478077135 2.1254785904844242 6.523081544887214 
6.250020535729039 2.2411706315716073 5.666925766081208 
2.0 2.0 0.7381819451885802 
3.0284471687943793 2.0116851232161808 1.2633539366730775 
3.997218802126226 2.0 2.66359387428648 
12.089688786910497 2.0 0.3571489820616498 
22.88987943881014 2.7612042248772184 25.673542552655505 
3.6032658648587947 2.0 1.6819600334790858 
19.386707859991674 3.126040053535165 66.93040818147162 
2.0 2.0 1.0085604797944168 
2.458503229181704 2.023119506374932 1.312904162450397 
29.797508777823957 2.0 2.9398020219640055 
2.0 2.060683102303518 0.9219560983837198 
2.080971236589237 2.0 1.3339293159035264 
2.0863598429087884 2.002774577615153 0.9477324707428608 
2.4866057950116107 2.0 0.5666221455091515 
2.0 28.35302118565629 0.030897912314984066 
2.1608109164024616 2.00516654910308 0.3264073580846948 
24.69662062070573 2.0 7.7738028046175325 
2.598252552022619 2.0 0.4579520255535052 
5.421127699485943 2.0 2.1856182131012476 
2.0 2.0 1.3768414278457164 
2.0 2.763599351296039 2.303015099032299 
