2.8207212164951283 30.001134142316243 151.58484649770892 
2.0 42.58340077851112 0.0 
2.7240496465021975 64.11475863999357 256.0 
2.8600335401088843 36.1909543326225 0.0 
2.102748564697649 56.46073432773297 13.071769454873541 
2.0202417946821796 28.575206373192763 8.778984994103467 
2.923441541967885 43.51680740415871 90.1633573328279 
2.7622271788754373 38.912571972395845 34.32608533347803 
2.0 2.0 1.5691320526714776 
2.009702736852201 10.246016021168774 2.984103718720113 
2.348517318822565 11.041528405208467 2.553513228284383 
2.3561266622791566 2.0 0.8788629567700998 
2.0423353479490856 17.06247884737431 2.9567328360623613 
2.0671884437520514 23.424889480557898 5.276032393567032 
2.3665804257833956 56.69811637300746 11.57926208335936 
2.762434520779281 2.0 0.7598623192321687 
2.0198494815892265 2.0 0.358222479799326 
2.0 14.006783621304201 3.4471868811302286 
2.411251444461245 3.20163147141875 1.6920448670455783 
2.425372332505902 2.0 1.0915604007736937 
2.0 2.0 1.1127582957918458 
2.128566292822924 21.212062747060184 3.822074550520451 
2.3004705349527876 2.374137802390417 0.694766341552665 
2.0295250745936513 20.81131207222381 3.04290160154445 
6.7223951886202595 2.0 2.0233495801364123 
2.1268949107893396 13.67653740865905 2.739276669182365 
2.4495676736142005 2.0 0.8525687394898877 
2.456873402005459 14.289445157542533 2.57697443203076 
2.1079692905067224 14.3528855671456 2.791274385650508 
5.025187779278859 2.125236871074553 1.290636847097296 
2.4699393061763337 68.78088192008283 14.830632150065323 
2.1294956118729687 17.23467279174308 3.2814092574767066 
5.793084932078659 2.0 0.7945253862619668 
2.2822158669437966 2.3111866361875983 0.9047330251814655 
3.7560295339973226 2.134334562274225 1.6936422985928588 
2.0 2.0 0.5794058720716702 
2.0 2.0 0.2784800899311315 
4.910737899636834 2.0 0.9019309129752671 
8.157254314920674 2.0 1.3369033142511748 
2.1367618158198227 2.0664770310298484 1.2966023339887165 
6.501257772797277 2.0 0.4578399867085179 
5.81782836038115 2.0 0.49510343803783136 
2.493374750300308 2.0 0.727462649035272 
2.0 20.84939859710089 4.267308613116207 
2.119492314606571 2.0 0.9904527245308001 
2.0 71.61159302368321 19.205327987527305 
3.614458399266517 2.0 1.4152589681281835 
2.4714445974684063 2.0 0.320416394414047 
8.106439005434364 2.062514230289719 2.1290674677277552 
2.0 2.0 1.0577032761929086 
2.0 11.439045510842107 2.361308497187096 
2.0 2.0 0.23289475427634254 
2.0 31.084542936790058 5.396150918181041 
2.0 19.77461954225629 4.00963884757541 
6.625681602392315 2.3210450322886267 1.7395216162277145 
5.039776916017713 2.0 0.5820797639878963 
9.186645760088146 2.0 1.6749984738417538 
2.4002386479423183 3.2239660768401857 1.9958512766134175 
5.3765943793716175 2.0 0.640401422212933 
2.190782803940104 2.0 0.0752854914787533 
2.370533790930851 40.02936567881628 6.683770044219908 
5.509321189984195 2.0 1.9070822575972266 
6.981973753703992 2.214828059702837 1.7762043236826144 
2.131173121801805 14.237289675293168 2.658358865510886 
2.059346066371381 21.40668102229314 3.6249580780890653 
2.135797552847964 17.787894390713987 3.507379908747768 
2.200043510387479 39.642638956086586 9.554941741191664 
2.0 2.3936481171639885 1.4853525289753189 
2.163880049671281 2.062653497706198 0.6451820489295568 
2.2508504617170346 39.50279410650253 6.100356070872551 
2.0 2.6608665509890543 1.6142820452151647 
2.0 75.45623362578935 31.691975401513307 
2.0 2.0 1.2529609469352718 
2.0 2.0 0.4496020694048348 
2.1114442162361073 2.0 1.518956293756763 
4.33784612552709 2.0 1.8704967155328471 
2.0 2.0 0.04344899205400532 
4.591814917660368 2.0 1.5062050471889878 
7.686647302513852 2.0 2.1199745352075143 
2.0 29.386902098998114 4.37895840821251 
2.0 2.0 0.3990245773762917 
2.0248338275105917 2.1945393151677686 1.0416568023058945 
8.210898706648443 2.0022663599681567 2.2807368692034107 
2.0 2.0011579875707035 0.7852181643114027 
4.009937970654013 2.3184641625567988 1.1265241015075418 
2.0 9.915400155463326 3.2292363787354708 
2.779386071851693 2.0 0.40884671745957135 
14.060649983005241 2.0 1.2879688923602082 
4.202409802886386 2.012719998734869 1.1577642571369542 
2.0 40.7024102192313 5.6056642168597435 
2.450270959066379 2.0 1.1378335288604138 
19.649754594357237 2.0803047621769157 0.12611999431534915 
2.0 29.403136167225085 4.825799009817864 
5.0955454388946 2.0 0.9342518181427157 
2.1403067085471266 2.153049990304864 1.2155451014713365 
2.0 40.65000950864855 7.378212088922316 
2.050398639849847 46.7609450594178 10.107186245176933 
6.935330585510769 2.015427512117821 2.402960457030674 
2.0 25.054996327547606 4.614655501897801 
5.858365598908536 2.0 0.8856061292708739 
