0.059171200000 0.325638000000 0.258660000000 0.257761000000 
0.009284020000 0.533534000000 0.487154000000 0.484207000000 
0.430501000000 0.022184900000 0.010601900000 0.010310900000 
0.268064000000 0.109495000000 0.070515300000 0.068518900000 
0.032936100000 0.390297000000 0.330309000000 0.329206000000 
0.017922900000 0.442155000000 0.392838000000 0.390393000000 
0.008334640000 0.536074000000 0.491937000000 0.488937000000 
0.025408300000 0.407154000000 0.350179000000 0.348913000000 
0.027318500000 0.400858000000 0.342679000000 0.341481000000 
0.012468800000 0.484302000000 0.442707000000 0.439266000000 
0.015455700000 0.453229000000 0.406232000000 0.403165000000 
0.064189000000 0.317574000000 0.248851000000 0.248219000000 
0.014848200000 0.455171000000 0.409663000000 0.406600000000 
0.347007000000 0.052865100000 0.027276700000 0.026334000000 
0.012664800000 0.482854000000 0.435924000000 0.432582000000 
0.508413000000 0.004099860000 0.001723830000 0.001739970000 
0.128600000000 0.206970000000 0.145708000000 0.142249000000 
0.019432100000 0.434705000000 0.383837000000 0.381681000000 
0.440954000000 0.019495800000 0.009177760000 0.008934220000 
0.016637800000 0.448933000000 0.399396000000 0.396711000000 
0.317956000000 0.069818000000 0.038494800000 0.037255000000 
0.462258000000 0.013222400000 0.005760320000 0.005629030000 
0.116704000000 0.232785000000 0.166334000000 0.162550000000 
0.013526900000 0.466777000000 0.423797000000 0.420150000000 
0.060805800000 0.321069000000 0.254846000000 0.253744000000 
0.214808000000 0.140053000000 0.093330500000 0.090611900000 
0.244051000000 0.112619000000 0.069061400000 0.066695000000 
0.132725000000 0.206764000000 0.147906000000 0.144191000000 
0.235893000000 0.122602000000 0.075052000000 0.072778400000 
0.405753000000 0.033447500000 0.018085500000 0.017585500000 
0.041099500000 0.359536000000 0.294740000000 0.293856000000 
0.112069000000 0.232140000000 0.170097000000 0.166119000000 
0.253285000000 0.110266000000 0.065374600000 0.063349300000 
0.014305100000 0.461713000000 0.417314000000 0.413772000000 
0.088542900000 0.272540000000 0.202259000000 0.198872000000 
0.170909000000 0.171419000000 0.111491000000 0.108730000000 
0.077850800000 0.292678000000 0.224625000000 0.223664000000 
0.024339700000 0.413997000000 0.358825000000 0.357311000000 
0.019351000000 0.438720000000 0.389098000000 0.386890000000 
0.495486000000 0.006382490000 0.002809270000 0.002775200000 
0.022840000000 0.420195000000 0.366477000000 0.364858000000 
0.186309000000 0.156156000000 0.101937000000 0.098746800000 
0.083261500000 0.287091000000 0.215990000000 0.214811000000 
0.526747000000 0.001769570000 0.000774914000 0.000820890000 
0.103254000000 0.249442000000 0.181077000000 0.177396000000 
0.135714000000 0.197301000000 0.138712000000 0.135085000000 
0.326600000000 0.061127100000 0.032316100000 0.031184900000 
0.021152500000 0.431224000000 0.379555000000 0.377618000000 
0.100802000000 0.263490000000 0.192203000000 0.190947000000 
0.447688000000 0.017444100000 0.007744980000 0.007546010000 
0.141085000000 0.192515000000 0.134675000000 0.131172000000 
0.035231100000 0.377495000000 0.314847000000 0.314224000000 
0.191877000000 0.151063000000 0.097968700000 0.094881400000 
0.068154800000 0.311322000000 0.243277000000 0.242304000000 
0.117677000000 0.225697000000 0.159902000000 0.156165000000 
0.270691000000 0.093759200000 0.053767400000 0.051967900000 
0.079170200000 0.295305000000 0.223864000000 0.222657000000 
0.073982700000 0.300367000000 0.230423000000 0.229532000000 
0.396883000000 0.037051900000 0.020275700000 0.019666100000 
0.012141200000 0.485683000000 0.439506000000 0.436067000000 
0.070451700000 0.303401000000 0.236048000000 0.234769000000 
0.053635600000 0.331119000000 0.264002000000 0.262886000000 
0.050762700000 0.339804000000 0.273082000000 0.272273000000 
0.103614000000 0.237838000000 0.172355000000 0.168710000000 
0.227355000000 0.124118000000 0.075321100000 0.073064900000 
0.012041600000 0.520354000000 0.476813000000 0.472709000000 
0.542531000000 0.000600325000 0.000258910000 0.000352607000 
0.486030000000 0.008699540000 0.003810400000 0.003751360000 
0.102487000000 0.258078000000 0.189835000000 0.186525000000 
0.288678000000 0.080876200000 0.045069900000 0.043546000000 
0.198768000000 0.143921000000 0.093655000000 0.090756700000 
0.421250000000 0.024989300000 0.012730100000 0.012354600000 
0.039849300000 0.364520000000 0.298586000000 0.298028000000 
0.119823000000 0.216744000000 0.155387000000 0.151585000000 
0.335454000000 0.059358300000 0.033314900000 0.032281300000 
0.473048000000 0.010358500000 0.004428970000 0.004337110000 
0.177556000000 0.166767000000 0.107868000000 0.105174000000 
0.034440500000 0.395912000000 0.324357000000 0.325503000000 
0.146797000000 0.186162000000 0.129423000000 0.125935000000 
0.021242600000 0.427229000000 0.374497000000 0.372593000000 
0.013200800000 0.474243000000 0.431612000000 0.427688000000 
0.298922000000 0.074472000000 0.040807800000 0.039405600000 
0.355319000000 0.049238100000 0.025091600000 0.024239900000 
0.215485000000 0.133033000000 0.082053400000 0.079694800000 
0.305207000000 0.073785800000 0.040345500000 0.038945300000 
0.408350000000 0.030688400000 0.014575400000 0.014114700000 
0.011689700000 0.526983000000 0.479840000000 0.476839000000 
0.369584000000 0.044045900000 0.021990000000 0.021253300000 
0.044886100000 0.348798000000 0.282166000000 0.281084000000 
0.154353000000 0.178629000000 0.123084000000 0.119557000000 
0.147429000000 0.190408000000 0.126958000000 0.124173000000 
0.034866800000 0.385810000000 0.314679000000 0.316065000000 
0.094291700000 0.268254000000 0.201270000000 0.200187000000 
0.164170000000 0.171485000000 0.116089000000 0.112973000000 
0.380714000000 0.038868500000 0.019112600000 0.018465600000 
0.043384100000 0.354092000000 0.288930000000 0.288008000000 
0.017513300000 0.447158000000 0.396965000000 0.394432000000 
0.029525300000 0.395263000000 0.335927000000 0.334945000000 
0.047020900000 0.344052000000 0.277244000000 0.276172000000 
0.052970400000 0.332870000000 0.266812000000 0.265755000000 
