2.0 17.244304968099414 2.782629943283581 
2.694699893771864 43.95802880294175 128.0 
3.1976672944760303 2.0 0.42782392124701074 
43.535727259413434 2.0 0.8957313105146387 
2.1841715843202825 40.513448636900364 4.365462011694599 
2.4095276391531755 39.181022523111764 8.408794572789768 
3.214378584923479 58.45011316310381 66.38867979611999 
2.0 29.66155501550724 5.351880095021495 
2.2527589305743367 31.469915192688212 4.9742763673956425 
2.285299276514147 75.17049128445571 31.621963059419485 
2.0316396377932744 46.40410915500257 10.679120926003607 
2.3054843379469188 10.173794153380154 2.689127660108389 
2.0 58.81528833473463 10.934460610661635 
2.4276495899102257 2.0 0.6879790731753275 
2.092493052569045 41.374740654711196 31.696825599015 
2.4363862562084977 2.0 0.21456046121819128 
6.234585453195716 2.0 1.5956996735734899 
2.0 41.606514015535716 7.372925198005671 
2.524477007438556 2.0 0.4074600879226544 
2.0 30.25778000184482 10.228238304111123 
2.5033642909130895 2.0 0.7693244077102883 
2.0 2.0 0.35534228546131885 
3.656165931419358 2.0 1.7695471901254483 
2.0 68.30016854062703 14.867863156144335 
2.0 17.755236798274407 2.7297571910413674 
14.700000000000001 2.0 1.157910493461562 
4.494165686674318 2.0 1.0307172886968519 
9.608326426555776 2.0 1.5662899825779926 
3.0204509319228023 2.0 1.087583899564188 
18.16145998341095 2.4826772974195235 0.46665771776798576 
2.0 17.907929230646516 3.4770803124602025 
9.547969481206724 2.0 1.739066880087455 
2.0 2.0 1.0338604870545751 
2.288383473910872 62.8266216439984 13.011901480551348 
3.6095933585091102 2.0044540587935282 2.064951367327427 
2.0 2.0 1.3922183993980262 
2.224032031141689 10.521384058068254 2.3752334705066236 
2.0 41.67452102954925 5.629059749877437 
2.0 59.44887513092593 7.584448848302183 
2.664578859786617 2.0 0.2520190704641686 
2.0 45.018580758135656 6.0090314711096955 
3.7436106102129942 2.1922565951028252 1.2727536984988768 
2.132435399688893 6.784226183181296 2.2700669942899268 
2.2525564543537384 2.0 0.15134493202316657 
4.3627720535521215 2.3099642409460572 1.8819655730945075 
7.204842788728647 2.009534669715285 1.5409173650146173 
2.3904404479458052 2.153557812564378 0.7417171932224793 
2.0 35.367154002803446 7.223251695593541 
2.7225981784829116 4.125035407919497 1.979890550313778 
2.0 2.0 0.40430468088697336 
7.308709343883769 2.0007664310291506 1.4946626480571499 
2.0484139005381827 20.1168464605097 4.024051102983382 
4.3562236079540355 2.0 1.2498009086626443 
2.3256802717214997 12.022090680076605 2.579774533066488 
3.734642579351762 2.0 1.7089892475962543 
2.0 2.0 0.9411957091746619 
2.0 7.49550853242438 2.3592825316121644 
2.0 8.156901539460133 2.440962613740706 
19.311214679813435 2.234663583455429 0.4994182721328251 
2.3912743318029084 42.60415727350541 49.18012570197743 
2.0 12.576634577305127 2.5073440169017527 
2.3921209406986286 13.337107015835667 2.906701369113969 
2.0 17.055783473886095 2.9973498860815226 
6.3202543366142505 2.0 1.792765396616062 
2.0 2.176766658664341 1.1107890426988722 
3.3925778398312594 60.78223576348591 28.774751125835667 
2.0 2.0 0.058536482114339705 
3.4707958401122836 2.164377462314186 0.28364906378548127 
5.129682222524547 2.415663967570742 1.9336786972100461 
2.003835841830424 2.0 0.8622466121946744 
4.882248968729272 2.0 1.1916583509168264 
4.658233443137789 2.0604650732171903 0.4385096766465126 
2.0 13.510329350228652 3.6034084534887763 
6.9995488294904264 2.1525300639686153 1.6504949164364717 
5.324064118587968 2.0 0.683493606423148 
2.067481437117273 2.2081515116416863 0.3193210108796728 
2.2619168745558866 2.40181223132382 1.359996642566784 
4.6069418604431505 2.0 4.196355526657988 
7.264515684108774 2.0 1.4570775047281714 
2.0 41.22925122309755 6.615748672932358 
2.0673775633345643 55.27700309181257 20.826156240755836 
2.0 2.0 0.8251675852352682 
2.224188616914521 2.2786494592624638 0.663649154746904 
2.0 2.0149327777076125 1.1615690117933815 
2.0 2.0 0.8201182495493251 
2.0 2.0 0.529051988173938 
3.3602012360284146 42.06606744457284 37.07226494342693 
2.3647221208437257 2.0859394021637385 0.6292128962203033 
2.153312199959292 13.316812819713169 3.2444946022218426 
8.424323561096537 2.0 1.3965547106979677 
2.0 2.0 1.5180785053430177 
3.6493640074828195 2.2111816071669605 3.871209089219466 
2.0 10.685854051264418 2.112801129071152 
6.436791343797617 2.014811235527932 1.3693021574135862 
2.0 2.0 0.5915030204261386 
2.0 17.522582484135437 3.326709574632652 
2.0 29.37352108499198 9.803663163086856 
2.31941976050038 22.90616344178275 4.777656450621615 
2.169135665193435 12.552154134375122 3.1225369629787645 
2.052686599644406 17.629900333512968 2.9200563774694257 
