96.31733480331704 2.0 45.71395557221996 
94.94859672433918 2.0 232.3998972430911 
2.0 58.39468737135074 0.768502201649437 
2.0143110459307803 13.01689505314664 7.294146652731188 
2.0985303081462967 140.85702597612345 0.115233563397803 
2.0 97.0 0.06637665089887079 
2.0 10.031369720641301 4.553768853866521 
2.3158608317255194 2.0 0.9929837308728355 
2.0 23.30294326367826 0.0 
2.0 11.498404391353262 5.023809625678075 
2.0 53.500045525685636 0.021898981870188905 
2.0 83.00974193071256 0.3772910954349502 
2.007788912608654 15.029811782631592 6.466369296827559 
2.0 18.269288464642518 14.220686344062877 
2.0 11.300678594488641 3.7126869041507944 
2.002892803099844 38.208241590756 2.483895591419647 
2.0 4.238101357442177 0.007471305743493473 
2.0057195827675955 7.575286125703433 2.2342557226253406 
2.005386087135504 11.482842184682546 3.8715926914850587 
2.0208772484827286 2.0 0.9370885660929379 
2.0 2.0 1.476767629876423 
2.3533881959710072 13.286320052553805 2.2989189258491955 
2.2265234049153437 2.0 1.3322569307465584 
2.0 40.74648642361869 0.35790156641122906 
2.0 9.940503570319525 8.098332346881676 
2.004354664776936 10.898826062447354 4.1061829707221875 
2.0397613163071733 2.0 1.0698514343617802 
2.197415923822718 9.254967104396245 11.20627459246019 
2.0 16.669923381602555 7.025878317846624 
2.0 10.827488554142223 5.1753476003560746 
2.0 2.0 1.9887807870866208 
2.0 7.504607445846746 3.9608456472614773 
2.0 2.0 1.814202591225882 
2.1059608538255556 7.621222365913359 6.006065770924007 
2.2636397903610224 2.539308184209143 1.3925105878631339 
2.0 2.0 1.4234151484518551 
2.0 3.564578555498424 2.0105596396869365 
2.084183633138506 12.129547464334323 17.301650129062395 
2.0561172976146826 73.8570718933481 0.15776950611133256 
2.0162786445760172 7.621222365913354 5.325614124332694 
2.0 2.0 1.862788130697512 
2.0101774724515846 9.860355808682787 4.202507995466119 
2.0 9.169960452939502 2.9998660365458756 
2.0072821723764314 7.797159301097574 3.4134599638681977 
2.0191031189093698 2.495429573174145 1.0374041771191271 
2.0 9.147380763592409 13.319240346292077 
2.056585132364279 15.024324569135217 22.324267816540477 
2.0147063565358034 14.983333127506263 3.387719108620452 
2.1766961369361373 10.853407511726704 2.788515973919135 
2.0274986830046684 15.11823625390442 11.754943626830562 
2.009969437247636 2.47139584776448 1.660451432436231 
2.0339706477207296 11.427954660106128 5.974227070086324 
2.23540104787605 5.730939839015736 2.8843585464116064 
2.0 16.755529740347267 9.419814820276848 
2.0157965830376487 2.6634780542694876 1.7456183949114406 
2.027677843552812 5.989959368762078 1.2236925742505242 
2.0034282527833884 19.294124730088413 8.711161286968483 
2.0 2.0 1.5366608678437608 
2.0 2.0 1.9053601006230936 
2.3574511375015703 2.0 1.2906655448021338 
2.007193645037773 5.494235504548067 2.509690227908095 
2.020317525554186 13.108246880018045 5.70191594047634 
2.001936940366535 6.649103333522911 3.5226729791489655 
2.0 2.0 0.7667189033515893 
2.082087346080204 8.043220503788536 6.486779811228729 
2.0078666791313045 5.709749437136463 3.0765670640793847 
2.1115093508427356 17.01601636289102 0.012137478441969218 
2.482977825897393 9.501945294109738 2.3744163203498467 
2.0 2.550288816689335 3.500922948751321 
2.028701195536522 4.051674678272198 2.746173349111782 
2.042329610084672 7.089506400551081 2.5420233845148625 
2.0450533176766985 36.86358688798747 0.14127790560633446 
2.022268873884877 3.9018416338083597 3.0945436095467795 
2.0 14.300717401993627 3.51862488439764 
2.0218208994814617 2.0 0.8782767904537605 
2.0 10.49308277914714 4.820806991395293 
2.2333953197364025 2.0 1.252145656835395 
2.2931793464384826 2.0 0.9698055649944886 
2.036319725372225 2.0 1.710190390420073 
2.0001267300261243 95.54251569539683 0.07367594310923808 
2.007140983455407 15.009163140598531 7.843289455046907 
2.0022609689609716 3.4348565635692427 0.7364271446922497 
2.00878366214009 8.813946286407049 1.5541907069249175 
2.0459557805476516 4.519974874646245 4.228402805972974 
2.043637248793532 5.7953890296646335 2.4219709461098695 
2.320251730252854 2.0 1.7715069186780417 
2.0101083124378194 5.867880840291899 3.5427342801918167 
2.0 3.163505599638526 2.055193980921547 
2.0215891396122267 4.426413200878951 2.539298484248116 
2.1533934050889587 3.204970992954569 4.148472068854003 
2.0 2.4046097465744323 1.5757760270550079 
2.011258531992548 2.573891483174714 1.3310501676002686 
2.021255532472202 2.0 1.6200954841410167 
2.0015329886310256 5.970807505598405 2.1700237634684885 
2.015164456425105 2.667859238570304 1.1243563944196309 
2.3087315429738093 15.3420286685976 9.989777009264603 
2.0710032696257614 4.602464832717262 4.586643384039525 
2.0273167373422027 5.914632420301356 1.2022213217229767 
2.00421760125534 6.001167681982725 3.029293703493072 
2.0246262083901865 2.147903943426169 1.151510981699274 
