0.011155600000 0.488588000000 0.441086000000 0.428741000000 
0.012502200000 0.452105000000 0.401624000000 0.389073000000 
0.018238500000 0.438326000000 0.386267000000 0.372138000000 
0.013936500000 0.446118000000 0.395299000000 0.382450000000 
0.015170100000 0.443195000000 0.392392000000 0.379297000000 
0.011660100000 0.485208000000 0.436858000000 0.424425000000 
0.020498800000 0.416707000000 0.363875000000 0.348140000000 
0.021603600000 0.391779000000 0.339814000000 0.324687000000 
0.273446000000 0.059862400000 0.037666100000 0.036159100000 
0.118945000000 0.178993000000 0.134378000000 0.126740000000 
0.431440000000 0.006231480000 0.003073140000 0.003076650000 
0.440388000000 0.004753260000 0.002492300000 0.002544830000 
0.082867100000 0.219781000000 0.172931000000 0.161160000000 
0.127285000000 0.172886000000 0.129102000000 0.122106000000 
0.069266300000 0.240269000000 0.191889000000 0.179913000000 
0.450831000000 0.003249770000 0.001548710000 0.001541510000 
0.385445000000 0.019707700000 0.011066400000 0.010656600000 
0.115190000000 0.182152000000 0.139474000000 0.130290000000 
0.089166600000 0.206254000000 0.160867000000 0.149695000000 
0.366066000000 0.025136900000 0.013933100000 0.013729600000 
0.244179000000 0.081552000000 0.054625600000 0.051655000000 
0.026090600000 0.365938000000 0.312309000000 0.298562000000 
0.235207000000 0.083052600000 0.055031800000 0.052453100000 
0.056557700000 0.272605000000 0.223019000000 0.209960000000 
0.473880000000 0.000819661000 0.000487652000 0.000472063000 
0.021674600000 0.370437000000 0.316441000000 0.302888000000 
0.020443400000 0.416953000000 0.364120000000 0.348396000000 
0.123408000000 0.176126000000 0.131924000000 0.124818000000 
0.419650000000 0.009136030000 0.004606440000 0.004621590000 
0.042477600000 0.297978000000 0.245626000000 0.233477000000 
0.026371500000 0.359058000000 0.305876000000 0.292334000000 
0.046986100000 0.281492000000 0.229529000000 0.217813000000 
0.021294100000 0.402273000000 0.350533000000 0.335586000000 
0.130381000000 0.168513000000 0.125148000000 0.118090000000 
0.402232000000 0.014727900000 0.008193590000 0.007995410000 
0.142113000000 0.151370000000 0.110363000000 0.104272000000 
0.018439800000 0.432655000000 0.381092000000 0.367577000000 
0.043950100000 0.288364000000 0.236581000000 0.224589000000 
0.302227000000 0.048295100000 0.029452500000 0.028382800000 
0.027527800000 0.348311000000 0.295190000000 0.281998000000 
0.021471500000 0.392510000000 0.340545000000 0.325416000000 
0.094382800000 0.201632000000 0.156785000000 0.145817000000 
0.019258000000 0.426931000000 0.374219000000 0.359022000000 
0.202925000000 0.103183000000 0.070754700000 0.067125200000 
0.184401000000 0.115001000000 0.080239600000 0.076034400000 
0.105442000000 0.186669000000 0.143593000000 0.133375000000 
0.254967000000 0.069691400000 0.044975000000 0.042997600000 
0.282641000000 0.053987300000 0.033460600000 0.032177800000 
0.265411000000 0.063916700000 0.040708700000 0.039006500000 
0.034295600000 0.318348000000 0.266020000000 0.253090000000 
0.152054000000 0.141477000000 0.102011000000 0.096438600000 
0.018886100000 0.428447000000 0.377238000000 0.363827000000 
0.042582500000 0.297242000000 0.244933000000 0.232814000000 
0.174636000000 0.125236000000 0.089291200000 0.084360300000 
0.041139600000 0.306147000000 0.253659000000 0.241256000000 
0.072420600000 0.235441000000 0.185669000000 0.175827000000 
0.097766900000 0.195560000000 0.151401000000 0.140746000000 
0.224917000000 0.087410400000 0.058401100000 0.055575700000 
0.319225000000 0.039690700000 0.023474700000 0.022777500000 
0.349608000000 0.030087700000 0.017101900000 0.016752700000 
0.147380000000 0.147130000000 0.106751000000 0.100880000000 
0.215769000000 0.093492100000 0.063111900000 0.059984500000 
0.049669700000 0.274046000000 0.223714000000 0.210445000000 
0.207176000000 0.101198000000 0.069170100000 0.065676600000 
0.261183000000 0.067147100000 0.043023500000 0.041194000000 
0.247866000000 0.073541500000 0.049634200000 0.046862800000 
0.358417000000 0.027689300000 0.015554200000 0.015276500000 
0.048015600000 0.279636000000 0.228068000000 0.216432000000 
0.411202000000 0.011847100000 0.006068610000 0.006073100000 
0.177691000000 0.122563000000 0.086386100000 0.081795200000 
0.104669000000 0.194411000000 0.148142000000 0.140190000000 
0.462425000000 0.001646570000 0.000828455000 0.000805996000 
0.340162000000 0.031654300000 0.018145300000 0.017740500000 
0.192945000000 0.110793000000 0.076839800000 0.072831900000 
0.031398300000 0.341371000000 0.288037000000 0.274837000000 
0.012291900000 0.478902000000 0.430757000000 0.418126000000 
0.061422300000 0.248554000000 0.197841000000 0.187362000000 
0.228787000000 0.085571500000 0.060416800000 0.056361700000 
0.032415400000 0.336922000000 0.284358000000 0.270945000000 
0.029485200000 0.344807000000 0.291374000000 0.278059000000 
0.290575000000 0.052133600000 0.032156800000 0.030943300000 
0.387927000000 0.018925300000 0.011165200000 0.010555600000 
0.165549000000 0.131564000000 0.093752900000 0.088701100000 
0.057377300000 0.254963000000 0.203939000000 0.193199000000 
0.043015500000 0.289734000000 0.237900000000 0.225878000000 
0.329199000000 0.034823800000 0.020199600000 0.019694100000 
0.200538000000 0.107352000000 0.074548800000 0.070327600000 
0.371848000000 0.022647300000 0.012879600000 0.012377300000 
0.212208000000 0.096868700000 0.065756300000 0.062473500000 
0.132880000000 0.161962000000 0.119450000000 0.112758000000 
0.066519300000 0.246480000000 0.196256000000 0.185852000000 
0.161049000000 0.132329000000 0.097216400000 0.090802200000 
0.086860200000 0.210634000000 0.164750000000 0.153392000000 
0.038971400000 0.306759000000 0.254272000000 0.241852000000 
0.026500200000 0.354249000000 0.301064000000 0.287665000000 
0.141932000000 0.156467000000 0.117261000000 0.109574000000 
0.078305200000 0.222449000000 0.173741000000 0.164445000000 
0.085468800000 0.215436000000 0.169013000000 0.157433000000 
0.317560000000 0.044586400000 0.027552800000 0.026208900000 
0.170970000000 0.129537000000 0.092060600000 0.087122900000 
