2.0 23.063778326942476 132.73435209675407 
27.808791436225064 2.820112377343453 213.38272696530848 
5.593888088179998 3.992339415265885 141.87618311804775 
18.035589098830055 2.770039815705559 202.45982982730484 
15.345089957365154 3.036191362849823 202.34822793973208 
2.0 19.729083905471548 146.4418236225626 
6.590947459678571 3.6130176066429014 16.804638001916828 
4.91196033421597 2.5546440080870396 10.64068861253725 
2.0 2.0 0.9360953460006243 
2.0 2.2208409455607723 1.8615661881604362 
2.006268208938642 2.0002262242857607 0.2973202602275068 
2.4675984237178312 3.4218768711475893 0.21202755242882143 
2.175653634344072 4.00601562478288 2.16037682420424 
3.820777635452395 2.071489263748776 1.7356197547692094 
3.3442934527269896 3.2524015685102516 2.4191062786170825 
3.7203629584319224 2.0 0.1948060901785218 
4.533841598449799 2.0 0.4981217447118098 
2.65611625764267 2.512781056889707 1.8002223688345307 
2.1562879576724105 4.0580313131463255 2.030041703876128 
2.0 2.0 0.6190361822493617 
3.331283102281943 2.2826547346371475 1.0621191884379486 
8.953717481635493 2.238495984764976 6.454134956237116 
2.0 2.0677066618200666 1.1108217099445736 
3.5382458010570734 3.3692372530352652 2.8354595073448445 
4.149485387863081 5.044267754702838 0.009449400513042105 
24.880318549239895 2.4746669002834842 5.760571602041935 
7.345806360112713 4.429438042554847 16.942071185667068 
3.7651337103202254 2.306038928839306 1.7643609953906996 
2.0 2.1159083900189852 0.3669446162789608 
5.268735519260703 2.0227123945900507 3.206899462522145 
7.1802113727815975 2.2397277874721238 6.186828722727512 
5.051066032051274 2.0 2.927301838841604 
5.102405446915252 3.2204126531950195 14.05194892567229 
2.0 2.0 1.764360995390689 
2.5151843453604816 3.486889784119204 0.37276951320116813 
2.0 2.0 1.6219205178566938 
8.48454242938206 3.302333952258037 29.965250932935504 
4.155129240297441 2.0 3.129451992879126 
2.0 2.0 0.8421732623190756 
7.446873384098952 2.0 4.944308301947867 
4.737371901982853 2.6327798533946694 10.883765403854497 
2.0 3.6260804021986113 1.9802226705303823 
6.863134570834101 4.311986460471055 24.29082207450493 
2.2081093836397594 2.4312563727333085 1.2586475984806709 
2.0 2.0 1.3488539897259644 
2.086033649291997 3.7093149438225788 1.8404861802846266 
2.0 2.2017839204284027 1.0140763971008477 
2.225162761038721 2.288270803879689 0.8894965838459319 
2.3909952709309574 2.024921015876256 0.9657214676026201 
3.746331949950079 2.0096370241826667 3.8347713107924095 
2.0053290469386846 2.006421895184435 1.5464121418919299 
7.152824791571772 3.1826873646616205 32.94851769105683 
5.055535705095904 2.128303118644941 3.1949376982450803 
6.6999903642035905 2.0 1.331864740451917 
5.494205082662966 2.130498069801148 3.38266421781357 
14.700000000000001 2.2362557540757626 2.2145619799730722 
2.0931426473849557 3.9463097324706333 1.9182887302493605 
2.0 2.069650255448309 1.1451418452937467 
2.0 2.0 0.7664964827617045 
2.0241109436787257 2.165336965426593 0.6745982454151941 
2.0 2.1862878888398463 1.58507622245466 
2.023133109991935 2.259785144486187 1.1862275165553609 
3.3370994424205893 2.865591551932005 2.8700149386056077 
2.054265875712774 2.008750071838382 1.2401189208617933 
2.3003102359535728 2.312702548830277 0.9910829079921886 
2.1790098210611566 2.518180724579186 0.9746193499014237 
2.0 2.0 0.6472404162825255 
4.446867842208849 2.251842775980634 2.98021866469198 
2.250818678755799 2.003786229926976 0.418663874411117 
2.3996154624970742 2.172298895905627 1.4008538254662457 
3.722412274843399 2.3950652709853433 1.9286329588685436 
7.962231081414904 2.0 0.11070082096059597 
2.028061723501763 2.009439163869701 0.6890927007571341 
2.0 2.0173832213736786 1.3147114144288259 
6.088635480074197 2.0552437306321463 4.513760734210902 
2.0801165678897826 18.940400747559988 93.6010835915043 
4.520635773217892 2.1075968251189763 2.466747079471659 
2.1963469728911624 3.978059951619686 1.057960354564552 
4.3666277448592785 2.0 4.9092514820849855 
5.926951183385072 2.0 4.757483942295281 
2.0151628163486617 2.0398141699856582 0.8745612150611018 
41.57848679847386 2.0 0.41767986456920675 
2.0 2.0193902866340983 1.4661781424523068 
4.764168628861492 2.0098156821133504 2.5472198937639234 
3.7005090277490735 2.099788837679434 3.1461985836433213 
2.017934713012224 2.002508104536411 0.7189230217475173 
5.212764931949288 2.047707861809582 1.2315586294280347 
4.8388375288815535 2.0 0.5402200702707977 
2.0005545384928096 2.01120557672731 1.2114711057775593 
2.0 2.1456304909422945 1.7134279943875534 
3.5972064792424714 2.2343166455785717 2.5208371468292246 
2.0 3.0161855957544037 1.4648974271118052 
2.0927486843471375 4.36102436494048 2.0639183827755976 
5.296861061405445 2.0 3.3923536366407694 
6.648429245786101 2.1627176673055892 5.549376158488524 
3.052980529303968 3.0377756615246527 1.5897306465964096 
4.0992640204821775 2.0329876507255786 2.237296308231972 
2.420959597783056 4.443181387347338 2.1236349591440744 
5.1074671015526985 2.0 0.7504033069821918 
2.0 2.1422187267663793 1.4518443797269434 
