0.005019660000 0.171553000000 0.144781000000 0.151077000000 
0.004617690000 0.178078000000 0.151364000000 0.157711000000 
0.027088200000 0.103841000000 0.083148200000 0.087569500000 
0.234877000000 0.003198320000 0.002267670000 0.002442240000 
0.247433000000 0.002639140000 0.001880590000 0.002064420000 
0.169134000000 0.014729100000 0.011739900000 0.012255000000 
0.010805100000 0.142628000000 0.117618000000 0.123225000000 
0.004730220000 0.178054000000 0.151343000000 0.157689000000 
0.280050000000 0.000056940800 0.000005178410 0.000002959730 
0.039634200000 0.086320200000 0.067852300000 0.071816800000 
0.006792550000 0.161166000000 0.135169000000 0.141322000000 
0.271125000000 0.000245886000 0.000156018000 0.000162574000 
0.264892000000 0.000604185000 0.000422292000 0.000458573000 
0.032161700000 0.096049600000 0.075871300000 0.080306600000 
0.013438700000 0.136655000000 0.111882000000 0.117537000000 
0.059825400000 0.064936500000 0.050583900000 0.053433000000 
0.097898500000 0.040297800000 0.031332400000 0.032978500000 
0.204853000000 0.008050270000 0.006444690000 0.006711950000 
0.007724290000 0.154570000000 0.128610000000 0.134590000000 
0.005235200000 0.171265000000 0.144496000000 0.150782000000 
0.155305000000 0.017715700000 0.014051900000 0.014683700000 
0.006395340000 0.163632000000 0.137507000000 0.143716000000 
0.010346400000 0.144356000000 0.119584000000 0.125302000000 
0.022965400000 0.111163000000 0.088592800000 0.093752100000 
0.014689900000 0.129595000000 0.106388000000 0.111745000000 
0.049264400000 0.075471800000 0.059400200000 0.062453100000 
0.260459000000 0.001337420000 0.000924212000 0.001024040000 
0.012869800000 0.138230000000 0.114156000000 0.119781000000 
0.013692400000 0.134081000000 0.110258000000 0.115641000000 
0.031132700000 0.097668000000 0.077863400000 0.082028600000 
0.009538650000 0.147305000000 0.121945000000 0.127900000000 
0.224320000000 0.005224950000 0.004126280000 0.004319650000 
0.196882000000 0.009170700000 0.007383050000 0.007685260000 
0.108246000000 0.034493300000 0.026870900000 0.028241000000 
0.019429700000 0.122141000000 0.099221700000 0.104341000000 
0.024121800000 0.109058000000 0.087360600000 0.091928300000 
0.046409100000 0.078072800000 0.061086100000 0.064613700000 
0.115599000000 0.031317900000 0.024475600000 0.025701400000 
0.008619310000 0.149486000000 0.124315000000 0.130182000000 
0.069110400000 0.058013200000 0.045344300000 0.047568100000 
0.210613000000 0.007170190000 0.005733620000 0.005977680000 
0.080798600000 0.050112100000 0.038903200000 0.040992600000 
0.160610000000 0.016535500000 0.013143800000 0.013730600000 
0.025651900000 0.105840000000 0.084862400000 0.089369800000 
0.020160700000 0.117464000000 0.094680300000 0.099606900000 
0.142414000000 0.021966000000 0.017329400000 0.018134400000 
0.064407800000 0.061651700000 0.048282900000 0.050691100000 
0.136640000000 0.023803700000 0.018735800000 0.019630800000 
0.175086000000 0.013400300000 0.010722600000 0.011180100000 
0.218687000000 0.006449670000 0.004831550000 0.005250450000 
0.044004400000 0.080340900000 0.062920500000 0.066568100000 
0.253918000000 0.001941760000 0.001380020000 0.001520490000 
0.052652400000 0.073674300000 0.057722600000 0.060862200000 
0.005630970000 0.166032000000 0.139775000000 0.146040000000 
0.074506300000 0.053726800000 0.041706000000 0.043972200000 
0.130657000000 0.025731900000 0.020100400000 0.021030400000 
0.242514000000 0.003112040000 0.002245420000 0.002457960000 
0.013798200000 0.131501000000 0.107237000000 0.112718000000 
0.165480000000 0.015427300000 0.012286600000 0.012829500000 
0.056551000000 0.070199600000 0.054916100000 0.057924200000 
0.089478500000 0.044717800000 0.034767900000 0.036405900000 
0.181556000000 0.011674900000 0.009347870000 0.009741830000 
0.017168500000 0.125380000000 0.102077000000 0.107305000000 
0.058596100000 0.067560200000 0.052877300000 0.055557100000 
0.030074600000 0.098896300000 0.078864900000 0.083095600000 
0.035815700000 0.088074200000 0.069256400000 0.073312200000 
0.019544100000 0.118764000000 0.095837300000 0.100812000000 
0.151773000000 0.019274100000 0.015257900000 0.015946300000 
0.043124700000 0.082663400000 0.064796500000 0.068555100000 
0.190231000000 0.010314400000 0.008265070000 0.008608240000 
0.083394100000 0.048435800000 0.037710700000 0.039499600000 
0.041135800000 0.084283100000 0.066564400000 0.070174500000 
0.012621400000 0.140255000000 0.116027000000 0.121717000000 
0.018637200000 0.123350000000 0.100298000000 0.105455000000 
0.007246020000 0.157634000000 0.131489000000 0.137537000000 
0.122491000000 0.028470800000 0.022306000000 0.023420900000 
0.033272300000 0.093304000000 0.073607600000 0.077912100000 
0.092425800000 0.043312700000 0.033624100000 0.035400400000 
0.007065300000 0.159139000000 0.132886000000 0.138985000000 
0.061701800000 0.063427700000 0.049395500000 0.052179300000 
0.112392000000 0.032704100000 0.025501400000 0.026791200000 
0.086998500000 0.046329100000 0.035974100000 0.037894200000 
0.066521600000 0.059545100000 0.046289400000 0.048833900000 
0.096147500000 0.041563200000 0.032345600000 0.033842000000 
0.015390400000 0.127524000000 0.103646000000 0.108969000000 
0.072142600000 0.055860400000 0.043399300000 0.045755900000 
0.033987500000 0.091930200000 0.072441700000 0.076666500000 
0.053944100000 0.071782500000 0.056524900000 0.059416800000 
0.107122000000 0.035903800000 0.027888100000 0.029166200000 
0.021224500000 0.114658000000 0.091577600000 0.096882000000 
0.028262100000 0.101211000000 0.080148600000 0.084871000000 
0.101247000000 0.037986700000 0.029556700000 0.031084200000 
0.118225000000 0.030058500000 0.023491800000 0.024665700000 
0.186858000000 0.011311000000 0.008922200000 0.009344330000 
0.230679000000 0.004855490000 0.003495690000 0.003833470000 
0.035709400000 0.088780200000 0.069878300000 0.073966400000 
0.125872000000 0.027594900000 0.021507100000 0.022478100000 
0.022215400000 0.113357000000 0.090473200000 0.095730000000 
0.146835000000 0.020841200000 0.016300700000 0.017014600000 
0.077227600000 0.051895200000 0.040309600000 0.042468000000 
