2.0 9.159717761155768 175.15994584710353 
2.0 17.475705969354074 221.04305545377204 
2.002456819115584 4.3948262766441495 1.895345169581672 
2.037623216946164 35.87012976106081 0.4267980554336548 
2.0097461595055774 8.773082729035007 0.4375967332048347 
2.0 2.0 0.8231047299934664 
2.010229984879762 9.447495524781132 2.641864653918955 
2.4157696539597966 16.885565389912767 5.933065251291295 
2.0 2.0 0.12224828171267904 
2.0 2.0 1.6402415096206548 
2.3304608900825157 6.878230489109647 3.5060968551327703 
2.0085756590731876 2.0 0.17081068331092641 
2.0044760892035303 10.516688384431104 0.25428729924293947 
2.1630992674757237 2.0 1.7524600641525883 
2.0536727462017828 4.870965095878318 2.4423059561681666 
2.0 2.0 1.4073146416040565 
2.037018559443024 2.0 1.1627792058327968 
2.016286078851645 2.0 0.6710150507589272 
2.008545910754106 8.917306865429953 3.071636258667315 
2.002497999091397 8.718032069239436 4.840857425084369 
2.0 2.0 0.8776235404465539 
2.3591591638621234 6.806594258129737 3.7236068416764323 
2.046093511252781 6.924159577562653 2.7491207504324913 
2.023895339932792 2.3104981551630437 1.9505649344930855 
2.0069467157601073 3.490078486009266 2.3849442149923923 
2.002922502223642 5.924139920435531 1.5420479537185703 
2.005071540802481 7.206887739152937 0.3432341305342865 
2.007266073964965 11.157070283973738 2.5364366230716215 
2.030840583756305 6.964456172275999 2.478302568968034 
2.0 4.221089505365132 1.7944769420399351 
2.057544357411392 4.361995737001894 2.8210486337561567 
2.0031626358976773 2.0 0.5789477545828443 
2.0 2.0 0.6990837405701711 
2.0115316008648727 2.117254396961309 1.099870435266883 
2.037314384399454 4.068132559948552 2.2118175001331517 
2.044831085917102 4.657637027683624 1.9486714861239611 
2.0660749580219564 2.0 1.544810244038548 
2.0112289414489255 2.0 1.067685549628281 
2.0109504350660137 7.018401662452176 2.905736702905613 
2.0052884926765735 3.1983390280505324 1.346885900736851 
2.0 2.0 0.6408989911195415 
2.0186879631694143 2.0 1.2650017303569165 
2.001027266270165 2.3146473422150056 0.8551381623145656 
2.0120598440629984 4.24074027915852 1.9179323871789404 
2.0003344289409397 4.6152396557892885 2.0578495073072305 
2.0 2.0 0.9409757162341401 
2.0674582879452683 2.813544446409588 1.3888198239107994 
2.005289784197633 2.415227870344784 0.9724996423139186 
2.0174733835491176 2.0 0.7981425394408626 
2.4606754132533957 3.544918453615675 0.5882828332056744 
2.0 2.0539334238293083 1.5728233549244972 
2.1962110616575785 8.561503537149656 0.38170927186238574 
2.126691690823787 3.8949021056714788 1.5012619706110018 
2.000036272242574 7.112581001510207 3.9752752117951373 
2.0 2.0 1.3017009616975164 
2.0120101287813306 3.416458963936037 0.9886788952873062 
2.1218466252002064 10.971320477722625 0.4503012973853538 
2.0 4.828772354908441 2.3286299704024174 
2.0010507236258177 2.4272464014884743 0.8383480481785476 
2.0317799485943913 4.3389383470549125 1.4656248240277674 
2.0229835114474093 2.9259195627921986 1.2080579119785093 
2.2724238376751242 2.0 0.7604882975064247 
2.018808654156343 3.988775545787305 2.2803827270866805 
2.0 6.440458450279483 1.4525390954273971 
2.000948611624405 4.372092398172111 1.8136347219464968 
2.0 2.0 1.6603538496002834 
2.0 4.500657254007542 2.094147071504027 
2.0290387882978753 2.107946636066641 0.9021415509919086 
2.0 2.0 1.5952783302774447 
2.0 2.0 0.7294727850155687 
2.0279442227133933 2.833849034157139 1.2490237914374782 
2.0411672318678593 3.6127567227842796 1.6268759111702806 
2.00163256857534 11.488337290737459 2.615406175403076 
2.0376729712051143 4.155236832163801 2.232864348023835 
2.0 8.715292711798218 3.1975487376660183 
2.0 2.0 1.0360779194067207 
2.0393886487191963 2.0 1.720143832385223 
2.0 2.0 1.1975802169982777 
2.0089999811550023 9.345620093615041 3.2898802140596066 
2.003238775424282 2.030343220122438 1.3933010654704023 
2.0112022919098806 2.0 1.0790191929252198 
2.0005887042035417 2.0561992508868707 1.226193603696916 
2.0108650165704955 2.482880335579598 1.3554045162667485 
2.0025589809999684 2.6492012963801908 1.1771857147272597 
2.0 4.660929231030668 2.247451657560987 
2.0054229433323005 2.3273547265946974 1.319380026423511 
2.0038550603081964 2.0550822224759635 1.6995334370152158 
2.0 2.5673386887307688 1.4965554167791595 
2.0010855459890364 3.1654487642851983 1.1154287967822991 
2.2029044082420426 2.0 2.001816482884641 
2.000012098031636 2.0011549099039345 1.8174671233226058 
2.0098025470309415 2.0 1.1364001668215797 
2.0008300945276636 2.107331644738626 1.0508248804367122 
2.032935717027538 2.995530176579744 0.7426458470649965 
2.0 11.50901040962978 0.5172364884642839 
2.0004112018804547 2.1954179732443286 1.6710576876548813 
2.0 3.1314206264970603 1.0100575955330733 
2.0 2.0 1.9833861736687801 
2.017762367662623 3.475848336707334 0.9159711035132232 
2.009047659357897 2.0 1.276527041436646 
