0.016738900000 0.546025000000 0.531937000000 0.535751000000 
0.482465000000 0.160032000000 0.126168000000 0.142909000000 
0.651537000000 0.085310200000 0.064797200000 0.073522500000 
0.427041000000 0.188954000000 0.153762000000 0.171875000000 
0.046564600000 0.483748000000 0.462343000000 0.476260000000 
0.468597000000 0.164950000000 0.130844000000 0.147788000000 
0.254456000000 0.299721000000 0.266554000000 0.285303000000 
0.017010700000 0.529363000000 0.513862000000 0.523297000000 
0.334865000000 0.246431000000 0.211745000000 0.230304000000 
0.354960000000 0.227522000000 0.192399000000 0.211554000000 
0.433560000000 0.182726000000 0.148677000000 0.166348000000 
0.747044000000 0.049335100000 0.034572200000 0.041880200000 
0.841297000000 0.018961700000 0.012237900000 0.015901000000 
0.075814700000 0.451451000000 0.427014000000 0.442176000000 
0.819789000000 0.024054000000 0.015787700000 0.020021700000 
0.717520000000 0.065421700000 0.043294800000 0.052485900000 
0.041477700000 0.495840000000 0.475159000000 0.487926000000 
0.512012000000 0.147159000000 0.114178000000 0.130137000000 
0.760537000000 0.051519500000 0.033908800000 0.041034400000 
0.782538000000 0.032283400000 0.021787300000 0.026656900000 
0.146991000000 0.383885000000 0.354689000000 0.372382000000 
0.610125000000 0.108468000000 0.079306300000 0.092467400000 
0.593990000000 0.112499000000 0.082776500000 0.096321500000 
0.084107400000 0.440705000000 0.415354000000 0.431350000000 
0.913010000000 0.002894270000 0.001924600000 0.002906310000 
0.516204000000 0.144438000000 0.111660000000 0.127427000000 
0.061545400000 0.466798000000 0.443542000000 0.458165000000 
0.019225100000 0.523328000000 0.506718000000 0.516912000000 
0.636836000000 0.096495500000 0.068982200000 0.081154800000 
0.617122000000 0.102738000000 0.074332800000 0.087021100000 
0.551968000000 0.129417000000 0.098239200000 0.113455000000 
0.320775000000 0.259508000000 0.226051000000 0.244125000000 
0.531177000000 0.139572000000 0.107428000000 0.122904000000 
0.173581000000 0.353808000000 0.322610000000 0.341171000000 
0.462776000000 0.172301000000 0.138853000000 0.155739000000 
0.702942000000 0.069806900000 0.046753400000 0.056375100000 
0.304656000000 0.264816000000 0.230468000000 0.249213000000 
0.408611000000 0.199325000000 0.163807000000 0.182272000000 
0.270637000000 0.285352000000 0.250697000000 0.270310000000 
0.066883100000 0.457436000000 0.432921000000 0.448796000000 
0.419642000000 0.195775000000 0.160506000000 0.179411000000 
0.280378000000 0.278552000000 0.244126000000 0.263251000000 
0.377956000000 0.219332000000 0.183398000000 0.202497000000 
0.220671000000 0.316654000000 0.283650000000 0.302702000000 
0.128440000000 0.395177000000 0.365642000000 0.384049000000 
0.232607000000 0.311980000000 0.279027000000 0.297912000000 
0.178875000000 0.348056000000 0.316493000000 0.335143000000 
0.354802000000 0.235922000000 0.201522000000 0.219716000000 
0.392069000000 0.203636000000 0.168908000000 0.187344000000 
0.022325500000 0.517417000000 0.499946000000 0.510788000000 
0.166970000000 0.362620000000 0.331464000000 0.350045000000 
0.163780000000 0.368064000000 0.336643000000 0.356174000000 
0.053290400000 0.473273000000 0.450357000000 0.465335000000 
0.325287000000 0.252915000000 0.218374000000 0.237004000000 
0.692106000000 0.071211500000 0.048778300000 0.058755500000 
0.402461000000 0.204549000000 0.168885000000 0.187520000000 
0.075933900000 0.446241000000 0.420799000000 0.437334000000 
0.241455000000 0.305237000000 0.271981000000 0.291129000000 
0.344268000000 0.240970000000 0.206329000000 0.224724000000 
0.586448000000 0.116520000000 0.086369400000 0.100173000000 
0.380536000000 0.210897000000 0.175991000000 0.194749000000 
0.031209000000 0.505305000000 0.486112000000 0.498139000000 
0.131128000000 0.389975000000 0.360134000000 0.378614000000 
0.043634400000 0.490216000000 0.469132000000 0.482363000000 
0.185087000000 0.344005000000 0.311476000000 0.331314000000 
0.170635000000 0.358238000000 0.326205000000 0.345285000000 
0.620328000000 0.099036400000 0.072039900000 0.084598000000 
0.731497000000 0.058066900000 0.038336200000 0.046847400000 
0.779598000000 0.045696500000 0.028064500000 0.035110700000 
0.114844000000 0.404264000000 0.376103000000 0.393418000000 
0.261127000000 0.290347000000 0.256631000000 0.275811000000 
0.126302000000 0.404183000000 0.376005000000 0.393258000000 
0.810410000000 0.035631500000 0.021449000000 0.027312800000 
0.662971000000 0.082551100000 0.058152000000 0.069251000000 
0.541276000000 0.133325000000 0.102489000000 0.117595000000 
0.876468000000 0.010578200000 0.006578910000 0.009129310000 
0.893307000000 0.004502010000 0.002806210000 0.003977530000 
0.657674000000 0.089033500000 0.062816400000 0.074972800000 
0.034936900000 0.499925000000 0.479961000000 0.492311000000 
0.681237000000 0.075884000000 0.052547800000 0.062966100000 
0.102044000000 0.416854000000 0.389520000000 0.406396000000 
0.149971000000 0.373221000000 0.341998000000 0.360699000000 
0.203794000000 0.336814000000 0.305856000000 0.324020000000 
0.113167000000 0.414429000000 0.385833000000 0.403398000000 
0.368732000000 0.225295000000 0.190188000000 0.208924000000 
0.195719000000 0.341308000000 0.308632000000 0.327940000000 
0.574110000000 0.121286000000 0.090685900000 0.104965000000 
0.061845800000 0.459856000000 0.436117000000 0.451380000000 
0.212900000000 0.324795000000 0.291399000000 0.311438000000 
0.494236000000 0.159165000000 0.125588000000 0.142281000000 
0.564541000000 0.126956000000 0.095771600000 0.110477000000 
0.093334700000 0.435364000000 0.409764000000 0.425676000000 
0.096434100000 0.424798000000 0.398089000000 0.414702000000 
0.294143000000 0.271659000000 0.237420000000 0.256251000000 
0.219395000000 0.322257000000 0.289720000000 0.308523000000 
0.027823900000 0.508437000000 0.490165000000 0.501962000000 
0.048977900000 0.478149000000 0.455775000000 0.470445000000 
0.859871000000 0.016553900000 0.009409530000 0.012672300000 
0.447143000000 0.178820000000 0.144043000000 0.161787000000 
0.288524000000 0.272769000000 0.238169000000 0.257301000000 
