98.89522162105489 2.0 80.6397225078298 
2.0 2.0 1.526235515498254 
2.0 192.0 0.10862858088885252 
2.0 2.0 1.7594157017406693 
2.0 5.683118805872915 8.980962553700412 
2.0 2.1025243399774327 1.5709639580519614 
2.0 13.320231669874602 3.0144210381439915 
2.0 23.331683253815484 91.30876025613198 
2.3437458711088164 7.7503050155743844 2.373347267111911 
2.003016622847774 3.0039621696093466 2.098679138447104 
2.0 2.6112986978149735 1.7232804567898383 
90.7466038463377 3.371417467255243 0.6199815739615798 
2.0767600263898407 70.44028256744198 0.13650012430434022 
2.039765458089495 16.523742610918838 6.705869695866333 
2.2886064741955803 93.75591557327093 0.3070573200397656 
2.0 2.0 0.8617759273589618 
2.0818650123110247 21.98378930982709 10.49554848654239 
2.0 2.0 1.4382199356624596 
2.2916451257221837 97.0 0.7406514579463421 
2.0 98.65005680564492 0.14102258779170707 
2.0 12.891562693455661 4.441522606814311 
2.0 2.0 1.1647429630002701 
2.0065879949233816 2.017288776246923 1.1923780281475598 
2.016473382128383 12.711629982355007 6.090098755228148 
2.0 5.700173554669831 0.08556403151986292 
2.464918005642442 2.0 1.4175601532065667 
2.0 16.798539828507895 7.499466670775126 
2.0 22.768079805333567 20.831418912560068 
2.0 2.3125166169484697 1.0805434690817948 
2.0 2.0 1.121453695166374 
2.813185881279776 2.0 1.292381466216593 
2.0 13.553188562576903 2.561018311209996 
2.0730900094339866 4.182820800013509 1.3780457157050914 
2.300690157812777 5.619270318787226 3.7356339877835905 
2.370057141621272 5.475193490211836 1.652326518728814 
2.0 2.0 0.8939448886697572 
2.009355733543074 9.55221380857946 2.576493040990679 
2.0 2.0 1.8452479357861853 
2.0 4.9661846715190485 2.7303635142752185 
2.057863472091115 8.592820489939138 6.945156050717464 
2.787785478409723 2.0 1.7893909720187313 
2.0 6.347836711178754 2.6919878918542857 
2.118352616329418 2.0 2.010037876826056 
2.0 5.659606778009758 3.167464870572499 
2.398053827506964 4.897290800482924 4.5464572208699945 
2.1015054338811434 10.959684501920815 3.184219843307223 
2.0 5.910039698529119 3.6278869655852883 
2.0082241565870764 10.317339943429596 2.2642289476602544 
2.412784340990473 3.393517828246768 1.9022371872935702 
2.0876871827983354 21.441999841920865 16.92709677077949 
2.043369270089352 7.980243694753833 3.958015153953555 
2.0044125921778257 4.022321122782909 3.8568018355329623 
2.12360553093344 8.850711303375244 8.089061259666316 
2.1018081069427432 10.779683168682896 2.425500491231765 
2.327780502181093 3.2732861267597295 0.9180278028301366 
2.0 2.0 1.8826299247125737 
2.108044745112546 8.712407791050957 6.341672074970923 
2.4169622593010818 9.064877763816424 3.05185582958066 
2.0 7.547970214921598 2.301531076541428 
2.304462761195149 6.3201058197347315 1.2282442324698162 
2.0315639856209207 2.8271821987864003 1.9460525983209138 
2.1964418825245904 17.167799620623093 12.577896615038828 
2.0 5.415915260708497 4.441311876195583 
2.09297426808024 16.696668545277046 9.629097516276124 
2.1113442924488846 4.196584908787891 3.4783710271149575 
2.009440190782193 2.8404059379715663 3.608718784612728 
2.135330151452924 3.3225448847760486 1.1106259113351595 
2.000752942922919 3.052809762215589 0.8227061308898742 
2.0 2.0 0.7170131645901459 
2.115951208149523 10.578428874065263 4.904085444416845 
2.066493950789697 8.564522202783705 2.855824451050584 
2.0 14.316082472769006 4.978618836955121 
2.04960380728194 3.3812341909671644 0.6365787805989112 
2.0093175124231215 3.3603263432184756 0.9933486027062005 
2.3890139431814355 2.62087154501614 1.3580679439208676 
2.0 39.07192288132502 0.09052666313026236 
2.2351856526361527 14.743853310025818 0.10777687450730866 
2.586506111847856 2.0 1.0026689115856708 
2.0 20.53161886556028 11.249688527810113 
2.0437273564368947 3.334156682854419 0.9520622503112235 
2.1076705524178414 11.263967788569234 5.274062196045165 
2.181416722742216 3.007961343812978 3.874995445263618 
2.0 16.77391497881138 3.6340026081057673 
2.107837978242052 3.4558252556337 4.781596597627584 
2.012082041317785 4.954676474956298 2.098065378202697 
2.0470077354436946 5.238428611377813 3.512408605566282 
2.0 2.0 1.2533077735983653 
2.1803470865860186 5.845055468216082 7.003528470589801 
2.0 3.989141888266769 3.192215937791186 
2.253750508303159 3.703346115109481 1.5215932941894048 
2.0 2.0 1.291448853468667 
2.0 17.434743636867996 6.00620755766262 
2.1475825230539347 11.280938675762632 5.542659300284226 
2.0312079563332635 10.299570242410663 2.632339235863949 
2.36421907554405 10.768954887576125 3.302767703584911 
2.2425331564751234 12.53947358191183 13.92127615807352 
2.132515660958236 9.045366881057994 8.554574038827226 
2.0006000068307412 34.81655947620326 0.3400757185231824 
2.0 2.0 1.6756582549142802 
2.0 6.309665316084649 2.613352899503089 
