13.268339536157441 2.0079665290031525 0.048859807943475 
2.0 76.93465737854478 0.2455675657953218 
2.0 18.305496117275595 79.96643004715729 
2.0 7.733756548431454 0.8971285270028271 
3.018179199067106 56.87840410906427 0.0 
15.422140391029311 2.0 0.44451420408440123 
5.849393154205529 2.9953730560201848 0.7085751030972105 
3.1432798266483886 2.0224171081199813 1.3502561053137756 
2.0 38.17718239735876 14.921587196648224 
2.0 22.76215507670256 20.212486046541102 
5.777763871928414 4.360868211089048 4.537426755121299 
2.0 3.3605659558062513 1.2212894704041126 
23.04076434626339 2.637545895615821 0.5472576586939981 
7.301629790002808 3.530011429905025 3.643873358727295 
2.0 12.538478514419957 0.8967486157192072 
2.9055113124559937 2.742488453199559 2.8283241647873076 
2.060319500001343 28.07642967831906 13.663434680886041 
2.0 34.78023164629275 20.534854044093613 
2.0 12.766867960634201 9.235904405833304 
4.3992662559296205 2.7608541114073333 2.612675143690627 
3.4708343887455326 2.8939887538876046 2.3527466335801224 
2.3002796909752417 39.455375162974775 0.3263469240362511 
2.0 21.43203758376705 28.04855094719488 
5.240317594261907 2.0488146552960433 0.017075506255662454 
4.090413629084207 2.0 3.5092540395950467 
17.481762950407848 3.0710316386738725 0.21838349160381298 
5.952024081912127 4.4330471319259255 0.43072160910959456 
3.935747155551855 4.282035118971677 0.7373890874841016 
3.183882841849004 2.5973851641208796 2.322192162953497 
4.284946265153142 2.0 2.132907656101948 
2.282022886241346 2.8610801313406853 1.056743405883786 
3.1962048898716233 2.855224571583435 1.721956961940695 
7.055093781829024 2.7118000450314064 3.238416813274937 
3.4631834409185065 2.9147461396568795 2.4292932107012737 
2.794997003185463 2.880968666197065 1.4420532140923008 
7.359958059657936 2.0 3.7709185323260126 
3.472001072704547 2.7438804899609655 1.026504181563818 
3.7402518707394363 2.9422936110761566 1.5972692332052596 
2.8593284606356795 2.5761244940673036 1.7640556488046304 
2.0 2.8374774411327857 0.7172348917614793 
2.572264016566479 2.927518295657998 1.409484520506699 
2.674485042279988 2.7911887115173064 0.6272379096537828 
6.45320697432628 2.381222579516937 4.12113330526926 
5.5167770859000465 3.7836459127932534 4.746047528165229 
3.0914449485035638 3.2351845886611095 3.267252259146873 
11.290391991874799 2.0 3.894173989662397 
2.1976619172243623 2.993015449960817 1.3298223933766407 
2.337087908691169 3.2888630759678126 0.5618078582448389 
8.619318999161667 4.139949823354741 6.219445285474539 
2.2000377571760317 52.32994447458025 0.23424961810975695 
4.427212180946931 4.287054848375087 4.097043647439525 
3.471342497187238 2.6715642022158663 3.3621432712245407 
6.651942022306846 3.3721698853491597 4.203088802902263 
3.8542662025574748 50.92372649568274 0.05292131670577377 
2.572614321074839 2.5315028506979265 2.273812264376793 
3.1783515824398823 2.0 1.2125079144195159 
6.031156806519134 3.9556437491017746 5.6380338494743105 
4.156281861344246 2.671313111231007 2.8520479416525744 
11.226515118549925 2.0 3.802059312816655 
3.920603381088536 2.6202242976136723 1.2093512400416948 
5.739805115627444 3.8818355116725365 5.110107350174145 
2.5959532888431713 2.5761396846698448 2.170508632763555 
5.5232892529712165 3.2584724862532415 4.736444900010849 
3.9263431740346526 2.957964063567912 4.02413994789888 
2.8355784301901696 3.026222963430551 2.104994576580844 
5.783114202771656 2.9381549766527018 0.8097679473928912 
4.234058499569569 2.736398963224095 1.0679542464535396 
4.188845073076487 3.920559700585879 2.577793549855125 
2.8331329628788473 3.0693256967817133 2.514703346452242 
2.2016054693892158 3.983846480031643 1.5961260933737402 
2.2241280791499736 16.83617739930551 9.520265885216997 
4.224262022110346 2.683799166372507 1.40644501306811 
6.830744756182558 3.972202486226024 5.909528515360682 
4.480066540078455 2.816707970612337 1.1848319811550896 
2.0 3.088122145047288 1.0444856764276724 
3.1621022070046267 2.941488909014463 1.7441956541990098 
2.0 18.225979641570788 10.391315678999407 
3.292039070123738 3.129832283079654 3.127933103688978 
2.0254402082969714 3.037038400127118 0.7608634909735508 
3.792842317951721 2.7380214684561284 0.8681059237160575 
2.656537507635185 3.1330678737934385 1.1550309533937655 
2.0 29.12540222841062 17.602547331048722 
2.941962648070298 2.7508305168199887 1.5137005354735213 
2.0 21.03706545358936 12.343482070704075 
16.885039243784092 2.022986738161876 0.12856073097022883 
3.426377614828671 3.0509705579709956 2.937341425142335 
6.111605673997316 3.008804702036328 0.7961612583638855 
3.4507828630452337 2.0 2.111211939125279 
6.254470442475116 3.8863119244423614 4.822366298127763 
2.823198821939684 2.892415875713616 1.4901438894655499 
4.017059845993267 2.139716707429026 2.0268350665360515 
2.4035866682370566 3.193442370160738 0.38886460072912954 
2.741627583018361 2.2076617655276554 1.3782477885312465 
4.860482147724868 2.8897028217338643 1.0513558217402699 
3.612277050625387 3.1944336918557283 2.711230952969362 
2.869709636681047 2.8300424852628274 1.6671037626418308 
4.06619328199833 2.0 0.7023670920379284 
6.423233902418815 3.9992084364868075 5.4552115256776545 
3.168348159555854 16.719418025801218 71.05126173504357 
6.826987920338237 3.878618537950761 5.380971912016736 
