0.017104100000 0.439706000000 0.388797000000 0.375592000000 
0.011728800000 0.479364000000 0.431184000000 0.418749000000 
0.011155600000 0.488588000000 0.441086000000 0.428741000000 
0.011813200000 0.479319000000 0.431214000000 0.418567000000 
0.019878400000 0.372318000000 0.318212000000 0.304499000000 
0.011660100000 0.485208000000 0.436858000000 0.424425000000 
0.088154800000 0.211949000000 0.163825000000 0.154873000000 
0.138721000000 0.155637000000 0.114475000000 0.108144000000 
0.029485200000 0.344807000000 0.291374000000 0.278059000000 
0.045377300000 0.290604000000 0.237835000000 0.226219000000 
0.012519800000 0.452085000000 0.401608000000 0.389054000000 
0.047173000000 0.283490000000 0.231096000000 0.219751000000 
0.013936500000 0.446118000000 0.395299000000 0.382450000000 
0.015170100000 0.443195000000 0.392392000000 0.379297000000 
0.396117000000 0.015599100000 0.009157370000 0.008950450000 
0.040209800000 0.300987000000 0.248617000000 0.236380000000 
0.368813000000 0.025805100000 0.015296000000 0.014569100000 
0.032421100000 0.339982000000 0.286862000000 0.273574000000 
0.478442000000 0.000321242000 0.000192439000 0.000185474000 
0.264744000000 0.063213000000 0.040153900000 0.038487500000 
0.408937000000 0.012964200000 0.006994430000 0.006773880000 
0.042937300000 0.294202000000 0.241979000000 0.229954000000 
0.035114300000 0.324290000000 0.271864000000 0.258788000000 
0.197031000000 0.108228000000 0.074739800000 0.070903600000 
0.126957000000 0.170351000000 0.126857000000 0.119716000000 
0.275443000000 0.058983600000 0.037081900000 0.035607900000 
0.176330000000 0.115844000000 0.084365000000 0.078289400000 
0.149281000000 0.143467000000 0.103709000000 0.098005600000 
0.375856000000 0.021683100000 0.012321700000 0.011830600000 
0.239777000000 0.077301300000 0.050660800000 0.048349500000 
0.069836600000 0.231148000000 0.181850000000 0.172148000000 
0.086880200000 0.216466000000 0.168186000000 0.159061000000 
0.034009500000 0.329459000000 0.276306000000 0.263555000000 
0.249250000000 0.072725100000 0.047195600000 0.045077000000 
0.111525000000 0.180131000000 0.137972000000 0.128080000000 
0.187262000000 0.112708000000 0.078381500000 0.074282600000 
0.049772700000 0.273831000000 0.221843000000 0.210832000000 
0.162911000000 0.135322000000 0.096834200000 0.091581600000 
0.081773800000 0.219650000000 0.171119000000 0.161965000000 
0.101593000000 0.189504000000 0.146117000000 0.135725000000 
0.143485000000 0.150908000000 0.109974000000 0.103913000000 
0.319976000000 0.041184700000 0.027849600000 0.025891300000 
0.122217000000 0.174541000000 0.130914000000 0.123800000000 
0.455579000000 0.002313310000 0.001197130000 0.001151620000 
0.384933000000 0.019198100000 0.010339100000 0.010270700000 
0.042066100000 0.299186000000 0.246087000000 0.234060000000 
0.037451700000 0.315473000000 0.262850000000 0.250198000000 
0.024202300000 0.365051000000 0.310999000000 0.297427000000 
0.053512100000 0.257168000000 0.206386000000 0.195563000000 
0.099809200000 0.197556000000 0.153561000000 0.143376000000 
0.064834100000 0.246330000000 0.195952000000 0.185868000000 
0.092780100000 0.207659000000 0.159963000000 0.151187000000 
0.033942200000 0.336036000000 0.282226000000 0.269422000000 
0.467173000000 0.001333810000 0.000648161000 0.000650454000 
0.038601900000 0.313617000000 0.261036000000 0.248469000000 
0.356316000000 0.028368100000 0.016871400000 0.016082500000 
0.100292000000 0.191944000000 0.148254000000 0.137768000000 
0.307106000000 0.047388400000 0.029974000000 0.028782100000 
0.076731200000 0.224620000000 0.175712000000 0.166298000000 
0.289065000000 0.052866600000 0.032675100000 0.031445000000 
0.022863400000 0.368418000000 0.314440000000 0.300926000000 
0.021830100000 0.372247000000 0.318254000000 0.304655000000 
0.202312000000 0.104220000000 0.071558300000 0.067884800000 
0.028426600000 0.348559000000 0.295089000000 0.281674000000 
0.157441000000 0.138165000000 0.099224800000 0.093849400000 
0.214398000000 0.094664700000 0.064029000000 0.060863800000 
0.067574000000 0.237152000000 0.187123000000 0.177093000000 
0.038971400000 0.306759000000 0.254272000000 0.241852000000 
0.097376800000 0.202572000000 0.155531000000 0.147194000000 
0.174636000000 0.125236000000 0.089291200000 0.084360300000 
0.131851000000 0.161516000000 0.119440000000 0.112915000000 
0.058254200000 0.250777000000 0.200334000000 0.189748000000 
0.439264000000 0.005088440000 0.002458890000 0.002481470000 
0.210882000000 0.097729300000 0.066401900000 0.063096500000 
0.106995000000 0.186554000000 0.140988000000 0.133131000000 
0.114800000000 0.180615000000 0.136167000000 0.128760000000 
0.203012000000 0.100091000000 0.070606400000 0.066226500000 
0.312248000000 0.042844400000 0.025619800000 0.024821500000 
0.128718000000 0.168548000000 0.125647000000 0.118465000000 
0.025149300000 0.357298000000 0.303604000000 0.290173000000 
0.230237000000 0.080767300000 0.055273500000 0.052063900000 
0.017575700000 0.422895000000 0.371119000000 0.356138000000 
0.335446000000 0.034468400000 0.022831300000 0.021424400000 
0.237103000000 0.079971800000 0.056060600000 0.052337300000 
0.419650000000 0.009136030000 0.004606440000 0.004621590000 
0.026524500000 0.353090000000 0.299907000000 0.286547000000 
0.296637000000 0.050768100000 0.033986600000 0.032047900000 
0.346021000000 0.030093100000 0.019151100000 0.018283800000 
0.036454700000 0.321746000000 0.269021000000 0.256208000000 
0.256372000000 0.068822200000 0.044324900000 0.042393200000 
0.328387000000 0.035425800000 0.020597000000 0.020073100000 
0.047380000000 0.279348000000 0.227399000000 0.215776000000 
0.024710700000 0.361551000000 0.307649000000 0.294022000000 
0.067827700000 0.236740000000 0.187067000000 0.177097000000 
0.429050000000 0.006710460000 0.003333090000 0.003334480000 
0.072800600000 0.230170000000 0.180963000000 0.171308000000 
0.224917000000 0.087410400000 0.058401100000 0.055575700000 
0.171398000000 0.127657000000 0.090571300000 0.085703800000 
0.051060700000 0.262010000000 0.211030000000 0.200024000000 
0.409035000000 0.012115500000 0.006569800000 0.006324970000 
