12.382608075530896 2.86449312001012 183.01359057237283 
2.0 18.21198297393443 178.10371728458054 
2.0 23.04790841691881 180.4859529546784 
2.3003816850123555 18.74358824405858 179.35092254532873 
27.56896439890133 2.0 5.964966567394241 
2.0 19.61448282928019 192.92096660655517 
5.324096713681271 2.0411567001979387 2.0634623086766886 
6.240744106167112 2.0 1.5630604907583179 
5.940895505499331 2.05208985759773 4.759727779807541 
31.33359879623139 2.4041059551142405 2.8469177876530862 
27.074705878828883 3.0313453288820003 128.0 
25.246644411547976 2.0 2.7595817617278136 
17.69295873158319 3.05447318734638 69.41040176143065 
14.964632222547188 2.8629741107904603 97.60069286189025 
9.640150688638524 2.780423701742288 0.36714033818183667 
4.741948150945772 2.0 3.279431162253453 
20.193808434632714 2.149585051353026 0.5485079732100315 
4.829344048443872 2.1080791705901274 4.852434230430477 
2.0 2.067040828358969 0.029579949613545233 
2.0 2.0 0.9627013442850384 
11.519973820205797 2.266265308316982 0.38934228495163503 
5.031730393910683 2.0 3.147960815533068 
3.9304045332178497 2.0 4.065159857634879 
2.0 2.0 1.2930619672628287 
4.821205896118491 2.140606631747549 1.6969464824447305 
2.23325502709875 2.1284997662514207 0.9294356108108275 
2.0 3.76220574340445 1.2913615041478423 
2.0 2.0 1.5598687201497512 
4.524404179727375 2.025307193135008 0.526786088778626 
2.0 2.084715884366837 1.0666142038084514 
4.060049430101002 2.0 2.341624555428093 
18.453550734393453 2.0912629357098846 2.0300588695814867 
9.498992597998278 2.120801265891364 3.735690231705962 
2.0 2.0 1.0364317528064824 
2.0 4.210319146543596 1.7888835646391168 
2.0 2.0 1.3285490112493945 
25.197939114666205 2.4481684516020437 2.652846575315142 
2.0 2.0 1.4966659421065613 
4.016340779792596 2.1834065589019196 2.1988251730419135 
2.0 4.326180010762389 1.874784918230833 
2.0 2.0 1.6195832262717278 
2.0 5.3713058734426395 0.6858179028656433 
6.7421274699224245 2.1957553229384557 1.7041718508340953 
12.724820268395103 2.0 0.14362481454793397 
2.0 2.0 0.5376837586783969 
18.3472179435433 2.0662322803093613 3.005543574321299 
5.121142838099629 2.1089885855129986 3.6202130999467963 
26.72378029558479 2.329285046088107 5.211240921321598 
3.9927223278814674 2.0 2.6629748701619462 
2.0 2.555095425963174 2.062191581637052 
24.804659637509026 2.3114029196581094 2.275203687163372 
5.3482455742276525 2.1546229196679763 2.0233276071957293 
26.039489871378173 2.1010403652964493 3.7618561809539965 
2.0 2.136448792021598 0.11949794937770558 
5.453878664798296 2.121044983623734 3.566335070909888 
15.660182248765356 2.1290000138859586 0.5703774601656677 
2.272898112488008 4.1655336402940115 1.8954933323051049 
2.0 2.5651728019675653 0.7374317972254649 
4.03885192054013 2.0384642267188156 2.2532616576409397 
2.0 2.0 0.8770157936561522 
24.959651710591597 2.0 5.587683048149083 
24.89202103924555 2.297423798529748 5.955121955463782 
2.0 2.0 1.2617096271643153 
5.5005027058410825 2.063134487906047 5.072922068817009 
2.0 2.0 1.520081545266029 
2.0 2.0 1.192930742839346 
4.924202913561966 2.2365716401325453 2.335854620774545 
4.840090090088122 2.4906406012461315 3.3963272601702412 
4.310137702618496 2.0898741117151016 2.0166750283490216 
7.265227335109731 2.0 1.3333380094089908 
6.433829969980204 2.170837291570939 1.6133837806332159 
3.5606855348399393 2.0 2.5768681156610684 
2.0219629685999294 2.056595853196772 0.2663286650112449 
2.0 2.0 1.214228928884639 
4.603883286335127 2.100378718398296 1.8390745814397178 
6.726842191606854 2.0825345652212093 1.7596096237315764 
2.0 2.8364174238847877 1.1933865169046798 
2.0 2.0 0.7946616748993784 
8.277558669138472 2.018365958642544 1.6584891513854014 
12.529377743925291 2.4461484350979266 5.137219373861464 
2.0 2.988145739867697 1.0366819681676331 
28.24522926340482 3.0167570188419903 11.799004481646662 
2.0 5.64807947989792 0.5976055359447856 
2.0 3.8417316771157886 1.0196278010186255 
2.0 2.0 0.3653167077205387 
7.421829608565312 2.0 5.397611380968965 
2.3872978013305017 3.745500594190589 0.7717923954138601 
2.2977024129038908 3.8785124138669618 0.5758254173531644 
5.021405039372397 2.0928150664304552 3.8353587624208947 
2.2976159011611923 2.0 1.0016007664834294 
2.0 2.0 0.7246756751017145 
4.734623550427179 2.3323133777187737 2.893010147155308 
20.214627981918845 2.248825486001313 5.140887290328244 
4.271213374154749 2.0 2.4040592831086447 
2.015373085653425 2.0009785741894808 0.30667654495054675 
3.558092378493619 2.1035942936585164 2.3333206400352076 
2.0 2.0 1.143859730324735 
2.0 2.1782281093534235 1.4407719864142245 
3.8023680623271425 2.1306110213477996 2.7233322110870644 
16.69639829317679 2.0006474227342927 0.3780927128260817 
