0.445615000000 0.017807500000 0.013747100000 0.014489400000 
0.008891580000 0.453309000000 0.434348000000 0.436329000000 
0.476786000000 0.006895450000 0.005104370000 0.005539650000 
0.467162000000 0.010324700000 0.007771680000 0.008322230000 
0.010728800000 0.442408000000 0.423118000000 0.422702000000 
0.352210000000 0.056181500000 0.045958000000 0.047526400000 
0.028083300000 0.346947000000 0.327349000000 0.323676000000 
0.457824000000 0.012386600000 0.009836170000 0.010696800000 
0.369853000000 0.048920100000 0.040049000000 0.042395400000 
0.025439300000 0.367338000000 0.348011000000 0.344398000000 
0.510128000000 0.000528942000 0.000327804000 0.000371865000 
0.277972000000 0.089508600000 0.076349400000 0.078904600000 
0.008541580000 0.475952000000 0.456326000000 0.455588000000 
0.014262700000 0.423970000000 0.404785000000 0.404586000000 
0.017965300000 0.415644000000 0.396504000000 0.395187000000 
0.427521000000 0.023841700000 0.018447800000 0.019445200000 
0.334529000000 0.060506700000 0.050751700000 0.052707700000 
0.329705000000 0.064756200000 0.053971800000 0.056158100000 
0.123909000000 0.177986000000 0.157937000000 0.157512000000 
0.248892000000 0.100669000000 0.086309700000 0.087740300000 
0.151586000000 0.155746000000 0.136870000000 0.136953000000 
0.175595000000 0.146871000000 0.128578000000 0.128979000000 
0.058107900000 0.276456000000 0.253720000000 0.250747000000 
0.320570000000 0.068256400000 0.057146400000 0.059741200000 
0.121532000000 0.180832000000 0.160609000000 0.160099000000 
0.019015300000 0.409501000000 0.390402000000 0.389779000000 
0.080898800000 0.232381000000 0.210493000000 0.208824000000 
0.010552900000 0.448610000000 0.429338000000 0.429719000000 
0.013344300000 0.428033000000 0.408812000000 0.408290000000 
0.374157000000 0.044445900000 0.035821400000 0.037325200000 
0.102165000000 0.214576000000 0.193298000000 0.192415000000 
0.060784300000 0.272207000000 0.250467000000 0.247871000000 
0.388810000000 0.033754800000 0.027065600000 0.027163000000 
0.212733000000 0.117011000000 0.100949000000 0.101921000000 
0.011428400000 0.436743000000 0.417691000000 0.418588000000 
0.429214000000 0.018854200000 0.014903500000 0.015166500000 
0.343269000000 0.057233000000 0.047334600000 0.049593900000 
0.135468000000 0.169275000000 0.149642000000 0.149392000000 
0.067790500000 0.260608000000 0.238623000000 0.236187000000 
0.045547500000 0.295435000000 0.273126000000 0.269304000000 
0.063231500000 0.269010000000 0.247177000000 0.244613000000 
0.243674000000 0.102684000000 0.088074900000 0.089382700000 
0.295908000000 0.073869900000 0.061753900000 0.063572700000 
0.039906500000 0.312073000000 0.291115000000 0.287167000000 
0.353061000000 0.049369900000 0.040802100000 0.042831700000 
0.070349200000 0.250334000000 0.228230000000 0.226158000000 
0.051873200000 0.285011000000 0.262481000000 0.258844000000 
0.027679900000 0.361377000000 0.341257000000 0.336831000000 
0.403854000000 0.029767400000 0.023402200000 0.024715800000 
0.224445000000 0.112744000000 0.097208700000 0.098364200000 
0.499293000000 0.002051940000 0.001489110000 0.001730150000 
0.098090600000 0.220293000000 0.198001000000 0.196070000000 
0.077635800000 0.237576000000 0.215615000000 0.213809000000 
0.211074000000 0.125472000000 0.108477000000 0.108732000000 
0.056102300000 0.279689000000 0.257022000000 0.253988000000 
0.032496500000 0.331770000000 0.311467000000 0.307167000000 
0.073932200000 0.245085000000 0.223007000000 0.221023000000 
0.127972000000 0.175533000000 0.155593000000 0.155180000000 
0.313941000000 0.072693700000 0.059333300000 0.059567000000 
0.015404700000 0.421113000000 0.401953000000 0.401672000000 
0.259180000000 0.095225000000 0.081382900000 0.082866400000 
0.020807700000 0.399274000000 0.382648000000 0.378080000000 
0.090003500000 0.220253000000 0.198611000000 0.197192000000 
0.048472900000 0.292644000000 0.270278000000 0.266511000000 
0.384182000000 0.038598000000 0.031158700000 0.031601600000 
0.407213000000 0.029485600000 0.022584400000 0.023298500000 
0.051858900000 0.286708000000 0.264767000000 0.262045000000 
0.036122800000 0.317114000000 0.295378000000 0.291871000000 
0.290061000000 0.080405900000 0.068176100000 0.069904000000 
0.034616500000 0.324825000000 0.304279000000 0.300133000000 
0.024596200000 0.384639000000 0.366591000000 0.362564000000 
0.045463100000 0.304648000000 0.283558000000 0.280396000000 
0.144989000000 0.160916000000 0.141728000000 0.141684000000 
0.025435400000 0.380752000000 0.363036000000 0.360138000000 
0.230430000000 0.110045000000 0.094720100000 0.095957200000 
0.421215000000 0.026094800000 0.020541300000 0.021029000000 
0.264083000000 0.091524300000 0.078056700000 0.079627700000 
0.301530000000 0.071271600000 0.059413100000 0.061281200000 
0.161246000000 0.147325000000 0.129003000000 0.129284000000 
0.486654000000 0.005691200000 0.004043090000 0.004276250000 
0.008796690000 0.470351000000 0.450767000000 0.450460000000 
0.033758600000 0.326311000000 0.305892000000 0.302462000000 
0.281004000000 0.084057800000 0.071432000000 0.073088000000 
0.196367000000 0.125683000000 0.108890000000 0.109651000000 
0.189354000000 0.128965000000 0.111892000000 0.112588000000 
0.012029600000 0.432150000000 0.412916000000 0.413099000000 
0.030888100000 0.338199000000 0.319368000000 0.315463000000 
0.220020000000 0.115039000000 0.099334100000 0.100410000000 
0.025911800000 0.366234000000 0.346877000000 0.343297000000 
0.186180000000 0.138607000000 0.120974000000 0.121569000000 
0.075913900000 0.239876000000 0.217872000000 0.216004000000 
0.021456700000 0.391583000000 0.374642000000 0.370019000000 
0.020413900000 0.410554000000 0.391379000000 0.389759000000 
0.065952300000 0.264386000000 0.242457000000 0.239988000000 
0.103853000000 0.202214000000 0.181154000000 0.180132000000 
0.380884000000 0.039862600000 0.032098300000 0.032454800000 
0.029535300000 0.342819000000 0.323017000000 0.319385000000 
0.021029500000 0.396309000000 0.379555000000 0.374936000000 
0.184364000000 0.144676000000 0.126461000000 0.126442000000 
0.042511500000 0.306167000000 0.285046000000 0.281139000000 
