2.0 79.79151261570512 0.13407757021911237 
2.0 17.593166914155237 0.0 
2.0499415166610127 47.496685425989114 0.007894487745226275 
2.0 61.734341233843374 0.09890445337480891 
2.0466233967479854 37.95246956621725 20.725553314112375 
2.3855369167230656 65.85398322660204 0.7055799297425247 
6.148705237260828 4.258492575106899 4.655266737073961 
3.402806519018042 50.224578458144165 0.18139411222410295 
2.000281795291864 7.964087924272347 0.7368188108868786 
4.8939499212996855 7.585207363746252 4.918026791198213 
2.0 2.0 0.02544358305554839 
2.2404639932346067 10.033386882191712 1.0662545421207739 
2.883693338458884 21.6817763460812 129.31440231349794 
2.0115349255138963 21.129166144142573 15.016445512872862 
2.1216458883578317 30.74803173100819 11.482711843380049 
7.585239973769998 4.216228301433228 0.4481601952568903 
2.656752299795042 2.23282052573593 0.9556028801399323 
2.0 40.75167170675798 0.8216065102762595 
2.625462199938001 2.5325369423765607 1.8737292868456517 
2.6523449861987825 2.0 1.2801298530054868 
2.5655210136854696 2.7169269256855664 1.6764980751140244 
2.9009496723073465 2.0 1.673609989413153 
3.999424689484478 4.07118584176242 2.906827283249192 
2.003476220180409 4.825159993855996 0.9250482726653397 
3.193555845693544 2.8612961507538586 1.8991861163318047 
2.1314410629051475 17.006369082414775 10.605113563142844 
2.5293020425080224 2.764842675615725 2.460807337900154 
2.431376117224743 28.46214973666546 25.567001334024752 
2.0 26.49336159681363 15.715508350200189 
2.046548627348532 60.792695460658294 0.6926287048696133 
2.5923139088286944 2.2627779504015852 2.4078681259952885 
4.397887751617342 2.0 3.335112085515832 
10.556607474452418 23.448832339060434 0.39106099514835035 
3.063663026120312 3.3191727004219254 1.3631627991305857 
2.294412949237699 17.52124460240157 20.02833859744397 
23.506840042187953 7.8866296568776155 0.3400657976033179 
2.2529647125948635 6.7459458937575745 0.818420443301911 
2.744297305529047 3.3845041388111667 1.7896605020993415 
4.251751999000854 2.0 3.0927240831456415 
3.950478055233445 2.967433040709455 3.4342582173661356 
4.376368554013487 2.0 3.2690841859261806 
2.5729777674890077 2.0 1.2984000172940255 
2.216079927381675 2.58299185196352 1.0130398736630788 
5.896392861076283 3.0113184856816027 3.723562241886514 
2.762669605566062 2.8141870544329555 0.8295209031573869 
2.7936112765016237 3.3812413732835056 2.7150653406248813 
4.269050915897584 3.1651553823927188 3.2093481038198686 
6.309938079672518 6.4506547210122696 4.760905757908054 
2.268309047916649 45.88168056718797 0.535507656392786 
2.6757589811104063 2.0 1.3794183115281153 
2.0838631799198035 13.499128558034117 0.0740976012389396 
3.5492225441718377 2.0 2.4373927486921003 
2.5687854130198073 2.967229663437803 2.5382436772233707 
5.26368609296327 3.2463236920984304 1.3294444915862407 
4.447435441450257 3.5464378453294083 2.952000576376524 
6.487506127610825 3.173331551143489 4.30491887462081 
2.9032629727962442 2.9160574224546894 2.6439613818559033 
3.356785471527715 3.3765908238475197 1.8537327821078997 
3.517507143388248 2.097261470697115 0.9989548149268348 
2.0 19.48722592383528 14.177366941737768 
2.662636129640114 2.4190649994899642 1.2351862533937477 
9.450343450148555 3.9800547065202854 7.608816085881427 
2.788934937064916 2.8095414974836457 2.3189867484624784 
4.0007394516233665 3.010034849148945 3.3690568065215336 
8.272016901203783 33.22404750213007 0.4511467366856361 
3.886205415452157 3.4778019987767284 0.5670025433132173 
3.123688004876913 3.1234918750501905 3.3586256996810118 
4.2882679397880095 3.68305608443832 3.7305202260863544 
3.360822369058382 2.0 1.1227977465412238 
6.094967681549714 2.95393069155737 4.074879681708769 
6.003936608527044 4.321585271631379 7.070247433378085 
5.570922178032205 3.838627373396208 3.430061262989554 
3.076088811505374 2.8326722450751993 1.7178828271854758 
5.337127211863104 3.890154688774488 6.640358873415216 
2.7162787254947576 2.0166464845743377 1.3557636208552462 
8.633396141619343 21.88917317681404 0.06289105652974884 
2.7551522898339345 2.0 1.2084414612353334 
2.0 3.135023587323076 0.9883442509559957 
2.999248577137352 2.816856891852057 1.6104605556757368 
17.086570419748057 2.0 0.20874096326452785 
2.8003828446488477 17.294915224374144 51.478030881606045 
6.194737053989572 4.039885712312105 3.9886621669054367 
2.8648686017441873 2.093152456224588 1.1536099254049637 
3.095332484985428 2.7411814805074353 1.4294815561321172 
3.190713654054019 2.8167685150021207 1.4538993631402477 
2.0 21.257283953240933 18.10562682743826 
11.015139677207207 2.0 4.790772114486526 
2.7835259801372443 2.0 1.403871077800316 
4.918460210371602 7.944364714728247 4.826370991454446 
3.2093133509314846 2.0 1.5933016786546643 
2.7608485057163534 3.426614292297942 2.570586657244663 
8.76345036904873 3.9872302125404415 6.8485759904599135 
2.0 39.67238658781243 9.806730273991501 
3.6618064052751276 2.0 3.1687492531112724 
2.645016616058273 2.5819325840391683 2.1166969124227677 
5.99124392702598 45.18045679206412 0.12349103547772859 
6.090939013469959 4.220429135768745 4.5091346489786535 
9.220093526599747 3.9780724085181385 7.270229364331229 
4.538147691763994 3.484245930907825 1.4874376812606207 
5.95803379697886 2.988009554911007 3.5801855954935506 
