0.004617690000 0.178078000000 0.151364000000 0.157711000000 
0.171497000000 0.013949900000 0.011129000000 0.011608100000 
0.234064000000 0.004207350000 0.003289210000 0.003461320000 
0.061701800000 0.063427700000 0.049395500000 0.052179300000 
0.129957000000 0.026487700000 0.020645800000 0.021590300000 
0.020304700000 0.118284000000 0.094770100000 0.100208000000 
0.057777900000 0.066925500000 0.052187600000 0.055142300000 
0.092550800000 0.042826800000 0.033267900000 0.035027500000 
0.064554700000 0.061249000000 0.047650500000 0.050308300000 
0.083713500000 0.047714100000 0.037049400000 0.039039000000 
0.117478000000 0.030403000000 0.023747600000 0.024938200000 
0.192824000000 0.009786310000 0.007868920000 0.008192000000 
0.112765000000 0.032032100000 0.024995200000 0.026263000000 
0.004730220000 0.178054000000 0.151343000000 0.157689000000 
0.025651900000 0.105840000000 0.084862400000 0.089369800000 
0.015051400000 0.128965000000 0.104926000000 0.110310000000 
0.012705800000 0.136534000000 0.112487000000 0.117946000000 
0.027088200000 0.103841000000 0.083148200000 0.087569500000 
0.015728000000 0.126984000000 0.101162000000 0.107963000000 
0.227784000000 0.004860530000 0.003823410000 0.004006810000 
0.280050000000 0.000056940800 0.000005178410 0.000002959730 
0.008095740000 0.153774000000 0.127875000000 0.133820000000 
0.007546900000 0.155429000000 0.129801000000 0.135819000000 
0.008976460000 0.146597000000 0.121660000000 0.127446000000 
0.167109000000 0.015609700000 0.012252100000 0.012794400000 
0.021647000000 0.113166000000 0.090919800000 0.095686900000 
0.106241000000 0.035597500000 0.027701800000 0.029128200000 
0.005640510000 0.167732000000 0.141085000000 0.147329000000 
0.050653000000 0.075695000000 0.059814700000 0.062894400000 
0.066458200000 0.058810200000 0.045711900000 0.048232400000 
0.070504200000 0.057164600000 0.044406600000 0.046842700000 
0.090281500000 0.044298400000 0.034416100000 0.036240400000 
0.023330700000 0.110894000000 0.088364300000 0.093507100000 
0.005455970000 0.170092000000 0.143359000000 0.149641000000 
0.102480000000 0.037370600000 0.029077600000 0.030576100000 
0.221373000000 0.005717190000 0.004546830000 0.004754660000 
0.005017760000 0.171541000000 0.144766000000 0.151063000000 
0.143561000000 0.021759200000 0.016978100000 0.017737700000 
0.056757000000 0.068756400000 0.053605800000 0.056663100000 
0.088175800000 0.046127500000 0.035907900000 0.037606300000 
0.207222000000 0.007605870000 0.006089890000 0.006343070000 
0.097119800000 0.041247100000 0.032030300000 0.033711400000 
0.109983000000 0.034058300000 0.026528300000 0.027887600000 
0.187475000000 0.010864300000 0.008720850000 0.009084700000 
0.023983000000 0.108376000000 0.086263100000 0.091289500000 
0.005927560000 0.165013000000 0.138466000000 0.144676000000 
0.039634200000 0.086320200000 0.067852300000 0.071816800000 
0.013631300000 0.133798000000 0.109326000000 0.114889000000 
0.007018570000 0.157528000000 0.131757000000 0.137825000000 
0.036575800000 0.087985900000 0.069200100000 0.073251900000 
0.074730900000 0.053315100000 0.041386700000 0.043626900000 
0.010650600000 0.143874000000 0.119138000000 0.124839000000 
0.240479000000 0.003894160000 0.002812500000 0.003047830000 
0.040700000000 0.084114100000 0.065976600000 0.069800500000 
0.008164880000 0.151230000000 0.125902000000 0.131820000000 
0.078938500000 0.051295900000 0.039992400000 0.041902400000 
0.046409100000 0.078072800000 0.061086100000 0.064613700000 
0.011941000000 0.138575000000 0.114318000000 0.119851000000 
0.147521000000 0.019902600000 0.015761400000 0.016484000000 
0.032161700000 0.096049600000 0.075871300000 0.080306600000 
0.013586500000 0.135201000000 0.110594000000 0.116196000000 
0.021201100000 0.115711000000 0.093135000000 0.097990100000 
0.181913000000 0.011571200000 0.009268220000 0.009658480000 
0.006545540000 0.162210000000 0.135789000000 0.141948000000 
0.248803000000 0.001591470000 0.001116030000 0.001203700000 
0.051373000000 0.073050200000 0.057621800000 0.060576400000 
0.119056000000 0.029269400000 0.022896800000 0.024027400000 
0.029068900000 0.099732100000 0.079561400000 0.083836300000 
0.034483400000 0.090163100000 0.071013100000 0.075153600000 
0.132917000000 0.025359600000 0.019781600000 0.020677000000 
0.080918300000 0.049536600000 0.038450500000 0.040514200000 
0.030821800000 0.098026800000 0.077825900000 0.081957300000 
0.018666700000 0.120323000000 0.097215000000 0.102257000000 
0.151669000000 0.018926400000 0.014984300000 0.015670200000 
0.137749000000 0.023671000000 0.018632400000 0.019513800000 
0.011323500000 0.140887000000 0.116420000000 0.122029000000 
0.013798200000 0.131501000000 0.107237000000 0.112718000000 
0.059825400000 0.064936500000 0.050583900000 0.053433000000 
0.160610000000 0.016535500000 0.013143800000 0.013730600000 
0.016339800000 0.124172000000 0.098695600000 0.105383000000 
0.018007300000 0.121666000000 0.096494900000 0.103096000000 
0.071891300000 0.055378500000 0.043027600000 0.045378900000 
0.006717210000 0.161615000000 0.135595000000 0.141760000000 
0.027818700000 0.102165000000 0.081694100000 0.086052700000 
0.214204000000 0.006666420000 0.005207390000 0.005494200000 
0.008828160000 0.148996000000 0.123860000000 0.129711000000 
0.155305000000 0.017715700000 0.014051900000 0.014683700000 
0.045636200000 0.080024100000 0.062661900000 0.065950300000 
0.259123000000 0.001042180000 0.000732286000 0.000797148000 
0.054605000000 0.070551300000 0.055054100000 0.058204700000 
0.199172000000 0.008723520000 0.006982670000 0.007266860000 
0.042617800000 0.081346500000 0.063709200000 0.067404800000 
0.016266800000 0.125739000000 0.102062000000 0.107322000000 
0.098956600000 0.039017100000 0.030364500000 0.031940900000 
0.033071500000 0.092643900000 0.073045100000 0.077326300000 
0.269635000000 0.001000010000 0.000674587000 0.000731483000 
0.273090000000 0.000412493000 0.000270425000 0.000285596000 
0.245722000000 0.003106280000 0.002342330000 0.002503790000 
0.126567000000 0.027477100000 0.021520200000 0.022578600000 
0.176879000000 0.012915400000 0.010343200000 0.010782300000 
