2.0 16.572852696519526 26.914500182835763 
2.0 2.0 0.8098691962395321 
2.4053477794981895 2.489412477615619 0.533698270403011 
2.0 2.0 1.393136075867008 
2.0 3.026306695393125 0.9950738386116217 
2.034512917920178 2.0069393132163245 2.0602207853625445 
2.0 2.0 1.4316765271256333 
2.0 2.0 1.1882867902838268 
2.0 2.0 1.371760504089774 
2.017794028783857 2.0 1.241051783285219 
2.0 2.1251052527287397 1.055810909725941 
2.0 2.0 0.7140888312319089 
2.0 2.0 1.0758988401535186 
2.0 17.064094225778142 5.967924046192864 
2.0000574015960044 3.820563714230257 1.9178298196380634 
2.0 5.43597417580879 2.269896563432832 
2.022397124849047 6.743750141663064 2.528746860115118 
2.0 3.6721635344574173 1.8935466348702468 
3.0586217382238057 2.0 2.237383228987069 
2.0076360488755562 2.0 0.5629712924347323 
2.0 2.0 0.10718008710284899 
2.0 8.705539342647125 3.0164063406664843 
2.24495243062327 7.046866271799243 3.1567877057089144 
2.392465564445205 7.31739285575795 2.8199188282785066 
2.262947771458973 3.2452318536017755 0.8333641977284336 
2.1360502857124777 4.831323411096946 1.9964263716968413 
2.4223816594551977 2.3220837420897027 1.1122908142615184 
2.209648322424534 9.354914110066927 4.12673763664972 
2.3823851891033097 3.491730958614675 1.5446222799509746 
2.0 2.0 1.3485642745229127 
2.258955582909524 2.3619578455614416 1.3343870385024625 
2.0092885795852555 2.0156017675782665 1.2076628433999996 
2.0 2.0 1.9464666943271047 
2.0 8.907470124406526 4.5518702427371185 
2.0086045049916823 2.249047981145741 1.13198011712885 
2.2913431519151652 2.0 0.5978075175481989 
2.272874653031004 8.822853997570169 5.517222284995521 
2.2114653668813693 2.885020756945473 0.9347856123249738 
2.0006806091093976 2.0 1.4521598211908666 
2.1329906743128357 2.515700185497175 1.2209024853283879 
2.0 2.0 0.6579577678878044 
2.1218438839212586 2.4382922067628963 1.1758923020473124 
2.0051487388150915 2.0 1.094368303138955 
2.0457978230408513 2.077217383910335 0.7420271693472995 
2.0389316124703702 2.0 1.9073841053101348 
2.1761379970702883 9.115878236099903 3.784009652765993 
2.0 2.0 1.6355550944372808 
2.0 4.56211373551102 2.376570937727469 
2.0 6.705978695340307 3.282701530143432 
2.3614349934204966 2.0 1.6548788391890088 
2.0 2.0 1.2916894384855273 
2.1829231570568264 6.567301731610596 2.7216889637494948 
2.0 6.959665667908363 0.483930889397012 
2.0240685111371253 2.0983277281391435 1.612994005873026 
2.0 6.605928588011123 2.974640372050981 
2.0 2.556033391106808 1.2804280703544797 
2.0002371470161195 2.0 1.5457130578612133 
2.154118273957171 6.584855744942602 2.5881789983812715 
2.0 2.0 0.9115898704330014 
2.3751850251952757 2.3537649346377587 1.7534207905803303 
2.0169662678574967 4.994549903643722 2.3971565922855964 
2.1852247428344773 4.7702141160235225 2.037074978692484 
2.1449117601081578 2.0019362684566566 0.7556539615547383 
2.189207832850498 8.501757971184837 3.5093719230336418 
2.0009474509304415 28.369888415902604 0.2944406073338776 
2.3168289453321727 2.8194060159908245 1.5097586931711149 
2.0 2.0 1.0408629624094343 
2.1320670153816605 3.5316163995250367 1.832460035649432 
2.334787210573446 2.0 1.681405805367017 
2.0 3.0761306524269623 0.9803663246362744 
2.1653438456712255 2.3706853905701952 1.2561081632931819 
2.0 4.882179585083832 1.7949424319344165 
2.00321944074374 4.547165890189156 2.114728008732391 
2.0 2.0 0.8977117090800432 
2.257346604286718 2.0 0.9649657916173404 
2.0 7.400781705104968 2.640354872137824 
2.0002329680777087 4.874989394681561 2.3358459128505076 
2.0083454327338344 2.0589149392339 1.4067970169793318 
2.060988307173216 2.0 0.8545819509108945 
2.8475748435502166 2.0 2.1835807676001076 
2.9413730911851443 2.3253930547469985 2.128906332939075 
2.2080648092803727 2.463969006236005 1.3151487158038486 
2.0 7.136103145437756 3.5347163632679077 
2.0397491144240174 4.278234590102628 1.8664775032662178 
2.085788425363352 2.7691731250146963 0.6215322379126814 
2.2529573665576597 6.993364762021779 2.8808716141582478 
2.209957958809203 2.255478297750378 0.8752976205138548 
2.094208898078182 4.736980166494568 1.5683656232197078 
2.0020160868338284 29.213588501536556 0.25851427279553674 
2.145181155948261 2.041764034528042 1.464901035853854 
2.426609922751914 2.0 0.6888234123107457 
2.0722088095120936 2.0640985462633017 1.5884590057033179 
2.1349828785635014 4.85388475944211 2.209312083454901 
2.005630644581819 2.1931305467641433 1.1508208803793971 
2.0 2.0 1.7096067520814868 
2.0011389438333964 2.062054914069296 0.3047527490100893 
2.0 2.406992185041326 0.24458714753102123 
2.0 2.281869519481972 0.46673041918129543 
2.0005589037396216 2.004705717783677 1.0172995516821204 
2.0 2.0 0.7888431800350411 
