3.212125059124966 5.147906380566943 250.77457140471762 
3.2089818375882935 8.145589717039162 233.52617465818062 
3.850359421518616 7.721896750783592 236.42613426082477 
3.955077267736695 4.728568930821927 250.59030198347855 
2.5295812691595376 9.765911332519797 237.39679586972363 
2.54339716509992 5.560709982575253 254.11062674798703 
4.464248455448033 10.397085494261425 224.11650324959047 
2.0 2.0 2.114444358664798 
5.453036781595465 2.000924653990801 4.726070009928009 
2.0450523137087884 2.0858160240664683 1.2780896492526495 
2.8429686661256226 3.4813152945703134 0.5582299346389021 
2.08004731965436 2.150649338036314 2.0582732765375 
2.0 4.578338491889683 3.629949933154141 
3.381058540905957 4.307881130377661 6.757233718842599 
3.594825338005097 2.2413497692792284 1.5145863256983265 
2.2884362896473514 4.942277711657823 3.855448050577542 
2.6866117941290284 2.291335617900883 2.3117360203131367 
2.296070460649309 6.341352457317912 0.4143595641978874 
3.5592412941722755 2.258780199780511 1.7556010823589598 
2.000463529772122 4.763858984447307 4.1352473722566065 
4.00279932088466 2.0 0.5778328929245875 
2.0 2.0 2.603651455609544 
2.0 2.389086547246837 1.7556010823589645 
2.0 3.0325718113816627 3.939702417925429 
2.0057595359122575 2.0 0.004362541386626617 
2.013292673094595 6.640832181490478 7.588864212325213 
2.000066285486534 2.2196642799108273 2.7877542564804476 
2.0 2.099469702526644 0.8763287783310845 
2.14437583407336 2.0 3.030548282482086 
3.0006285676728504 4.303181358366791 7.412077354686101 
2.0 2.169254499877987 2.9793443812742226 
2.0105145117562704 2.0109007197241886 1.403795158808623 
2.0040555499989505 8.03065287308847 8.78139001572755 
5.893125600895313 2.319994535261043 12.283681282193989 
2.3369653849713345 8.319614173265062 0.28636782480613 
2.0299474423589636 2.111403145808066 1.4070243169243388 
2.013298455924064 4.835454942238869 3.6063690227866694 
2.177682394314431 2.059534284598387 1.9223141787546894 
2.011953453891431 2.0 3.2679272505032912 
3.5886715836935874 8.002801678720465 13.048737935869957 
3.5927017642080368 2.228519511605298 1.5914745395682106 
2.023534749012025 2.457881444896554 1.0122863771248958 
2.3580636475997547 4.656536766501769 3.329476331524077 
3.598392527961029 2.0203271908862863 2.088234330354388 
2.0141769475973668 4.912215360526646 4.067743157507609 
2.0 2.1389714608089254 1.0793985444504417 
2.22764820881179 2.1581229913467084 3.210210586689559 
7.602681357878566 2.305798568428202 5.688021548840505 
2.289954501851102 4.202505076000289 3.5512803702703786 
3.4205417376600957 6.625413522027861 0.8760113659228621 
2.024648453005081 2.0 1.5168275658294208 
2.4356139810835886 5.302701896072792 3.847484998693741 
5.238115653419083 6.114487686539183 0.27138763459579707 
2.3429321113108226 8.119926298986485 0.10847043624220909 
2.0 2.0 1.2647873994604177 
2.1054924427338104 3.3815389947344103 0.6551481565707888 
