0.072478300000 0.637478000000 0.624780000000 0.630086000000 
0.075720800000 0.617129000000 0.604904000000 0.611030000000 
0.145338000000 0.310079000000 0.287286000000 0.313064000000 
0.674207000000 0.013543700000 0.010190500000 0.014116900000 
0.089022600000 0.441682000000 0.421026000000 0.440065000000 
0.069849500000 0.644274000000 0.632442000000 0.637431000000 
0.286294000000 0.175368000000 0.156121000000 0.179241000000 
0.647474000000 0.018737600000 0.014381600000 0.019687400000 
0.075415600000 0.629414000000 0.616001000000 0.619181000000 
0.100128000000 0.381711000000 0.359281000000 0.382607000000 
0.182088000000 0.267585000000 0.245244000000 0.271477000000 
0.765924000000 0.000715792000 0.000727634000 0.001195170000 
0.087871600000 0.573097000000 0.556573000000 0.562900000000 
0.172710000000 0.280067000000 0.257515000000 0.283753000000 
0.527123000000 0.049437900000 0.040052700000 0.051014000000 
0.346682000000 0.135238000000 0.118107000000 0.139008000000 
0.560723000000 0.038142700000 0.030144200000 0.039343800000 
0.086827300000 0.582181000000 0.566385000000 0.572191000000 
0.401133000000 0.100576000000 0.086146000000 0.103491000000 
0.520043000000 0.053013500000 0.043395100000 0.054831700000 
0.320676000000 0.151252000000 0.132965000000 0.155527000000 
0.213638000000 0.237396000000 0.215886000000 0.241477000000 
0.451940000000 0.078657200000 0.065855700000 0.081276000000 
0.090281000000 0.429375000000 0.408447000000 0.428424000000 
0.152135000000 0.301963000000 0.279227000000 0.305165000000 
0.243403000000 0.207237000000 0.186475000000 0.211501000000 
0.484194000000 0.066277200000 0.055305100000 0.068827000000 
0.509289000000 0.055958100000 0.045749500000 0.057736500000 
0.202225000000 0.245746000000 0.223836000000 0.249854000000 
0.442455000000 0.080448800000 0.067750800000 0.083090200000 
0.235805000000 0.213410000000 0.192434000000 0.217631000000 
0.190207000000 0.263710000000 0.241638000000 0.267684000000 
0.538161000000 0.046417800000 0.037479700000 0.047961800000 
0.131638000000 0.328586000000 0.305742000000 0.330935000000 
0.576935000000 0.034230900000 0.026980500000 0.035224700000 
0.272879000000 0.189454000000 0.169664000000 0.193528000000 
0.394981000000 0.107145000000 0.092142200000 0.110081000000 
0.493204000000 0.063198900000 0.052312700000 0.065319800000 
0.386541000000 0.112805000000 0.097171200000 0.116081000000 
0.660335000000 0.015994700000 0.012201800000 0.016842000000 
0.205289000000 0.241041000000 0.219242000000 0.245230000000 
0.228927000000 0.222834000000 0.201767000000 0.227033000000 
0.102100000000 0.374321000000 0.351692000000 0.375443000000 
0.069808500000 0.646777000000 0.635246000000 0.640267000000 
0.363643000000 0.120923000000 0.104826000000 0.124418000000 
0.374306000000 0.115896000000 0.100141000000 0.119105000000 
0.701860000000 0.009092190000 0.006811800000 0.009736690000 
0.349217000000 0.130603000000 0.114010000000 0.134299000000 
0.747631000000 0.002716220000 0.002184050000 0.003343560000 
0.138364000000 0.322398000000 0.299542000000 0.324922000000 
0.634195000000 0.022570300000 0.017226600000 0.023588000000 
0.255047000000 0.197840000000 0.177645000000 0.201868000000 
0.174451000000 0.271061000000 0.248494000000 0.274907000000 
0.438197000000 0.085442500000 0.072123900000 0.088230600000 
0.262164000000 0.192567000000 0.172660000000 0.196691000000 
0.083912800000 0.587826000000 0.572671000000 0.577804000000 
0.304617000000 0.164523000000 0.145857000000 0.168433000000 
0.421469000000 0.092809900000 0.079169100000 0.095914500000 
0.592591000000 0.030976800000 0.024283000000 0.032245900000 
0.326568000000 0.144297000000 0.126789000000 0.147872000000 
0.280206000000 0.181753000000 0.162314000000 0.185799000000 
0.082785100000 0.594281000000 0.579881000000 0.584956000000 
0.223585000000 0.228232000000 0.207034000000 0.232543000000 
0.414925000000 0.098935800000 0.084879400000 0.102449000000 
0.312492000000 0.158373000000 0.139665000000 0.162773000000 
0.120322000000 0.342980000000 0.320130000000 0.344812000000 
0.471930000000 0.071420700000 0.059666000000 0.073782600000 
0.248975000000 0.203001000000 0.182609000000 0.207063000000 
0.195839000000 0.251151000000 0.229106000000 0.255187000000 
0.123242000000 0.334946000000 0.311950000000 0.336972000000 
0.140934000000 0.318026000000 0.295193000000 0.320743000000 
0.109769000000 0.365096000000 0.342550000000 0.366586000000 
0.099483500000 0.389082000000 0.367097000000 0.389981000000 
0.168437000000 0.286957000000 0.264321000000 0.290490000000 
0.295891000000 0.169059000000 0.150343000000 0.173353000000 
0.117805000000 0.348405000000 0.325705000000 0.350194000000 
0.162177000000 0.290269000000 0.267718000000 0.293636000000 
0.113739000000 0.353297000000 0.330596000000 0.354940000000 
0.231918000000 0.218142000000 0.197116000000 0.222116000000 
0.714954000000 0.006083730000 0.005269700000 0.007438480000 
0.616441000000 0.025126500000 0.019634600000 0.026246500000 
0.356384000000 0.124674000000 0.108293000000 0.128191000000 
0.216538000000 0.232361000000 0.210969000000 0.236429000000 
0.459355000000 0.074448000000 0.062154800000 0.076837800000 
0.687912000000 0.011782600000 0.008625140000 0.012186300000 
0.095017400000 0.399289000000 0.377532000000 0.399808000000 
0.499889000000 0.059035900000 0.048463300000 0.060947900000 
0.158337000000 0.294219000000 0.271572000000 0.297315000000 
0.103624000000 0.368441000000 0.345675000000 0.369598000000 
0.093042900000 0.411017000000 0.390044000000 0.411333000000 
0.092446800000 0.420633000000 0.399655000000 0.420324000000 
0.080653700000 0.601694000000 0.588099000000 0.593125000000 
0.340825000000 0.140258000000 0.123128000000 0.144240000000 
0.076911000000 0.612602000000 0.599681000000 0.606175000000 
0.549510000000 0.043146900000 0.034865900000 0.044872800000 
0.429244000000 0.090108800000 0.076696000000 0.093207700000 
0.096312000000 0.395273000000 0.373335000000 0.395820000000 
0.605823000000 0.028994900000 0.022722500000 0.030088500000 
0.087992700000 0.445302000000 0.424623000000 0.443477000000 
0.725151000000 0.003837520000 0.003359250000 0.004887220000 
