2.7173100902444918 42.07348752086219 89.61251926649052 
2.0 91.23506423481089 0.0 
12.51023676528302 2.0 3.5873175213254447 
12.735503685062383 2.0 0.42742417081982964 
15.496323945876782 2.12317140812797 8.80065757305411 
3.104822343271776 75.33820651350236 106.88861747796376 
21.047142940386582 2.0 1.9179265447882599 
16.200099068930328 2.0 0.4585544176891111 
3.1865410529410014 85.92541929410814 41.625593340328386 
8.945365069417587 2.0964089153132184 5.281971953905196 
12.230784628503049 2.1105737729154277 2.9749216025971914 
2.0 2.022418004100952 0.02573444856731677 
2.1269421885623023 20.662940580971437 18.96868954018942 
9.64754368699996 2.0 3.1710268558370367 
11.538940782453514 2.1425081950168234 0.8445345008477472 
13.305111048899306 2.064875318034691 1.5910015468294152 
7.178747989516534 2.0 0.7482331765672257 
2.0 23.452959690129077 24.736352325421166 
24.110811734600656 2.0 1.3060115390110882 
23.654277163560707 2.0 0.8614098032910915 
5.25762941172794 2.0710998880321685 1.7127841074120145 
24.382239827887403 2.0 2.5868017681982987 
6.232635959885624 2.024238619688908 1.1119804081649614 
9.666697691856754 2.001588016620511 7.825821231512367 
13.118707372683154 2.0 3.4553007494907755 
12.815670279534128 2.1122753639647187 2.2423664028736883 
36.767321689831206 2.004856285877969 1.0111115178872336 
11.760174717633587 2.000324687541221 0.9174271337013962 
12.384921956455997 2.0 2.7125304231354943 
15.364231835286784 2.3924898231818896 1.1255783101078456 
13.407061281740893 2.285838014524219 2.309757486057526 
21.30528864712681 2.010727599631206 2.910696372917409 
11.69227581374647 2.1437353846026137 0.804665610761328 
12.932579515687719 2.0435402961484166 3.914502518761175 
12.467954244973098 2.1493382126122045 0.6856461698711261 
27.513717806076194 2.0036038049444778 2.0617960912201916 
17.644604389937957 2.0000870732589986 1.3586456349034894 
22.496148654905596 2.0 0.9492864599317272 
9.67267917244737 2.0 1.3795149138146892 
16.87762725016851 2.2729319175254727 0.44074507327321344 
12.380824947607119 2.040448760636338 2.6427377236998266 
21.176492696561642 2.169426981347889 2.393654273777596 
8.624622586354814 2.060880042706135 5.040028616806726 
2.5444103276210726 95.09536659385955 0.0 
11.597711599749355 2.0 1.4625552765958585 
15.031903165788526 2.1173455833833925 1.4387489379625356 
11.03701488777618 2.0709403995645204 0.3259627069760027 
23.696117125393876 2.0990920955165957 1.562773068016684 
4.424791943574537 2.0 0.13588398584591 
10.117655751023005 2.1931844363736417 3.852684281703457 
4.22825424124205 2.112391899516803 0.5726067852048988 
24.0115714216275 2.1311113172714466 2.1401755090972956 
8.944411012954136 2.3940389256716106 3.0400041120709402 
7.371841599361068 2.048971019379875 1.1674960069514786 
23.75156436146836 2.0 2.0556193425936335 
2.0 36.14656766570161 24.13157420855639 
23.917815645177363 2.0 1.8271705482186136 
27.498151095575537 2.498415858359357 1.2054167466271133 
8.227007967818755 2.2116786047057664 0.6519424344445324 
24.41111302293214 2.0 1.6711502884205418 
26.545756888857095 2.157584088805385 1.9666231207505869 
2.0 44.799301124496104 30.292858614874874 
21.435995673600722 2.358809387767601 2.441154746517193 
41.95853722359497 2.424733798526802 1.233640379821081 
4.928244598310737 2.061095625010744 1.7802974169193921 
13.449813966777988 2.1846544871539546 4.212167406762525 
25.319109468386422 2.154197860710745 1.0118664625891711 
24.190283433282232 2.141277030028701 2.209768671034106 
11.64878550393827 2.0084569599973707 2.7489589084343145 
8.852396631807906 2.0 4.097054592021649 
13.046081823241249 2.455659023559573 3.717902668258651 
9.91898001223769 2.122869875079391 4.805063729336949 
9.976548372239463 2.0 5.517537875368515 
9.721935089588037 2.0423807229440483 3.274650067664032 
34.24796505920213 2.0 1.8979239340714824 
12.444994749192428 2.0 4.387092760821468 
18.229254452723968 2.1727352939082256 3.289677592082034 
11.659547977159722 2.0 4.514380640702323 
17.88543420455965 2.1448933936217243 2.364343358272973 
22.33914641484293 4.44351697611075 0.21864670829834681 
26.02107517909305 2.0626403774321673 0.5536330621446894 
11.564921334141438 2.039739238878985 1.4872695784187346 
24.297458114950807 2.0076375143496286 2.5100067387850404 
6.679092847527853 2.0 1.085186684494051 
4.965956902906938 2.002037403141305 0.39624372582276784 
8.642404991992311 2.114711761702828 5.928004687284901 
11.380755154984385 2.0475065500186935 0.9484048400811147 
19.890897780625846 2.2400583132319745 3.340073762788716 
9.382980808472446 2.129881717340527 4.864804659895945 
10.290802434736875 2.042024901803783 6.501201270465343 
8.89177613191424 2.0148051128453437 7.103551487918395 
2.0 66.1562047147129 38.32570915750296 
33.5699429403347 2.0025141213494226 1.6287229593500219 
2.0 46.632664315566636 99.50078368715602 
29.787501385487047 2.0 0.7891498319075385 
32.972810982012035 2.0 1.2175175789419639 
8.522030681731048 2.0 5.768270738386855 
14.967302359436141 2.0875227668901553 0.6414854832584335 
15.28396796281295 2.071294240161771 9.293914653107846 
20.16877531437788 2.812493124712009 0.051205134208085035 
