2.006379929953635 17.346434738274024 31.88532542163877 
2.241859705243217 2.8944583112476456 2.1031598702449954 
2.0 2.6825816201168386 1.4178206446464219 
2.0075640198561318 3.448455913878721 1.4765922775613405 
2.3511325541130113 8.854865608635656 2.654667315032732 
2.0513103067509477 2.8181518967274064 1.184791163668908 
2.0 8.822669311511708 5.559489872691224 
3.0633658335131235 2.0206853556237117 2.162627065931173 
2.4742855218552835 8.893285672230657 4.18261759003726 
2.2710326574829107 2.1504004584068226 1.4560243334272562 
2.28284386709045 3.432805158513966 1.6610252641334338 
2.0 24.377053763603286 0.3203025442340748 
3.3126838176676614 2.206896975314122 2.476613323674747 
3.8406207471224345 2.0 0.3303838264705845 
2.208087466421272 6.931337660459979 2.83147813989323 
2.4447720968618083 3.187060443760518 1.5264761612923592 
2.0889739965790075 2.377274685071388 1.5298282000039214 
2.4722233294759857 2.3242870309773562 1.059185072181371 
2.1012494357766722 2.0 1.3818056485248216 
2.342162683300543 5.08510888047415 2.326980722673337 
2.193258213741681 3.170338238998884 0.7145419367563687 
2.0740699317635993 2.0 1.0008257460788097 
2.8288196692505725 2.0 2.247775781453778 
2.0228441463422366 4.678503580079934 0.8931686643030936 
2.061337610302288 2.3613054378968075 1.2868294731635783 
3.0591023034004214 2.0 0.2784464292268057 
2.0029148109433956 3.4158427706508645 0.5479235904434994 
2.0 2.0 0.8470195605161213 
2.165737777401008 2.481585449594663 0.7479525007021002 
2.0 2.0 0.8001720239923066 
2.156350649322079 2.0 1.0404163573375809 
2.1705346078240653 3.618296266152969 1.808089666372867 
2.0762251451864064 5.64089357266314 0.6514665705119549 
2.216786394882612 7.146641753462868 2.6102816227552847 
2.2524105350118973 2.7982073890949057 1.271601897724082 
2.0 5.737834497613919 1.5906753895302823 
2.1446704330253303 5.200194624728486 2.284517433972213 
2.172768713710773 2.0 1.1030290596730719 
2.0 2.0 1.5443030482532139 
2.0 4.693755329159967 1.6804597986529113 
3.193764903733334 2.073526225875725 2.431798433519913 
2.0 4.3249313238615406 0.5102797789239747 
2.0 2.0 1.1246041125222166 
2.3514104489694727 2.0 1.8559760400284346 
2.3229877999454023 2.474033098763118 0.7743571082999844 
2.394646745277543 4.863060224979976 0.6831406074307745 
2.2166692089062128 4.162546745226706 1.7528171845495453 
2.0 6.663160741436452 3.0323562629977925 
2.0228268594870724 3.8085913269142004 1.9285942123548487 
2.0 8.667569814887386 3.1401448734953696 
2.0 2.0 1.2206407558425478 
2.277354159134555 5.446323188310652 1.9670206292234511 
2.0 2.0 1.236734683731132 
2.0680007513145298 2.431438745615889 0.5957744604382159 
2.0 2.0 1.1702469987502906 
2.050310077288836 9.402717576576102 2.7284763330919035 
2.1270636384278236 2.854445640495089 0.6232364416990517 
2.298933789261594 4.9527101862466 2.129616738074115 
2.3169202647017415 2.3170660445625333 0.9404321682617023 
2.077500167737301 4.758768835787386 1.498475371353818 
2.2148073600427973 3.1928761530608147 1.3221168832056198 
2.0 4.441413831467164 1.7799414972813583 
2.0 2.0 0.46694459721656445 
2.0 3.8291805330772855 1.7184750755007365 
2.322509726156209 3.354527803760221 0.8845796687065461 
2.247631035880705 2.101378543489875 0.11449095750208284 
2.0 8.815745502386672 4.516637065386394 
2.2361309586483245 2.3903899541355855 1.1422918320773738 
2.016783211288742 7.128693797099559 3.3039877706454273 
2.3719886654425557 7.0887298518973285 3.4691099139606933 
2.0835030393924012 2.226510438358533 1.9181512730021382 
2.0 17.320637968017834 5.99759867666819 
2.29762432702363 3.0437207356958753 0.9711641235104578 
2.2678218695055428 2.0 1.0164087666452373 
2.1098351465540603 9.09735667562578 3.5154900230662403 
2.0004888033474257 4.651140795491621 1.333123005166844 
2.0 2.0 1.080577409812137 
2.066259380925454 3.4632911290654853 1.7032800285370429 
2.513526628210444 2.0 2.0716410247968637 
2.050244033106688 6.430746612020338 1.190330428779835 
2.0 9.413665828579457 3.899633208279539 
2.0 2.329590873386313 0.963383211026398 
2.350277578697632 5.422903978502458 2.471314025743979 
2.195461390091933 7.305515314885704 2.912558249294593 
2.3353110230603487 3.4348859480251934 1.749625837948768 
2.049843389504003 2.330780845853681 1.355362901307862 
2.204167217071211 2.0940359707465968 1.2518879897233206 
2.0 2.0 0.17174682773805267 
2.059281457771327 2.0 1.3051248901002372 
2.1554767336627134 4.790780039117188 1.6258861753182543 
2.2921156057623584 2.4608050467394524 1.8297962584002994 
2.31070925957479 2.0 1.4232211352668083 
2.15594960731938 3.8253649223823167 1.8313029097783424 
2.0 6.91240834314072 2.293786399802821 
2.1708741662253206 5.460549419435115 2.0137566509590634 
2.23251414645031 9.374523145652445 3.6828894830619014 
2.3935629768945197 3.1034229706070056 0.8638687761912888 
2.1987436681058985 3.0007538716633246 1.6064017372458834 
2.0400161088584046 3.326169691746005 0.8228665093319473 
2.280737883594379 3.154933253891142 1.376216310639029 
