7.553824460242988 3.476260564991243 117.9108692501012 
2.0 3.2372854292987148 1.5393967571710276 
60.03805473475836 2.1147065862270376 5.717813208047258 
81.92857918353832 2.0 0.538948977932634 
68.0359757979362 2.0799314258004387 3.958606184744755 
8.824393422506292 4.378667669288091 0.4080644454232283 
74.7406075244695 2.2400461234317275 4.342639045745512 
17.33545629498023 2.2949347023343236 5.079622221505704 
6.044975377142118 2.0 1.7974679879138429 
19.33403507875196 3.0534032322950777 0.6581621318033427 
188.29046299943712 2.0 2.8565614246733975 
71.58214791558004 3.9312981982220467 14.223577674222692 
27.387009452590522 2.0320838760634365 5.769838246629718 
4.202207561967782 2.1227148534204283 2.4623157225591825 
8.477433889544386 2.088089632373526 4.827940782152436 
24.918521093926636 2.0 5.458604813261992 
70.87527406131406 2.0 4.093323164740559 
67.27963871738397 2.2055209000636515 6.085049962512251 
6.488962421177817 2.1248355945940047 4.461557020667508 
5.3831158393210785 2.0 1.0235004067540538 
17.92304094495452 4.27753247043045 0.33652948205264877 
64.30098732306354 2.045612483624402 5.942412338564793 
74.01310032695832 4.095753988670614 8.283011695936574 
12.139688792484744 2.5842371651599927 0.14599389043322475 
17.970847602935375 3.66322064881467 0.9646487166827618 
25.71766166181957 2.068787031891115 5.608316674750279 
12.723797384797038 2.4929785297213343 0.21089533224593837 
2.0 2.0 1.7610203064561445 
14.54491978858306 3.593334818484418 9.95137352303296 
10.530302333615339 2.1325064778301774 1.0679736153448298 
2.0 2.2455694594501203 1.9062758748902504 
5.366475553159683 2.100544327179407 3.3432706357115247 
2.0 3.419408418028044 1.0935323757187767 
73.80992060897636 4.299469663932443 8.714853562759675 
39.24152432040588 4.180448879789388 12.8431714466782 
114.95993062927766 2.1597555413700182 3.571306335288117 
42.55264624553618 2.0 0.44938280981246037 
20.871668981055166 2.0 4.44575043790143 
9.766364239709347 2.0 2.114575673275314 
20.697337168329007 2.329830685835338 0.08696040979026987 
2.0 2.2125697849789647 1.0893730979588971 
4.098695390234262 2.1131254857123913 1.6697511965057221 
2.0 2.797485754775397 0.011226356835457807 
2.0 3.6487537290248975 1.1846310345150382 
7.539343143384872 2.1884734341779484 1.223425387169114 
18.654054534272273 2.243212834225177 0.5862104653729722 
3.972305459579953 3.0480462037716283 2.0456747288800825 
4.137626326853724 2.1149597694731965 1.4982886103669586 
46.939095226731155 2.1471079768860797 0.7323198845483745 
2.0 2.0 0.8378957393062165 
4.414095776541636 3.3832422417497616 1.4866666302450997 
52.72729245206754 4.48367914126449 9.580718517213406 
4.061483791711709 2.139868781715526 2.0959898689600793 
11.45290285458751 2.4113241607288716 0.27900438564794233 
2.0 2.468725935794343 1.6057431174747996 
17.199978122637393 2.0968167958060935 4.875356824290429 
30.49698006932509 2.1913363488830915 0.4584503097674275 
67.81601872334544 3.8617857959584474 9.36023828593178 
5.460191797136039 2.1432700751836227 2.4624585410218565 
20.96756407206703 2.1472730133300395 4.200911407386765 
2.0 2.62404746603321 1.3411648915345626 
58.557427831635096 3.5414324552321346 10.442291300104088 
11.91808859351624 2.045283448357272 5.039193630105964 
4.8696589749686225 2.5108038336492418 2.128974640929765 
9.55596095505643 2.026856641360551 0.3610162105513419 
2.0 2.3539249393917183 0.3500015930987366 
17.167278179813312 4.526920661729883 0.29972021477073474 
3.5278011523906274 3.221051927981066 1.775918067069468 
2.0 2.0074159608807927 1.282251365261537 
7.0527455277497 2.298601762435943 1.3150623488174051 
2.0 2.4192106268627103 1.0197151975237668 
68.65868248396906 2.0 5.582682258411091 
2.0 2.1886423484987585 0.8674138854035969 
2.0 2.5707271144160972 1.075841325539393 
16.601756700041257 2.01842758002769 5.224072698832966 
3.7954161760935676 2.1427936253158504 2.042991542634538 
5.670923947359604 2.238567735526939 3.8064028822970988 
5.309514095179928 2.2392057757225627 2.2909986367078634 
5.443597936537735 2.2326722016855927 1.639358824412649 
2.0 3.57599448840336 1.3604546631532453 
9.137677655182038 2.094136230600783 0.8242886256255324 
3.2846895970577688 2.437845340107532 0.16156266607478986 
46.3307310850406 2.1090193563880897 0.7796411612911669 
8.01583336183451 2.179004299952664 3.069371497250871 
7.515855406628968 2.1793433086838365 2.727560891565764 
4.895345060583655 3.357804000409268 1.7539126598700787 
8.998742288627591 2.394586617958953 0.7519826713140768 
10.380369066012827 2.008198764034943 1.6540226146675696 
4.650316562360747 3.347544932200161 2.0260005987428817 
15.641547867463334 3.505933380456148 9.730039456322272 
7.41516629948278 2.2962836772655266 2.9976363083680364 
35.017510327848726 3.767102329110439 14.675763689960334 
3.1771560445304523 2.049812981722572 1.932213129141592 
4.678012417411632 2.1726308174934696 4.016636486084815 
3.6228945411647904 2.352393462948373 2.962921552241462 
11.5056197530232 2.411379618908055 1.8561253642675934 
8.187789452417459 2.1493139189262855 2.5686528823182604 
2.0 2.0 1.303659898080514 
5.7810048744454114 2.0 3.679273730500105 
5.838653771142482 2.113491203976035 4.419132346367353 
