2.0 17.561455291683522 0.0 
2.0 23.05350776202435 0.0 
2.0 19.022742276593203 0.0 
2.0 19.79551197832395 136.11764326341032 
2.0222992729890463 2.0 0.32233569181630534 
17.112072328765493 2.0 6.8461033684968395 
6.999404906328831 2.0 1.7229731736869183 
2.0 2.2290755197165018 1.5976396014259544 
31.338291924840345 2.55999852986859 25.557927126207836 
28.172619772220877 3.4140631542941042 0.0 
2.0 2.0 0.1952898645961354 
4.5491556492756295 2.1758430745157114 1.909936527320959 
2.0 2.9059096044682198 1.0751333652262118 
2.0 2.4541522746358284 0.02346612631386069 
3.773348999940808 2.452297689196861 1.6331808521830102 
4.514893870793579 2.0 2.0727567320137688 
2.0057733023771562 2.398797717175726 0.680107322089884 
2.0 2.0681437946028414 1.4276300785307638 
3.9839022468672933 2.0 3.4469987472873265 
4.225336296621702 2.0 3.857452878642989 
2.0 2.0 1.4696769750891263 
4.281889854533143 2.051509556935707 4.292607596734015 
2.0 2.0 1.5188581824290468 
2.128295559214969 4.373561666859427 1.116819116422681 
3.8997639553799326 2.403571573652902 1.6585143454298235 
3.6471727860827614 2.412376034723518 1.6886534996517386 
2.0 2.0 0.8747864304868777 
26.293688136168768 2.2824699907964954 5.664633855071145 
5.201080355745414 2.0 2.731783327620349 
26.332068907226397 2.482686089616328 2.1353196453310255 
28.213448968813715 3.0696907406791203 8.947476511812097 
3.828020963987662 2.0275278323008172 2.5557969300873467 
5.026446856075376 2.1019771134317398 3.61505413793694 
2.0 2.0 1.2923443672257402 
6.90260732534302 2.0 4.451354498676798 
3.7845626203790053 2.0 2.9370233665784102 
2.141701893108514 4.131168020592954 0.5030723908826175 
2.1034698251586605 3.0995753336406695 1.172872252185156 
4.1000735693924995 2.28836883502157 2.145484323890036 
5.380328839342336 2.1682031288304553 1.9967072883358015 
4.540775810246863 2.0691990409962235 2.3838439986385236 
2.0 4.241285109118439 0.4256314500611924 
2.327215612302385 2.0 0.6978898513316454 
2.0 2.0 0.8269549056523331 
2.1394248639147047 2.0 1.115312933691587 
4.871777671617153 2.0 2.912748620539687 
2.0 2.044985986903577 1.033130424838964 
2.422928721432167 2.0 0.7897192526211307 
4.695546339332959 2.0346921399122433 1.7932595975949628 
2.148064441364678 2.012228407036349 0.6494957967350404 
22.959048445455192 3.0220288622953486 83.91730887667373 
3.867542789130545 2.0 2.4998834689960514 
2.0 2.479930369745532 0.9114208369233708 
2.1451296577331402 2.0108722206008007 1.363863623151578 
2.294800636019854 2.0027697095056545 0.7312155967931058 
3.927072155655713 2.0100642963408264 3.277626491227391 
2.0 2.0 1.26123890090075 
2.0 2.0 1.0053628459719866 
22.80743060784429 3.1303209635926015 23.475457604347504 
2.006656842393361 2.405998048737375 0.7570726378995138 
2.0 4.779344380814987 0.47783785629562847 
2.417603581555729 3.153161573758786 1.103625006749874 
4.457665546573588 2.1183265527407653 2.2001632702567773 
2.0871588651650095 2.0000752196246046 0.48511125020341694 
2.0088672474075997 2.140439042187119 0.9721001763889068 
2.0 2.0 1.6416342846801246 
2.0 2.458252175149206 0.2626302247409362 
36.84516315136069 3.260928079687527 13.275342477540121 
4.497343197234094 2.0 3.5798679321318323 
2.110225911703005 2.01203128632967 0.38734169807261504 
2.0 2.0344735811928087 0.9328480198992122 
22.85884955707262 2.0 2.618862138228672 
5.622873631651307 2.0 5.171006535815399 
12.728670057927555 2.0906145956923208 2.5279084804941627 
3.5476997788540388 2.1557985645532636 1.6057737880958174 
5.524574564753966 2.0 4.745603490145896 
2.017079681142496 2.383805416423175 1.3919326023430385 
4.808831376939357 2.2054453116830715 1.8493091093097638 
4.515341193839427 2.0 2.198916689998018 
26.944234679539623 2.0 7.954848002498524 
2.032533036067032 2.7310649040250534 1.8122129799546738 
9.494307504059307 2.0 6.166632426889173 
4.353958031215582 2.0149960684454893 3.085380687151846 
2.0 2.0 0.1352183806624752 
6.468918148321691 2.0 5.652796936694795 
17.601516181123912 2.959357131905735 13.088998094659562 
2.0 2.0 1.3179545941518653 
18.179959730449628 3.0963985301783907 12.845288523139835 
10.243467960712021 2.6586386965902657 29.845573278030287 
2.0096098167393985 2.1544624484659787 0.43723688021977747 
4.188802218081552 2.0 4.250539427883096 
2.3580104200970116 2.294326391984223 1.556829957404827 
2.0 2.0 0.019306054210995627 
4.232216840301378 2.000386542950001 2.6404386120408123 
2.0 2.5244582092069594 1.4628223235287316 
4.240967848384528 2.0867962993795692 2.3590562002194844 
2.0 2.0 1.0715463573452253 
3.9221377327441505 2.4491099141248815 3.182297529034266 
4.562514033374864 2.404413896288741 1.9673806555351085 
5.465867728398318 2.0899701653022817 0.8087672505314454 
