0.009773730000 0.375747000000 0.331887000000 0.335152000000 
0.009568210000 0.384090000000 0.341252000000 0.344075000000 
0.012801200000 0.365795000000 0.321353000000 0.324989000000 
0.008581640000 0.387922000000 0.344508000000 0.347266000000 
0.008365150000 0.390021000000 0.348171000000 0.350142000000 
0.011782600000 0.371199000000 0.326945000000 0.330063000000 
0.300012000000 0.034101100000 0.018999900000 0.020417200000 
0.015680800000 0.363242000000 0.319368000000 0.321436000000 
0.025257100000 0.288800000000 0.243074000000 0.245641000000 
0.290586000000 0.036082600000 0.020762400000 0.022033900000 
0.222991000000 0.065857500000 0.041728900000 0.043478300000 
0.039380100000 0.248393000000 0.202894000000 0.205591000000 
0.016455700000 0.334934000000 0.288935000000 0.291469000000 
0.328635000000 0.023683600000 0.012531700000 0.013678800000 
0.177683000000 0.096520400000 0.064990600000 0.067282900000 
0.170321000000 0.101038000000 0.068702500000 0.071033000000 
0.203582000000 0.077673900000 0.050505900000 0.052278800000 
0.416357000000 0.000538487000 0.000427280000 0.000476594000 
0.029162400000 0.277284000000 0.231544000000 0.234158000000 
0.092460600000 0.162592000000 0.121585000000 0.124246000000 
0.028180100000 0.281476000000 0.235717000000 0.238318000000 
0.279341000000 0.040360600000 0.023619900000 0.024969600000 
0.033327100000 0.260430000000 0.214806000000 0.217470000000 
0.054884400000 0.220873000000 0.176276000000 0.179024000000 
0.190875000000 0.085951900000 0.056630900000 0.058785900000 
0.087263100000 0.176683000000 0.134389000000 0.137194000000 
0.285326000000 0.038332200000 0.022094500000 0.023379400000 
0.271609000000 0.043220800000 0.025554100000 0.026968100000 
0.046023800000 0.234076000000 0.188626000000 0.191714000000 
0.235774000000 0.062555800000 0.039046200000 0.040720600000 
0.213767000000 0.071658400000 0.046110700000 0.047881800000 
0.136366000000 0.122519000000 0.086491300000 0.088696200000 
0.030383600000 0.268184000000 0.222501000000 0.225136000000 
0.025652400000 0.286842000000 0.241102000000 0.243678000000 
0.173890000000 0.098372200000 0.066507200000 0.068814700000 
0.097385400000 0.158748000000 0.118163000000 0.120753000000 
0.057699200000 0.213825000000 0.169083000000 0.172035000000 
0.024426500000 0.293133000000 0.247400000000 0.249970000000 
0.074792400000 0.184048000000 0.141083000000 0.143772000000 
0.416108000000 0.000537213000 0.000427751000 0.000477022000 
0.034208800000 0.257088000000 0.211461000000 0.214160000000 
0.038253300000 0.252411000000 0.206866000000 0.209547000000 
0.063719700000 0.203036000000 0.158800000000 0.161664000000 
0.016129000000 0.339741000000 0.293712000000 0.296238000000 
0.044710600000 0.242564000000 0.197845000000 0.200701000000 
0.020518800000 0.307420000000 0.261674000000 0.264227000000 
0.392797000000 0.003719450000 0.001824430000 0.002071210000 
0.268242000000 0.047764400000 0.028187300000 0.029857700000 
0.320488000000 0.025085900000 0.013712400000 0.014755000000 
0.181082000000 0.092812000000 0.062051100000 0.064293400000 
0.207787000000 0.073633200000 0.047303100000 0.048966900000 
0.305632000000 0.032306300000 0.017839200000 0.019215000000 
0.027914000000 0.282898000000 0.237132000000 0.239720000000 
0.113737000000 0.143070000000 0.104150000000 0.106545000000 
0.123046000000 0.141707000000 0.102737000000 0.105647000000 
0.045031100000 0.236532000000 0.191000000000 0.194111000000 
0.162047000000 0.107882000000 0.074221800000 0.076657900000 
0.088457100000 0.168349000000 0.126703000000 0.129292000000 
0.153532000000 0.113731000000 0.079286300000 0.081501900000 
0.194840000000 0.081134900000 0.052940800000 0.054744800000 
0.040902100000 0.245242000000 0.199546000000 0.202653000000 
0.104531000000 0.151908000000 0.112008000000 0.114457000000 
0.185143000000 0.088847900000 0.059210200000 0.061106200000 
0.007833960000 0.393802000000 0.351205000000 0.352868000000 
0.100504000000 0.154291000000 0.114113000000 0.116542000000 
0.067130600000 0.198434000000 0.154458000000 0.157286000000 
0.311500000000 0.028067800000 0.015587200000 0.016687100000 
0.381371000000 0.007188650000 0.003429370000 0.003876520000 
0.030978700000 0.266346000000 0.220648000000 0.223295000000 
0.018386800000 0.314058000000 0.268268000000 0.270834000000 
0.158831000000 0.111965000000 0.078139800000 0.080133300000 
0.372052000000 0.009228220000 0.004603890000 0.005117430000 
0.228954000000 0.065278800000 0.041107200000 0.042761700000 
0.127492000000 0.138190000000 0.100012000000 0.102507000000 
0.082799400000 0.181292000000 0.138624000000 0.141465000000 
0.145822000000 0.115716000000 0.080863600000 0.082944800000 
0.029274000000 0.275904000000 0.230165000000 0.232764000000 
0.365366000000 0.012120200000 0.006055260000 0.006631580000 
0.237980000000 0.059803000000 0.037119100000 0.038737600000 
0.023426500000 0.298948000000 0.253214000000 0.255773000000 
0.355638000000 0.014242800000 0.007293990000 0.008030460000 
0.061183000000 0.208065000000 0.163557000000 0.166502000000 
0.058860800000 0.212683000000 0.167950000000 0.170923000000 
0.132519000000 0.125320000000 0.088926800000 0.091126600000 
0.018206600000 0.320635000000 0.274793000000 0.277329000000 
0.017051200000 0.331381000000 0.285413000000 0.287950000000 
0.337938000000 0.019550100000 0.010360200000 0.011256400000 
0.345737000000 0.017813500000 0.009075060000 0.010015100000 
0.162295000000 0.103645000000 0.070867900000 0.072861100000 
0.258006000000 0.050519600000 0.030430900000 0.031899500000 
0.405332000000 0.002196870000 0.001063190000 0.001230920000 
0.021744300000 0.303085000000 0.257350000000 0.259875000000 
0.244058000000 0.056560500000 0.034996000000 0.036595400000 
0.050895200000 0.225036000000 0.179838000000 0.182934000000 
0.071800200000 0.190871000000 0.147424000000 0.150141000000 
0.145263000000 0.119361000000 0.084021500000 0.086261000000 
0.248299000000 0.053447400000 0.032777800000 0.034337600000 
0.130018000000 0.128341000000 0.091396800000 0.093676200000 
0.017464200000 0.324163000000 0.278273000000 0.280804000000 
0.049102800000 0.229106000000 0.183770000000 0.186848000000 
