2.7078308441035706 5.683845852851034 89.71326993359276 
2.5339091429508813 7.89234522402826 53.37844094236186 
3.4346824054227016 4.94180261535064 151.44009943388693 
3.469734923302723 10.435923673087188 159.21418302118448 
4.168962771550012 8.027869404518956 62.15510247641841 
4.997184849727576 4.619263012607833 13.655128330430715 
2.211764290450509 2.064572530221727 0.7508620024648813 
5.631375479822224 3.8257800501294907 6.725517743285442 
6.252687300102464 2.1770995957101933 3.988754710253864 
3.1105965602412033 2.0950140938575226 0.7643911158877691 
3.0507269313705585 2.1382220689330866 1.0043213628928789 
8.202943451227753 2.0 2.947580056055391 
5.917873580067742 2.299234426820302 8.647357768700449 
2.0 2.005733074573522 0.6423065235216716 
2.0 2.0 1.2307399572682094 
2.0 2.0 1.260963778221901 
3.6554116433098462 2.1317395796036283 1.084869367204106 
2.0 2.58925181709309 0.03169782469426252 
5.631446425769432 2.0090945073792406 3.5811528567063227 
3.6879278864743004 2.070450651486268 1.767232445436587 
6.031243002824666 2.010095748343288 3.7102293170228835 
3.2007000720302976 2.055839954612154 0.8023770126678904 
5.897851926761422 2.1332915686814253 3.143571845497342 
7.716596221592375 2.1108893774779807 2.4641281844249203 
2.0 2.0 1.1598776768060737 
3.0096623695059086 2.3051894263013666 1.8943098303459 
3.9106753445215925 2.0 0.7804966865734901 
3.2455815965585284 2.0312732396567235 0.8250624169470347 
5.218567801777176 2.0152148285343046 2.690912187228946 
4.1273819905397975 2.1143563035293513 0.9763782170395512 
2.805428391758744 2.041265251849174 1.0477840668087979 
5.0614325048591535 2.0897217242544954 1.4164696033862025 
5.965841812608227 2.0720497456176155 3.319187341007432 
6.039943990656647 2.1596361057174494 3.9144718339370748 
2.0 2.0000326402161277 1.2460229464501869 
4.42267698711713 2.0 1.7352865554398265 
5.188844446076329 2.000222891789686 2.3583077347591557 
6.238476313536355 2.279484807439344 4.177285274640746 
4.933017500410613 2.0957296184767853 1.979974063983201 
6.076281338162529 2.0 0.014115780395478339 
5.631426090609571 2.142462105133605 3.061842549301428 
7.628859883311325 2.0754565445528534 3.033927371205038 
5.140266165080171 2.098647848946925 2.203808855145291 
5.657572318836204 2.302654594291207 11.426287519956881 
10.050031283869902 2.0969002060728923 2.789904836520656 
5.684028469813335 2.2311825739591 4.911720706294139 
3.357368780754215 2.4972203684908023 0.30068731653985625 
2.0 2.0 0.8700280945541539 
2.824819054509833 2.018209901510235 0.653366298656588 
2.0 2.0 1.2063463153397085 
4.8100931890515835 2.061834199885173 1.0481641779516582 
2.0 2.0 0.7330312766410522 
5.683395844655752 2.0252111437999214 3.77024691107107 
4.648816517704001 2.4539582554346464 1.579734834945693 
2.0629604403465374 2.003165208086796 1.6112125205108514 
5.018624905822246 2.1461461502238306 2.7226437895143114 
2.2400014077846966 2.0 1.3174582788225628 
4.6038706960191895 2.037414230343803 1.808089860001667 
3.5110707541761665 2.089085833085361 1.3614410360466924 
5.0772942910645025 2.0 1.0991519953974755 
5.324785850923627 2.289838473841474 2.8724049390608286 
5.335853135411487 2.0375899381739817 1.6593160296320981 
3.777242567300466 2.160258733731744 1.1723705410944383 
4.2350389399075326 9.71286764250326 70.28401961218385 
4.915276091714551 2.082236188286444 1.6836407956335604 
5.123135099490072 2.0463509711154213 2.148824379091992 
2.7512909885046968 2.2335707780215897 0.6855888749043579 
2.0 2.002986709336948 0.3925416540223048 
5.599947867955584 2.015804840274217 3.274038803066352 
5.733925356222499 2.0 5.371960380675616 
7.414430729027603 2.2358890936085345 1.330664938557831 
2.5337700131569685 2.2918863415566677 0.43602996747603706 
4.130988475036635 2.115298311302362 0.9971752945765684 
2.72368942035113 2.0387397277474912 1.5426008393664605 
3.053927948949776 2.0288281689575327 1.9425832606047293 
4.925649516333808 2.032392983880492 1.3557400835169604 
6.187159367971416 2.0779499617255026 3.5414892059724394 
6.641361962741284 2.393937999648203 0.451805605867789 
3.9354060927373853 2.0414571511389292 0.9579156591804698 
5.736036848492689 2.0 4.448451440607155 
3.215871813042032 2.0175344938013815 0.5134007344295393 
4.950003014004165 2.02760993324191 2.26888824503247 
5.290199593233022 2.0 2.3318069948024416 
5.169606854434305 2.089669857239465 1.43439723078573 
6.460547206001821 2.0 5.964276476377245 
6.164563793489857 2.2870411518269957 7.7439114138196095 
3.215971025187433 2.0843469958100447 0.5949802388361365 
2.0 2.0 0.5716975648133481 
4.912977608681953 2.0 1.263237858053118 
3.574992524888575 2.241313337551031 0.882289893343159 
2.2129258412063897 2.2439220132253466 0.24061246263196287 
5.66734592767545 2.0 4.671551162912736 
3.3016804413384055 2.0 0.9363141779508986 
5.480619009435633 2.339433230878805 2.5262180166589863 
4.766515070816922 2.039527722556345 2.055609381276176 
3.8806823522577925 2.1144952806752535 1.403280155152505 
2.9486818778929695 2.110080652111672 0.9151898686166551 
5.176882686573011 2.0 1.459988637479328 
6.238327038734798 2.249835881375549 6.465267648726472 
5.115643619555096 2.214546440902421 2.596305058722571 
