50.60658973386626 2.0 204.24032785109443 
2.0 2.7107691244029937 0.0 
2.0 20.593978374548026 0.0 
2.0 14.564452144440345 32.32133744113179 
2.1479721051479497 22.65620078857978 0.0 
2.0 30.111676364057185 127.71808855614006 
2.0 8.166614943469359 0.0 
2.0 5.909136028032911 183.89311278840177 
2.003495969184644 9.47972505304217 128.0 
2.0 13.11711216231994 13.18730056363927 
2.1155823345685114 3.4227717361660184 2.587473768074112 
2.001858330904544 3.5348896193101265 5.239286849605121 
2.0 2.8419278448961407 4.557112305104039 
2.224175685911832 6.467834732448139 6.0274757827664 
2.6134233273575056 2.0 0.7052323862801853 
2.3484505211204385 3.4784804321768936 5.048914758004602 
2.0164960970822894 6.1295471395082695 0.9381787754204142 
4.153480964788839 2.0 0.005147445068885759 
2.1097701558822903 5.588197492749225 4.641404436839331 
2.0045620581995487 5.9484779516148585 1.3985395717827755 
2.0167852384075866 15.476689492644102 0.4266413242180205 
2.3330764682807086 2.0 1.2865616595349336 
2.0603814655761883 3.61189158948743 1.5539079949014325 
2.1751018068488133 10.19350255228404 6.8729766948064235 
2.305839150432805 4.1075389139264935 0.5224009880718629 
2.193599107378888 5.509136697932526 8.399469028069701 
2.3324750275485555 4.3329015768421515 0.6906124248252783 
2.0442993381024492 9.135717496310175 0.35171885762305644 
2.0126422393640166 2.0 1.1897168609257154 
2.518885717445764 2.0688110515305946 0.8902269731595782 
2.280670324040358 4.351098022221354 0.5991270092440754 
2.2412044789646353 3.1255840160289514 1.4212769748277148 
2.061515585626993 4.1233190619995685 1.7750905114477369 
2.610255544467281 2.0 1.0126294313272048 
2.0524050535283584 4.471306057514765 0.9338126984861734 
2.0 2.1089506939821216 0.7751425161147552 
2.0 2.0 1.3395945545102044 
2.0 17.858164762344842 9.622666644999304 
2.0 31.018789922492232 13.224180353792606 
2.0981184066092915 4.140664027244321 1.690485569610455 
2.0 8.470608851921686 0.24752753336864097 
2.0219383811608775 4.219819245160213 0.32123736155538407 
2.307629939931067 3.9288123211773516 1.1071927456524702 
2.266978112218791 3.791779706218425 0.13273568154996518 
2.41144403045488 4.481364629754251 0.7810189199498963 
2.1303093780325772 4.4459826871345545 3.506556529984763 
2.022405059092307 4.168293920210942 0.303404218394578 
2.3041342866607395 3.7407070992250806 1.0407573109342636 
2.0 8.856756837483331 9.640957687379663 
2.538507583664173 2.1565118688063225 0.5422254876701034 
2.0287188015677375 3.7655627867563166 1.8314521988040293 
2.171777066445344 4.131133022383244 0.416997875281636 
2.2492125915646852 3.123439513154901 1.3733685624063625 
2.1166504352253477 4.019975532255654 1.0170677150018808 
2.0963453077326193 4.162270234313487 0.744393123715007 
2.0953502647844062 3.726268543350888 0.8297462166855567 
2.0439485557842683 3.551702211992947 1.5056468941820944 
2.389776723279928 3.7476185004657516 0.220291727504337 
2.306984733123998 2.0 0.4197801314553109 
2.8343765674527903 2.0 0.49653177008557847 
2.0830384216590874 4.039618224387568 2.0476400195040765 
2.419757681154844 4.2609271851398764 1.5967236047821123 
2.0 4.498893149818002 2.0085514129890396 
2.0 3.704051015106175 2.176994241361868 
2.1928568219542703 3.55829540038744 1.3439125972168724 
2.674343721517408 2.0613571021748536 0.9215165550931963 
2.0 10.921070940215753 12.456699188445407 
2.231131344517733 6.402896195719773 1.0897592150859046 
2.3006305521466976 4.169802680534484 1.2004285788792814 
2.0191501093428053 3.674081392504247 4.12441429403875 
2.3774617487687855 4.209121653098694 1.28813884165541 
2.4014041634147683 2.920929686114357 3.834561168004263 
2.0210651202770857 3.4094674166010654 4.02194124064975 
2.121159455277251 6.0754292025132 1.1974626390725467 
2.0791123111212606 4.155974546001399 0.5544604493539866 
2.1538719581507704 3.4899029434468267 2.911497915314705 
2.1311187241024467 4.255815346548695 1.736285090889028 
2.1797411346921276 3.5746998495443942 1.9446490150324758 
3.175533683445419 2.0992448302313806 1.1172014563267576 
2.0853912833891517 4.125499439515917 1.9001366497225283 
2.474996917577908 4.460651008431905 0.6530335019057927 
2.0 3.9028263624833803 2.3541797659949344 
2.0 6.204466550580662 7.24791499128178 
2.0302118008872867 2.9907282247985734 0.11302909352393752 
2.0 3.836981639955048 2.319370609094285 
2.2060641807960812 3.5488326278101012 4.76050682450691 
2.0 5.114234469642762 0.1587632573199136 
2.081851343532973 4.287847482744943 1.6513634970630338 
2.3288344568816717 5.777393168417415 5.312991703692955 
2.0 3.6911284920325547 1.4778140601754117 
2.1277372703125246 4.31266837397174 1.0645436205633665 
2.4211277896416483 2.7964416070588713 3.251222778193673 
2.1134314989953586 4.2831446256053605 1.4038531214812489 
2.0090671187280735 2.4296572318778056 0.9541521602271703 
2.003390902707139 13.419254991739603 10.113837647651977 
2.0 3.8239523117633882 6.154334453553036 
2.0941941945838196 3.9406580266069233 0.6197687302013398 
2.138633731240685 3.812816376464057 1.1737401778912235 
2.0031528050453806 3.3281761131959393 3.3130415623434004 
2.00575948871715 3.717960270794828 1.811057283542192 
