0.024418800000 0.514843000000 0.497027000000 0.508167000000 
0.736099000000 0.049413300000 0.034977800000 0.041626600000 
0.016611600000 0.528420000000 0.512771000000 0.522343000000 
0.819789000000 0.024054000000 0.015787700000 0.020021700000 
0.782538000000 0.032283400000 0.021787300000 0.026656900000 
0.563141000000 0.125906000000 0.094816500000 0.109435000000 
0.578957000000 0.119734000000 0.089256400000 0.103415000000 
0.915564000000 0.002683530000 0.001822820000 0.002801590000 
0.771386000000 0.048434000000 0.030151600000 0.037434600000 
0.048474300000 0.483649000000 0.461831000000 0.475421000000 
0.598561000000 0.119012000000 0.090385900000 0.103086000000 
0.351515000000 0.229108000000 0.193972000000 0.213161000000 
0.108237000000 0.413675000000 0.385753000000 0.403011000000 
0.841297000000 0.018961700000 0.012237900000 0.015901000000 
0.036619700000 0.500132000000 0.480084000000 0.492657000000 
0.389563000000 0.215462000000 0.179622000000 0.198559000000 
0.028170600000 0.510650000000 0.492048000000 0.503569000000 
0.344729000000 0.241007000000 0.205001000000 0.225210000000 
0.078386800000 0.451002000000 0.426473000000 0.441791000000 
0.293274000000 0.273157000000 0.238890000000 0.257708000000 
0.407823000000 0.199764000000 0.164224000000 0.182682000000 
0.041805300000 0.487702000000 0.466378000000 0.480239000000 
0.660913000000 0.086522600000 0.060551800000 0.071892300000 
0.143729000000 0.379643000000 0.350009000000 0.367934000000 
0.040400500000 0.493723000000 0.473015000000 0.485910000000 
0.051467900000 0.475176000000 0.452453000000 0.467285000000 
0.651537000000 0.085310200000 0.064797200000 0.073522500000 
0.062178600000 0.462305000000 0.438370000000 0.453575000000 
0.055250200000 0.469842000000 0.447090000000 0.461705000000 
0.898897000000 0.005654150000 0.003305630000 0.004819740000 
0.732483000000 0.060360700000 0.039285700000 0.047933100000 
0.021319400000 0.520972000000 0.504047000000 0.514574000000 
0.467994000000 0.165776000000 0.131585000000 0.148581000000 
0.117002000000 0.407868000000 0.379242000000 0.397208000000 
0.188029000000 0.342553000000 0.309949000000 0.329838000000 
0.252209000000 0.296413000000 0.262009000000 0.282168000000 
0.233415000000 0.315812000000 0.284052000000 0.302276000000 
0.051235200000 0.478318000000 0.456361000000 0.470543000000 
0.272727000000 0.283959000000 0.250044000000 0.269203000000 
0.441739000000 0.181964000000 0.147008000000 0.164793000000 
0.466600000000 0.171832000000 0.137321000000 0.154684000000 
0.635796000000 0.092406600000 0.066383100000 0.078401500000 
0.173379000000 0.354230000000 0.321983000000 0.341122000000 
0.240916000000 0.303935000000 0.270397000000 0.289516000000 
0.102097000000 0.420740000000 0.392969000000 0.410244000000 
0.135160000000 0.392640000000 0.363662000000 0.381655000000 
0.279808000000 0.277378000000 0.243280000000 0.262300000000 
0.158105000000 0.373457000000 0.343611000000 0.361470000000 
0.541203000000 0.135736000000 0.104618000000 0.119467000000 
0.508148000000 0.151342000000 0.118302000000 0.134644000000 
0.328715000000 0.251261000000 0.216587000000 0.234990000000 
0.221993000000 0.320297000000 0.287674000000 0.306488000000 
0.726357000000 0.065681400000 0.043185500000 0.052801000000 
0.338293000000 0.247553000000 0.211538000000 0.231810000000 
0.520528000000 0.140793000000 0.109302000000 0.124817000000 
0.617320000000 0.103502000000 0.074937000000 0.087724400000 
0.490693000000 0.160213000000 0.127392000000 0.143642000000 
0.088085200000 0.435934000000 0.409251000000 0.426008000000 
0.555604000000 0.131062000000 0.099361700000 0.114476000000 
0.058871300000 0.465737000000 0.442032000000 0.457624000000 
0.668842000000 0.079413800000 0.055485500000 0.066189900000 
0.317095000000 0.253966000000 0.218797000000 0.238420000000 
0.066768600000 0.457082000000 0.432553000000 0.448426000000 
0.512416000000 0.145307000000 0.112432000000 0.128241000000 
0.699790000000 0.066786700000 0.045204600000 0.054663900000 
0.348753000000 0.231154000000 0.196020000000 0.215268000000 
0.124569000000 0.400599000000 0.371798000000 0.389511000000 
0.081339800000 0.439839000000 0.413938000000 0.430689000000 
0.477705000000 0.162239000000 0.128306000000 0.145178000000 
0.078659100000 0.445000000000 0.419714000000 0.435741000000 
0.403191000000 0.205946000000 0.170249000000 0.188897000000 
0.877751000000 0.009055680000 0.005647540000 0.007756690000 
0.168635000000 0.364989000000 0.334763000000 0.352736000000 
0.686744000000 0.074260500000 0.051298400000 0.061513200000 
0.186573000000 0.350855000000 0.319263000000 0.337989000000 
0.171976000000 0.359188000000 0.327230000000 0.346268000000 
0.128574000000 0.395985000000 0.366879000000 0.384597000000 
0.267285000000 0.292860000000 0.260397000000 0.278664000000 
0.452697000000 0.176844000000 0.142388000000 0.159838000000 
0.813914000000 0.036491100000 0.021450000000 0.027429400000 
0.140072000000 0.384854000000 0.354807000000 0.372883000000 
0.605694000000 0.109252000000 0.080017000000 0.093242600000 
0.371768000000 0.224808000000 0.190134000000 0.207898000000 
0.198051000000 0.337278000000 0.304254000000 0.323715000000 
0.491322000000 0.154912000000 0.121393000000 0.137790000000 
0.399034000000 0.211891000000 0.176069000000 0.194922000000 
0.431084000000 0.187694000000 0.152530000000 0.170583000000 
0.211034000000 0.325784000000 0.293391000000 0.312468000000 
0.857730000000 0.015753500000 0.010131400000 0.013484600000 
0.093734700000 0.427228000000 0.400675000000 0.417237000000 
0.758488000000 0.053998100000 0.034365200000 0.042479300000 
0.767293000000 0.047882100000 0.030423600000 0.037713300000 
0.380336000000 0.218565000000 0.183748000000 0.202054000000 
0.421143000000 0.193405000000 0.158056000000 0.176325000000 
0.202235000000 0.331242000000 0.298818000000 0.317730000000 
0.122688000000 0.406691000000 0.378647000000 0.395809000000 
0.294466000000 0.269814000000 0.234837000000 0.254609000000 
0.235789000000 0.311267000000 0.277272000000 0.296946000000 
0.091795000000 0.433093000000 0.406153000000 0.422939000000 
0.032246600000 0.502842000000 0.483459000000 0.495911000000 
