2.0 20.658589085022754 15.79074474836139 
2.0 155.58401355055537 0.013096976953789863 
2.0 23.481376888782734 32.64832699995686 
2.2099989566483327 92.38175487263238 0.1876389051040197 
2.0 103.53445723013498 0.48559611573772976 
2.0 2.0 1.2781297184844518 
2.0 2.0 1.2368913149167446 
2.0 2.0 0.040189879505999615 
2.0 2.0 0.7363797652654711 
2.0 19.1276237184737 8.839918549398085 
2.0168806577478082 42.07334288337198 1.2505876276091217 
2.0 3.3647119228009705 2.1128864800868143 
2.0 9.798938104595205 5.139315986833377 
2.288230558057602 68.09470664289026 0.28359018618507514 
2.0 15.646157531915605 11.546069570055188 
2.0 2.0 1.977166833922408 
2.0 19.505065820228726 14.474948281945572 
2.9282786181713494 2.0 2.1740480435206413 
2.453521937915162 21.129844401704414 6.615460652146094 
2.0 7.7864144235008155 2.6564582069827587 
2.0 2.0 1.8521431130133639 
2.0985203870373024 9.26942973714331 9.710069698889843 
2.0012048600351866 2.021059173720935 1.0100407687655886 
2.0 10.92706414498177 4.3417649061206465 
2.2940543209897344 20.952425330767767 10.118326175814465 
2.098977641113977 8.934678451403391 8.253979966670132 
2.0853401543267664 192.0 0.9646544645249837 
2.1141595599023852 11.124613105344839 7.14874984997315 
2.003223603798437 5.544170672217353 7.720811779718883 
2.0131300907443745 24.378269968771008 0.06456060013325393 
2.0 2.0 0.8236739890931468 
2.0 16.629862935396048 19.61555571283987 
2.1497987260023392 2.0 1.5745258902677133 
2.2497041754853813 5.05722470854775 4.8843581402301055 
2.072952854202915 4.28915710236824 3.4543712343919935 
2.02335983347196 4.133360592664927 2.8405535671456534 
2.4814731882655865 17.389437541311622 3.2586663833522094 
2.007669235295238 6.39399036852091 8.39425891046095 
2.0306194828134725 9.330631795992371 2.7721788830879754 
2.002803558895829 2.0 1.7073003755159828 
2.0 2.0 1.6197969382783954 
2.0 3.2560245534294556 1.0648040114512596 
2.014927384874699 2.970182360908167 3.5299094540480946 
2.0 6.212952231617223 2.98796779373925 
2.0 8.035670220237444 5.283957223727642 
2.0814662415744856 8.702348478466698 4.567577333746014 
2.1679867550225853 9.438138899814795 2.700338235833079 
2.0 13.508771877538084 4.240060178164936 
2.011607416545944 5.009915329124135 1.3639699807670949 
2.011805073857879 4.329086427748525 1.459422069688515 
2.026131311095143 7.330136779224596 2.4313098278762504 
2.0 11.003631273769173 3.2885951592073646 
2.2537244878643987 3.7666802033069673 0.8536912660498759 
2.6304180785851066 2.0 2.240602327311423 
2.0420763021896797 2.878987879146525 1.4097226454035559 
2.140088263119765 2.0 1.127858680744807 
2.012881262440727 5.294995342437062 1.5540208119343792 
2.0 8.438491251669081 5.771790903161653 
2.0749233112611773 2.0 1.3127223086128983 
2.1175569291690506 8.63373210129724 7.49400010982263 
2.0455424996446863 2.8939730321729056 0.9766247185327022 
2.006008216316795 3.3049255902805923 2.3383020233619423 
2.0 9.067651728047778 6.917659712483451 
2.08244806171938 2.0 1.423090124690631 
2.0 2.7426356881791856 0.8833049157489743 
2.0032300025232175 3.1106410295871108 2.1267535439307848 
2.0281293889647416 9.626380837515132 4.783701400352067 
2.064800796136863 8.90646206453367 6.0546946528788945 
2.1594947425237514 2.0 1.547457969019911 
2.1043047865631936 11.256878822517049 6.306843702213287 
2.334071060130836 2.0 1.8960245232420372 
2.0696527456486664 35.97440977324395 0.05328999730582276 
2.056821716177427 14.433838424332903 4.070715213983562 
2.281121522031224 2.555902694599794 0.937538837472353 
2.0375074031897578 9.992029388139649 3.7502970552298143 
2.1740493999546975 2.7496963744448664 3.6204153263195744 
2.0280730096362816 9.61109539243354 4.651689620413473 
2.4325207760306315 17.277652276024263 2.964251488439392 
2.0 3.99901508440923 1.660461539754293 
2.190112682897558 2.0 0.6389968569524247 
2.014691872729271 8.305016794981608 4.384743994374029 
2.1431631979485344 2.0 1.171059986364196 
2.3234302121195634 7.381056469961969 2.1704588601200423 
2.0005851876926593 2.868752270391683 3.288810800840748 
2.0 2.0 1.4999835383294546 
2.0 2.0 1.942884406701062 
2.005603290652144 2.0 1.7496128824358057 
2.0020509210042765 8.70287106965258 3.3543002640285766 
2.1763787200753826 62.93590418420882 0.0738606139984872 
2.0042066214516137 10.668933664136587 5.60894479409053 
2.272468159105545 2.0 0.7739225568475634 
2.0064020432028893 2.543593900040565 0.7456556444710776 
2.0366592302813604 8.917559204794575 2.083007297035288 
2.0 2.0 1.7926757766750891 
2.054878707459662 6.33779281711273 3.3723824554080535 
2.0336047372257298 13.987013795915619 5.018057806769153 
2.0630806236736525 3.1618954656934166 2.5072708046098615 
2.0041543113894873 3.176570371247772 2.9513480883431042 
2.1544455910094116 7.742983496528806 5.651725817485341 
2.129779037688442 15.310641989819697 12.081339029412947 
