0.008337500000 0.536079000000 0.491943000000 0.488946000000 
0.011959600000 0.526633000000 0.477663000000 0.475032000000 
0.012155500000 0.485693000000 0.439513000000 0.436075000000 
0.010750300000 0.530362000000 0.482438000000 0.479706000000 
0.009284020000 0.533534000000 0.487154000000 0.484207000000 
0.012475000000 0.484206000000 0.442623000000 0.439177000000 
0.024320100000 0.418302000000 0.348926000000 0.350201000000 
0.020505900000 0.433712000000 0.382415000000 0.380424000000 
0.013522600000 0.479233000000 0.432477000000 0.428894000000 
0.030461800000 0.406962000000 0.334967000000 0.336581000000 
0.013717700000 0.466235000000 0.422993000000 0.419394000000 
0.264864000000 0.114423000000 0.066109800000 0.065885300000 
0.205069000000 0.141916000000 0.094371300000 0.091650300000 
0.022030400000 0.427374000000 0.374372000000 0.372709000000 
0.147429000000 0.190408000000 0.126958000000 0.124173000000 
0.054649400000 0.347747000000 0.283488000000 0.282334000000 
0.026263200000 0.410571000000 0.354508000000 0.353222000000 
0.023967700000 0.436269000000 0.367653000000 0.368478000000 
0.216982000000 0.134181000000 0.082820800000 0.080438100000 
0.029834300000 0.404752000000 0.347117000000 0.345914000000 
0.362738000000 0.049280500000 0.025748400000 0.024910800000 
0.480672000000 0.009288130000 0.003919730000 0.003860250000 
0.131467000000 0.200976000000 0.141793000000 0.138152000000 
0.017940000000 0.442914000000 0.392197000000 0.389920000000 
0.016921500000 0.446683000000 0.399017000000 0.396253000000 
0.032173600000 0.394570000000 0.324474000000 0.324155000000 
0.064470300000 0.314081000000 0.245594000000 0.244734000000 
0.324217000000 0.064315700000 0.037224200000 0.036031300000 
0.031136000000 0.390733000000 0.330151000000 0.329321000000 
0.243377000000 0.121039000000 0.078592900000 0.076189600000 
0.110698000000 0.233546000000 0.169869000000 0.165855000000 
0.317114000000 0.066470500000 0.035625100000 0.034390500000 
0.354252000000 0.051426400000 0.028207300000 0.027362400000 
0.381131000000 0.039474300000 0.021149700000 0.020460000000 
0.298357000000 0.082602600000 0.050003300000 0.048419100000 
0.371868000000 0.045283300000 0.024091400000 0.023255800000 
0.150457000000 0.188509000000 0.132395000000 0.128967000000 
0.439636000000 0.019215200000 0.008670140000 0.008431010000 
0.248831000000 0.124149000000 0.073556800000 0.073242300000 
0.308462000000 0.072742000000 0.042866800000 0.041486500000 
0.066746700000 0.316857000000 0.245040000000 0.242316000000 
0.081385100000 0.276296000000 0.208328000000 0.204468000000 
0.414116000000 0.026432000000 0.012451200000 0.012048200000 
0.216850000000 0.145730000000 0.091022900000 0.090638700000 
0.469750000000 0.011640200000 0.004977090000 0.004882930000 
0.020134000000 0.452930000000 0.387084000000 0.386627000000 
0.025802100000 0.415627000000 0.359425000000 0.358242000000 
0.106082000000 0.234775000000 0.171035000000 0.167107000000 
0.455279000000 0.014539900000 0.006387630000 0.006241090000 
0.015455700000 0.453229000000 0.406232000000 0.403165000000 
0.069113700000 0.302274000000 0.232423000000 0.229002000000 
0.074596400000 0.290750000000 0.221644000000 0.217874000000 
0.164170000000 0.171485000000 0.116089000000 0.112973000000 
0.187128000000 0.152875000000 0.100707000000 0.097621700000 
0.394610000000 0.036456400000 0.019740500000 0.019104100000 
0.015718500000 0.449964000000 0.402710000000 0.399847000000 
0.181736000000 0.161459000000 0.110123000000 0.107037000000 
0.013114500000 0.475842000000 0.434388000000 0.430476000000 
0.101318000000 0.244154000000 0.178072000000 0.174471000000 
0.014610300000 0.461612000000 0.415882000000 0.412291000000 
0.093075800000 0.270862000000 0.202221000000 0.201163000000 
0.015177200000 0.457157000000 0.412054000000 0.408852000000 
0.042823300000 0.369145000000 0.306480000000 0.305461000000 
0.043986800000 0.356608000000 0.291400000000 0.290352000000 
0.089253900000 0.274738000000 0.207237000000 0.206510000000 
0.402662000000 0.033514500000 0.017801000000 0.017246300000 
0.077445000000 0.286852000000 0.217976000000 0.214239000000 
0.253728000000 0.105640000000 0.066345400000 0.064300100000 
0.528428000000 0.001790400000 0.000831321000 0.000843191000 
0.096350700000 0.250861000000 0.184028000000 0.180458000000 
0.072870700000 0.300325000000 0.232346000000 0.231487000000 
0.045094500000 0.353649000000 0.287392000000 0.286723000000 
0.342057000000 0.055793600000 0.031548000000 0.030545200000 
0.229722000000 0.127672000000 0.083831900000 0.081230400000 
0.543459000000 0.000606496000 0.000264303000 0.000357413000 
0.427024000000 0.023270800000 0.011806200000 0.011461300000 
0.125391000000 0.210028000000 0.148085000000 0.144519000000 
0.153102000000 0.181132000000 0.125237000000 0.121826000000 
0.297068000000 0.086201700000 0.053057900000 0.051440900000 
0.055819500000 0.326310000000 0.259074000000 0.257920000000 
0.074591200000 0.298049000000 0.229683000000 0.228955000000 
0.139302000000 0.194283000000 0.134780000000 0.131395000000 
0.220975000000 0.128216000000 0.080566300000 0.077866600000 
0.035427100000 0.374839000000 0.311916000000 0.310845000000 
0.030501800000 0.402214000000 0.344040000000 0.342855000000 
0.496318000000 0.006681210000 0.003060150000 0.003038980000 
0.175763000000 0.165915000000 0.113784000000 0.110614000000 
0.281703000000 0.087567800000 0.053312000000 0.051611900000 
0.063250500000 0.319877000000 0.249215000000 0.246151000000 
0.130735000000 0.204187000000 0.143082000000 0.139606000000 
0.049904800000 0.357183000000 0.284911000000 0.284623000000 
0.158418000000 0.176786000000 0.121347000000 0.117864000000 
0.506805000000 0.006615840000 0.003104900000 0.003188420000 
0.410945000000 0.027357100000 0.012886300000 0.012476700000 
0.040804400000 0.380520000000 0.310704000000 0.310803000000 
0.267223000000 0.096539700000 0.059766700000 0.057908000000 
0.520446000000 0.002989070000 0.001410630000 0.001427280000 
0.332640000000 0.061034200000 0.034383500000 0.033302700000 
0.431230000000 0.021980900000 0.010046900000 0.009747860000 
0.273010000000 0.093302800000 0.056293800000 0.054576800000 
