2.7964172570738732 56.72987693773245 149.60885805008644 
2.9383591251102965 29.57631991771717 102.60459802557935 
2.2777248901691745 43.35061536184049 111.82180592000047 
3.0195881523936707 36.90573929103048 126.78739481639201 
2.8186778699251596 43.72861945301154 88.67219823123924 
2.0 69.94444162413191 31.461524673332008 
7.7072970387763835 2.0 5.23050105122725 
2.0 35.6097856600283 7.440823580212124 
2.1262675213179314 38.51768579577423 24.73274930286071 
4.626663603121656 2.0 5.269523426090532 
2.0 65.50400875831458 14.522028526504059 
2.0 5.996645748500727 0.9878825271878359 
10.877835241742059 2.0 1.1783670284608663 
2.397737052264207 66.76962549149196 6.2130596014433195 
2.0 2.0 1.518263837411621 
2.0 41.8596473295002 3.178463504571001 
2.2061604136437793 43.929166777839555 5.3173547429625145 
11.106683258824754 2.0 6.503095041264828 
2.3556836471692293 2.0 1.1698009244897487 
2.0 59.91788735078916 4.849875761080192 
3.4021655099135373 2.0 0.6420955456698829 
2.0 2.0 0.3058674425706558 
7.1984905667588555 2.4234638015380345 1.5440793245174347 
2.02728309228765 28.77693500877027 8.910894657022553 
2.0263692020515496 44.252465076234344 9.242911615278086 
7.581638242912733 2.0 3.8325075623316858 
2.4403228567128052 10.644599445621687 2.6272221578281134 
6.600092870560976 2.0 0.7294500335825084 
2.0 17.954111013194925 4.596110312547707 
17.957131568402808 2.0 1.0436912446319746 
7.600273397043935 2.2471165458493716 1.750014090192626 
2.4604816387363933 2.0 0.7713872621582609 
6.241378541893081 2.0 0.6396867127027286 
5.39037697866191 2.00272176192884 0.556975152796528 
9.796284663799876 2.0 0.8194073217649191 
4.427513315726709 2.0 0.6066403964190727 
11.13111762129712 2.0 1.447236571908963 
2.0 2.0 0.42295463432172165 
2.03027943523255 5.836506186606516 1.0540566314385027 
7.017464436105493 2.0 0.7812322346327227 
5.66985518174068 2.0 2.4576962758400764 
7.006746082969806 2.0 2.0799760954047786 
2.0 2.0 0.4910170195950383 
2.0 7.444886433850716 1.1952834805102335 
2.4035263865370364 2.118679450000786 0.3352146976772249 
27.9355361524707 2.0 6.6136777301487335 
2.0 22.759744315713625 5.992435108835054 
7.46039419043697 2.1516270691928048 1.7765806094234509 
2.0 2.0 0.3706568604473073 
2.174421928369068 46.0477337341776 10.670096325362497 
8.388976098179606 2.284617805035677 2.321997394780679 
6.788815982046539 2.0 2.213195970959732 
5.613373276862479 2.0602935032288037 1.3684637249914584 
4.53515213878852 2.1220990333984733 1.2454818502181355 
8.95056442956184 2.0 0.5166101699303627 
2.4078498032394826 46.98791426888449 9.883960661727809 
10.184897568201158 2.1368858077511255 1.29970836526458 
2.0 71.73043153640475 20.867117961197017 
5.5324444165060545 2.0 1.843087214564037 
2.0 44.29938488889853 13.590582852507964 
2.0 7.949263351218307 2.1410458871428806 
2.0 56.506126741741454 11.500723624847485 
2.2732772682698155 39.15489012166896 3.608088761607279 
2.0 15.762444099587452 3.4113655250599857 
2.0 10.24662191382631 2.1922241803502938 
7.978747345463433 2.0 0.5117094574422718 
8.499714414180607 2.0 2.182412390954953 
6.625245252056877 2.4927414999861135 0.9761668994413355 
6.043645128556376 2.1029797799887344 0.1387671967034021 
6.275126787521351 2.4731069037922424 1.8823511754753093 
2.0 13.505857059496332 2.4258401743807445 
2.0 15.367752521501915 3.3147248957645536 
7.093959169108703 2.4576189963801154 0.6780345673541933 
11.979043186422105 2.0 1.1095990994266276 
4.384840048252842 2.0 0.016138848590063648 
5.1340509030625 2.151462367336792 0.43221777928789384 
5.926333219188571 2.0 1.607399661386481 
7.281307659076456 2.0 1.4196028638046414 
17.476610535206145 2.0 0.8339143507553195 
2.060207623947435 13.19002542588414 2.8425035924982436 
2.0 10.364454415446225 2.4488082530087416 
5.559411378800496 2.0 1.5062552682245818 
3.6779330065407896 2.316005657029019 1.1164137869012551 
2.0 20.920153420211868 3.9317407692072353 
2.0 62.04250699822654 4.83606174361339 
5.700034832513371 2.0 0.2421429055212201 
10.171246683021028 2.2186085556455613 1.3030086895115385 
7.127952464437467 2.0566618188266665 0.870595379081903 
8.42324392426506 2.0 2.514842438948133 
5.550131414478816 2.0 1.5606883353411183 
3.960311131921634 2.0 3.1104097682025857 
8.142596239797143 2.1853043722895085 1.3840478691709712 
26.29406130708843 2.1169331063432923 0.14410215915903976 
2.4846740503696587 2.1824300957773217 0.5049898486145215 
3.396665238522038 7.9467998211616395 3.444018788352764 
7.114535149267118 2.105038081177171 0.9253106635834341 
6.5089157524428405 2.192890269662125 0.14349618143683962 
6.3370908891569195 2.0 0.6984371292594851 
2.452104973278551 2.148309752238763 0.44869313060551613 
6.4428441360373805 2.3431115396512427 0.8976108615808436 
