68.33501384584818 2.0 5.067300052816073 
70.74083513917024 2.0 5.172436297305859 
5.444060103403739 2.050929898158717 1.7346498356610456 
2.051838613659591 2.004084559172665 1.0038097321354758 
2.0 2.4805654620565907 1.1661900937525338 
2.0 2.045553998371617 1.0881329966379303 
3.793342158122776 2.1965732039030184 1.1557922794634239 
4.599962625372328 2.407230906642517 1.33717482835994 
4.27873222534628 2.3610967098270335 1.2315160371321292 
2.034014028333812 2.0 1.321109297271314 
5.161620603325865 2.0854210112705873 1.684289532488271 
73.55757025074074 2.0690897651028504 5.975834437328224 
5.477782663658451 2.093963112397646 1.852718485737098 
4.12779493355327 2.0 2.1138508994556777 
7.074955235093547 2.0409031589915223 0.8329509985903814 
3.649551973899997 2.0 1.5211349158426775 
4.29571186895118 2.0 1.4739422764016825 
2.0 2.0 0.8244311801359459 
57.25831370633832 2.1330534370095626 5.745218354843728 
4.518278037195493 2.0 3.1616801590301438 
4.869635824908238 2.1161369968631747 1.81184099451213 
3.441800748121853 2.9226281579518734 1.760840132830239 
2.1093986406468894 2.3238832839177466 0.9636557498139838 
4.79155427621766 2.200784646490689 2.5423431130562357 
3.146197814977146 2.20365355801248 1.2308334074412457 
10.241760506001041 3.06360994001422 0.3235378195512104 
5.039146304416187 2.4964146006732038 3.9308039756544195 
5.451805874038607 2.2349437230540916 2.812282954378562 
5.4697072401746105 2.0017539430073765 1.9506923137129295 
4.9843137792054755 2.124754462360515 2.2827991190640837 
5.237987506894932 2.119120297458594 2.744567102750101 
2.0 3.1109783799805633 1.042332633766871 
70.47875274843291 2.1714610947576545 6.5955517138246105 
7.296339613221928 2.38016796952739 4.343164656393304 
19.598527245370985 2.0074097770918367 0.4701828912010062 
14.423716812244741 2.0 0.7449570568654922 
5.129938240242797 2.09788348550386 2.229132961868809 
39.73025508002875 3.687066031755378 12.95951183424534 
23.45297696080962 3.6275057091218765 10.876434651589683 
7.386307142960883 2.6712760550176213 0.29218970449377885 
4.856111096145155 2.139310196757021 2.680029512861818 
79.86080479843031 2.3370030043456334 4.057491166755445 
10.568510400141605 3.5254723742492216 10.7497373652932 
4.7722590160514615 2.1365766025886006 2.646326877202924 
4.496696987870501 2.1458185247310424 2.125732734521256 
5.9732135627535365 2.0261738526762545 4.376093569286419 
4.281688108715464 2.5074064825027556 1.2323252781945584 
5.30291558842437 2.2047027798035947 2.9415086791985923 
12.431930671562817 2.2719388819593385 4.981914857880419 
4.481839744924826 2.3462922097194925 2.0539321701789115 
5.043887301581236 2.018748867851559 3.2480243749292566 
4.833388795945023 2.1959374563752863 3.0902136004397676 
7.7995363457029 3.118973951419583 16.371653443404945 
9.587697314371905 2.005321657746275 0.35871959553964117 
2.0 2.0 0.7018145407828893 
4.4615305482553405 2.0592624857097936 1.4269150148016048 
2.0 2.042134880026241 0.011449554298754494 
4.4547621177619865 2.156497704491777 2.015096731032635 
5.224157146972419 2.203373658909031 2.16721547394023 
9.730053795122762 3.259702111570612 14.8923665967151 
3.979651460123108 2.0 1.1825335304850195 
4.471691078313616 2.253016398999601 1.6540149507394784 
55.286085385074784 2.0 4.906488220160441 
33.06410097128051 4.292690878580149 15.0358875476018 
5.336822347407858 2.1354061524039945 3.8469350282439594 
5.036611810817841 2.005369860536367 1.3114817522594122 
12.192058317373629 2.196505626246037 5.31195740744465 
2.0 2.0 0.746200216837714 
56.77599911689872 2.1463556500657344 5.479286617461277 
75.31510445348492 2.1946760442541895 6.306906868519958 
2.0 2.0 0.8603619164548042 
10.895899235536305 2.2402256950557367 5.45774420337246 
4.945127144398225 2.3248598220931735 2.9878267510003154 
4.943144205623999 3.6133299491225266 0.05256428063409235 
34.91269635197005 2.1721592313394362 0.6200986276986233 
6.395939855327149 2.0 4.565513570396065 
8.111363314095495 2.3321971223211073 1.5518807559200738 
3.7989577988479852 2.0725052150278147 1.5756346778738544 
7.6132212409239415 2.422164693880491 4.71476405710202 
16.4665838418099 2.357249920758439 0.15579091539741047 
16.197600236599506 2.3776616296586535 0.17046016189834318 
12.962851586575212 3.5312749122654363 0.382392373394554 
4.963431940300572 2.2808589924822 2.444956116782212 
4.853633608184972 2.2902476751915923 2.332224744682781 
13.9044413552043 2.7556053067017725 0.4064779841790484 
5.077213679177808 2.0312932011853486 3.441082386946251 
14.485721921581753 2.0650028140949748 0.5316421360616781 
3.6247648035986795 2.620621954072561 1.3152030319556833 
5.169417151199319 2.028349293621674 3.6300132054527436 
4.62068020269006 2.406899147546648 2.8528801432257906 
5.293696938636041 2.1862576750061047 2.4083043378792457 
7.921139716258403 2.401731324940926 4.83800241026387 
8.015265639224621 2.0 5.1289742222995205 
3.9878980339427064 2.1727722100910323 2.2175512934735093 
26.3668905154808 4.050478409645898 9.93467736451604 
5.2695911403710305 2.187430252665585 4.21389565083655 
5.119190841076845 2.07158030551012 3.537354093538378 
27.19449757295662 3.849265139278761 11.262071063537778 
5.491595455841058 2.095552465374899 1.8887556167694564 
43.77957783877219 4.270596272018982 11.219070453472256 
