2.0 22.506142380006388 255.32958961513964 
2.0 20.280895598122893 256.0 
2.0 17.512904271313573 220.9382673339488 
2.0 18.638061874410084 232.80525268197255 
7.353083964654454 3.713360634869002 238.084028547073 
23.241898137477822 2.7016884362485216 225.465641851323 
27.508397166756886 2.720962710673338 254.8963505117457 
13.090157717208191 3.401057229499822 256.0 
25.841419446664833 2.9810895264137747 220.2129034895586 
14.842341319680965 3.3677031419759897 245.66768757734167 
17.82954098368977 3.461725028421702 233.85737230417362 
16.55896797221523 3.236422467349966 240.48185516555782 
27.131076515828603 2.6135855411943125 256.0 
38.15901657449418 2.0 9.256933792706889 
7.187797449807536 2.0 6.497046336796075 
25.338976392898083 2.398252949388956 5.187594746071902 
30.825592400926173 3.2387176604095043 24.3393139224069 
30.622404540854106 3.2912741964827816 11.261721971337366 
3.925293096371254 2.0 2.7793650797137257 
2.0 2.0 0.8306516219709081 
38.63736310965622 3.3295059691668776 0.6735945441482727 
8.834667843764173 2.0009073364917396 4.67226189232373 
29.533960658397554 2.2223928129237365 0.11893708741014897 
21.629545579175012 2.621486659474322 14.407888953491543 
8.902868740240866 2.0723072193894883 4.6014250229804645 
33.52402440685839 2.003504909877097 5.913748055978431 
4.855299130665669 2.0 3.0257393293193 
2.0 2.0 1.552251055410295 
50.08859786824604 2.0182369689422357 3.7350584013458294 
6.6702601855735315 2.0 0.5057325408868607 
12.800271258725815 2.6493726240936484 14.084247346728793 
3.353629358819677 2.0107498999090296 2.448905391747661 
4.255156258146187 2.0 2.299949910546804 
7.22138562690526 4.037353561047329 21.252657799648908 
19.24140283955706 2.575609478498647 13.313850177272831 
129.0 2.00027825451848 1.0894806586781285 
53.87444337913932 2.0 3.134588166790934 
32.39954365639501 2.0 0.9608618772190347 
28.657340073678313 3.3492722902516783 12.692159073857503 
