102.13275793065544 2.0 219.01210684008944 
2.0 23.25081079391656 0.0 
2.0 46.0940207116668 0.15615516210482028 
2.009341479510349 9.433995853672275 6.272289662477209 
2.33731534738011 3.076843798412405 1.7569631912477461 
2.013605974586765 97.0 0.15489139826255138 
2.009992264599848 70.74416805933578 0.3763888214149984 
2.0018426112075063 69.06879903987914 0.009615140633052022 
2.103248460262803 11.243701827124491 6.525213791548353 
2.0178522901426836 2.0 1.8123037263432646 
2.0301980035002165 2.0 1.3044402610483918 
2.0 8.854337380332275 9.119474578487587 
2.2194937512306208 6.078086349192477 3.038605237531461 
2.05268560869199 5.488536011156661 2.8028580041107225 
2.0 6.4783282068679355 3.3103442169287707 
2.0913794836028385 6.38622055102533 1.1859114660409782 
2.0 5.863530536274705 2.679774247241971 
2.320455604295158 2.0178582384038135 0.7539564288515087 
2.078227959029636 4.467854548450701 3.0512436412709922 
2.1050458065369617 5.586883709721892 2.2044335377194235 
2.0554732114742027 6.113753569066367 1.404618095904153 
2.1658890962276307 9.222321914854941 6.726074315209429 
2.271072474453952 11.150333368993925 4.890528148222974 
2.048133606416708 2.2153821925516635 0.71136394971335 
2.064670667207672 9.175071426660251 5.561099986684164 
2.1746529221719046 9.337722709913228 2.7386699108238006 
2.0 17.808967518205687 20.761330248532175 
2.009142927439703 6.1964782103906595 2.619896955023253 
2.0 5.92390575079877 4.134860632444642 
2.276128481252352 4.773520785459967 1.2239979829510466 
2.0764450741413767 11.046128918302056 5.451694540719569 
2.278747440735437 10.573302982405295 7.396325421197211 
2.0 2.7222590043754775 2.091461834893886 
2.0398394382018754 12.673979696812047 10.699391466452804 
2.0894607350371617 4.964230822206622 4.348276600213829 
2.0763380273131338 3.4681924142936076 1.2576783191870025 
2.162835082363527 3.1804782370047704 2.2306310942632175 
2.0556360857360816 3.498017894593046 0.9100992110535087 
2.074435003069849 3.04927011247962 0.9654789720510166 
2.3864966185167127 2.5817294448469905 0.778270165888775 
2.0 4.580229115004345 3.9887873484613876 
2.065194131396358 6.13380578549183 1.3022730693174196 
2.1202479826670233 3.054868665359256 0.8558908649230801 
2.0 2.9831304765188147 3.582761537653891 
2.0242155476180335 4.837961034144893 4.229119590196237 
2.003835653948597 6.76392289994312 2.8316037205106928 
2.103902709936536 2.8104853334302327 1.065528760183637 
2.4614599729967095 11.349702314388066 4.539309190585874 
2.0174077464622644 9.386401272896443 7.895324651485259 
2.0 2.5563269075088773 3.4795373261582685 
2.100318853812942 2.0 1.4883549845369126 
2.2342486938087025 6.016600980372424 2.482458384315173 
2.0 2.0 1.3285260713264344 
2.0 16.739828122930746 1.0150860048904553 
2.0 2.3444798888058203 1.540411710860348 
2.4713612651506884 3.526970705184314 2.834729309132673 
2.1201754290091035 11.07798336537688 3.45839556885368 
2.113586156194448 11.190026658952148 5.065540045612453 
2.0196890988490517 9.189402533765874 3.4848894089268274 
2.0 2.0 1.5079231220255804 
2.140562551704881 9.424445996434486 7.109381503315221 
2.0 8.676070603407926 8.493736981356331 
2.2057161700323196 8.213328043570481 2.386920784460353 
2.0788056682355953 3.5664936799177758 3.4724310497620596 
2.387425959273516 2.5837153710169765 1.4432984368455557 
2.1513614058010195 3.144604008690532 1.8628800063762738 
2.057178181774299 3.4360543234417804 0.9185774260500854 
2.036537295305381 30.754321839635914 15.60777491410683 
2.0513797972505277 3.5735447267478797 1.8997599511635639 
2.311847331504922 2.993569004456961 1.6378941605592683 
2.005683316513414 41.593534162301054 0.2281705372857541 
2.339912763569291 3.365582115148099 1.936937919525628 
2.2686217521269927 52.449055177107134 0.4936009145308846 
2.194423717509555 3.4461838820742186 1.4271034098638957 
2.1244642542838794 3.1769018037638856 1.9899296826295352 
2.0 5.894650614123864 3.1775264273207933 
2.0235852382475423 3.956530647024117 1.5813237332540209 
2.159041992688885 10.605367374426487 5.77842949704383 
2.1290705096640985 3.38021578395581 2.3372290789176215 
2.407957670251526 5.479984859372217 2.943795088288723 
2.6654849076540357 2.128803260238476 1.6726894957645817 
2.0337975502518546 2.6399493334200814 1.1551106274859453 
2.0 11.222322659817534 9.777030355101374 
2.1877960810109953 8.144155949610829 3.957453324953617 
2.0 20.729928025050725 13.656268971680003 
2.3070861749086715 11.296139814127791 5.222755618800825 
2.1550789385569535 6.733896416846099 0.8674239107375792 
2.0 3.0728524888502835 2.168464779915758 
2.0 2.6081659811931655 3.3219243539483188 
2.1991972655768315 9.187655953064883 5.957998919462209 
2.296432614222623 18.904417287988313 0.033052311421329805 
2.104628451216483 3.5359493618116247 1.6618413717426885 
2.000148061699564 18.800325054153973 11.675484013634936 
2.0 3.495812716648831 2.4761226623799177 
2.145485306662353 8.314306401268183 4.656774639495681 
2.132810138779079 2.9523556598371075 1.025648636969561 
2.327056723715878 3.3598146714378805 2.0378192757735314 
2.0267297544306713 65.79806389635351 0.7899041635771935 
2.0 2.0 0.026743559623286117 
2.0289873385418242 3.0282667117999766 1.0900583361966807 
