0.007481100000 0.173516000000 0.180084000000 0.197504000000 
0.007178310000 0.208367000000 0.213476000000 0.232184000000 
0.007298950000 0.179013000000 0.185554000000 0.203165000000 
0.008844380000 0.159250000000 0.166172000000 0.183891000000 
0.014720900000 0.118567000000 0.118954000000 0.134794000000 
0.010980100000 0.135198000000 0.141025000000 0.157832000000 
0.010165200000 0.153310000000 0.158709000000 0.176018000000 
0.007628920000 0.171558000000 0.178314000000 0.196150000000 
0.007669930000 0.165649000000 0.172203000000 0.189741000000 
0.010940100000 0.147479000000 0.153418000000 0.170702000000 
0.009511950000 0.155602000000 0.161835000000 0.178912000000 
0.007262230000 0.181187000000 0.187757000000 0.205248000000 
0.175061000000 0.000190120000 0.000150455000 0.000162034000 
0.113541000000 0.008847890000 0.009046560000 0.010900900000 
0.023983000000 0.097431300000 0.097400400000 0.113726000000 
0.009613040000 0.155431000000 0.161643000000 0.178662000000 
0.077327700000 0.029026500000 0.029663200000 0.034975600000 
0.024235700000 0.094665900000 0.094370800000 0.110697000000 
0.108976000000 0.016333400000 0.016216100000 0.018502700000 
0.180695000000 0.000171521000 0.000155281000 0.000204479000 
0.022508600000 0.098588600000 0.098647400000 0.114823000000 
0.169024000000 0.000559191000 0.000549968000 0.000673502000 
0.113409000000 0.010422300000 0.010476200000 0.012286500000 
0.088782800000 0.016644300000 0.017152700000 0.022160600000 
0.011424500000 0.134889000000 0.140712000000 0.157423000000 
0.013441600000 0.128384000000 0.132042000000 0.148794000000 
0.047096300000 0.051129500000 0.052063800000 0.063294200000 
0.067354200000 0.029042000000 0.029603700000 0.037475900000 
0.012749200000 0.129608000000 0.133798000000 0.150511000000 
0.052065800000 0.044195500000 0.045911200000 0.055997500000 
0.086219300000 0.017795800000 0.018656600000 0.023445700000 
0.019401100000 0.103143000000 0.102902000000 0.118976000000 
0.014164000000 0.126258000000 0.128205000000 0.144305000000 
0.024959100000 0.093215000000 0.092886500000 0.109414000000 
0.077773600000 0.021335200000 0.022412500000 0.028184100000 
0.165793000000 0.000601463000 0.000593871000 0.000742637000 
0.043530500000 0.056607000000 0.058409900000 0.070354800000 
0.172977000000 0.000247050000 0.000209518000 0.000225622000 
0.021134900000 0.100931000000 0.101351000000 0.117650000000 
0.055616400000 0.039245800000 0.039787900000 0.049843700000 
0.009206770000 0.157176000000 0.163499000000 0.181113000000 
0.038746400000 0.068091200000 0.070169500000 0.083664800000 
0.026751000000 0.089572400000 0.089038000000 0.105755000000 
0.029808500000 0.085472000000 0.084941300000 0.101710000000 
0.011862800000 0.133108000000 0.138358000000 0.155056000000 
0.130869000000 0.003959890000 0.004200240000 0.005589250000 
0.121631000000 0.005541890000 0.005828250000 0.007720340000 
0.184603000000 0.000160783000 0.000165301000 0.000251013000 
0.019197000000 0.103771000000 0.103514000000 0.119526000000 
0.014307500000 0.125250000000 0.126952000000 0.143191000000 
0.059667100000 0.035465400000 0.036080100000 0.045413500000 
0.026747700000 0.092346200000 0.094398000000 0.110513000000 
0.170412000000 0.000320562000 0.000296116000 0.000360067000 
0.017552900000 0.108422000000 0.108118000000 0.123838000000 
0.029721700000 0.087550900000 0.086990500000 0.103893000000 
0.032574700000 0.073460000000 0.075351700000 0.089650200000 
