2.0 23.292108246716364 170.28973753257435 
47.294423075735864 2.0 128.0 
2.0 30.55696774759211 84.88907556737033 
2.0 13.496997240664715 176.91151368457923 
2.0 2.626817887563161 178.5052460553929 
2.4507740888467726 6.205965437895396 145.42150185504545 
2.0229786174710283 8.739763333535223 169.6744730278404 
2.0 20.608814291154573 179.24275937919677 
2.0 15.18144721618851 224.34070886180956 
2.0 8.339929933115712 150.54887163691876 
2.050250982127355 11.002081192924306 171.16275757629964 
2.0 35.92684444002491 19.885164775914767 
2.0 2.015634706098023 0.1450060309235539 
2.393828572469083 13.253632155414051 0.5775728513716416 
2.0 2.0 3.531009228581812 
2.3285950250581835 10.504377518664423 12.949059514792403 
2.0 26.405864330975966 0.9496653776654966 
2.001365806111776 2.0975133370069527 3.1313473847219653 
2.0 80.10029982594888 0.7312148098379225 
2.0 2.0290814462073152 0.07619527094331602 
2.0 2.0 3.727930617702837 
2.009093643675641 2.6175998696442444 0.23466178650847774 
2.0138355894743194 38.1797984780072 0.561832977232492 
2.0029117032810304 2.0629697344707894 0.867427850555251 
2.0233921825252144 6.293095527015225 10.197856646224324 
2.010743997472146 6.019397012059354 5.224373635564724 
2.0776388513203186 2.787132518443485 1.4120388362816243 
2.1186650903153885 2.02882315655557 1.0897790102278526 
2.0072337636107997 5.9358755943073325 5.746810999121196 
2.1087258962656423 4.754403293210218 1.2539724703626067 
2.0 5.42373113726548 0.840617103164135 
2.0025453829506046 2.6829572326729654 3.1301360491225187 
2.0 4.119293788743648 6.992010169511593 
2.0015578153370313 2.2596349047191087 2.939790066275094 
2.1119082826815836 4.850823193083452 0.8963462238097823 
2.0616412346323862 2.0 0.25019783569529963 
2.022515633862858 5.249061781823269 1.4275054099871185 
2.012200044570287 2.765469129125985 0.16902532251508973 
2.0033337533410607 2.4734156099431863 4.14628413906359 
2.0 2.0 1.2484687520919238 
2.1576151395273238 13.269044370131043 9.726820425523735 
2.0887598094720725 8.189296212291804 1.5619410386323143 
2.0 2.0 2.470406391346674 
2.0 2.0 2.1851958186772764 
2.191106220494847 5.682174371302124 7.9308055356809115 
2.0 2.0 0.518724627227732 
2.1984862115246893 2.126880795526828 0.5856213172733715 
2.0 2.0 0.022518905497044273 
2.0056495550389073 2.6919985852800936 3.2233482515147847 
2.067454044889695 4.10064969408454 5.880958091518114 
2.1266717943629265 2.0 1.1919689971189948 
2.0 8.033457289940733 1.9730047508183186 
2.0 2.0 0.18895473067622998 
2.016967624279345 2.614846895678213 3.9593328259456637 
2.2751984727159225 2.0 2.277062041787355 
2.05982784459194 5.859468811302085 1.6676591732961112 
