2.0 26.901470837545133 0.0 
2.0 34.800410968988956 0.0 
2.7637787036834003 39.38368908093753 104.29303298439307 
2.0 77.03851119431576 115.2 
2.369027157951728 33.4364403925912 17.2090829086248 
2.0 69.74218900374407 38.35533141734621 
2.0 66.99181341042602 28.205168928789774 
49.15122791357045 2.0 1.1995809915615845 
3.4118751948621453 65.91014719615012 46.4825238762283 
2.0 46.131698091225545 22.160694999526555 
2.9188982344327696 39.782411179266674 78.2728141427449 
30.57059992728298 2.241545889812353 3.345374075812258 
12.200801984266183 2.0 1.4210249075812147 
23.899568987938313 2.3787955686683797 3.9455769872548148 
13.220762180202156 2.616810762807403 0.25619386956460377 
60.30838148467663 2.0 2.1092950101910954 
24.987605600338064 2.0 2.188468903965091 
20.2233556955226 2.0 1.197659819599732 
11.915576129466011 2.0 5.267168665353447 
62.89919490288361 2.0 2.317793685598041 
5.241894919515689 2.95 3.386046205056035 
2.4730681782605988 37.07388578395297 19.163410760164503 
44.33095782354502 2.0 0.43274139191672134 
12.502996058526609 2.0603688731729934 2.500809281450344 
20.107194458732938 2.0 1.1248075673071347 
14.338352836870552 2.0010589218250745 1.0708318418528129 
13.044870706795859 2.275172864214844 2.7550737209947065 
19.319321969303047 2.013907036833872 1.1239930798779136 
109.30587964360217 2.0905258274973875 1.9254714360659095 
125.38976198421857 2.0 0.889763209776453 
13.05070247317976 2.0493721228108512 1.2218484324313943 
17.613072728023344 2.349977773872787 7.191298318066386 
22.114132755466272 2.440180627718821 5.456595906999287 
34.008109101534245 2.1147458022785064 3.4990004836248185 
12.281021387065138 2.0 5.71018401663213 
24.561277227447803 2.3518385200430814 0.810737186763679 
39.92097367853564 2.0 2.7922853265231677 
34.725383547696374 2.0525847791473812 2.114224237839898 
13.250447571127367 2.3344272621057693 1.8171511614588454 
39.609383617757985 2.0355631075103946 2.2575792094952387 
12.967920229069632 2.20060293315704 4.225796557315501 
21.762546310980213 2.4005889333195713 2.676521655374086 
12.10603046399079 2.2375256450880077 2.3473742195894287 
2.0 2.0 1.43887364007444 
25.951048441007273 2.2343678788298726 2.408218792013633 
20.52463417230463 2.0101389266036196 4.538432147445989 
14.595263190061818 2.326182044334025 1.706825040814859 
9.30088826190182 2.0 7.232698653488139 
18.20046579902942 2.156883813014611 1.3220410094479857 
14.187576394602626 2.0 8.201586447997764 
22.468267982073694 2.230063631252821 1.8250223755254942 
22.709152441281077 2.3137505902936764 1.9593877827099009 
27.354250976543426 2.3316306714001254 2.717162787413165 
12.130454390920601 2.1869404776759787 1.517937346679784 
27.99094543085163 2.0 0.04555922301596205 
26.314336277327023 2.2656816269246836 0.5245177900681516 
14.292773212046203 2.2098955882873916 5.029961222041542 
39.22783154101833 2.4000197649997475 2.9282441748067254 
30.63269111820641 2.831803223966392 0.8738976979582974 
24.091693358579562 2.288965408282329 1.7533102817245698 
14.997956743293008 2.0559792099188012 1.4813560212763188 
11.765057917737309 2.4422800132862132 1.6829026877677784 
11.007156424137259 2.0489027064713876 2.0828060779905715 
21.346455905970764 2.142003624025616 0.8072854757001857 
2.0 2.0532725286241345 0.05485972250515486 
21.03635108416815 2.0 1.407378888951415 
21.322856845783278 2.0 0.7015081634393072 
5.865421296472998 2.0 0.4932873779590352 
14.663535315683824 2.0048619329474784 0.8458613978286423 
41.151456017038775 2.633428112342788 1.0684499087755475 
13.010874209435444 2.0 0.6249227474556631 
3.191842229240386 79.88468088883378 106.29820328989007 
23.697218009463043 2.2725513726032274 3.12647140909316 
50.981453087503596 2.088011354912712 0.6679720714875321 
12.246428724592281 2.134492984526534 1.592290886997582 
12.230151208959812 2.018939973684874 9.378006928647935 
8.179039618039152 2.18081932870773 4.766586766415832 
28.285847834367132 2.0435029931490503 0.8518476062756809 
9.158154869681173 2.20150003696993 6.345995906172027 
6.3182876709880995 2.162719312473002 0.5546620387420674 
5.4788741675786685 2.108578293900431 0.37945949912227606 
12.347984954531759 2.177764639032028 3.0668561306917397 
20.794642995121897 2.3415646645803543 0.5546453796707351 
17.662767892331537 2.0 0.1474346743618482 
24.92914079581084 2.34718103477342 0.9788382074379429 
13.354191195728225 2.1706471559134908 4.874301991158546 
14.326974450887006 2.3535473836819136 0.7648313518796457 
41.72154129440765 2.0 4.154357576393139 
17.225163106020425 3.281834505961621 3.1894836001517595 
34.91054861602106 2.2597581994070093 0.375724588445145 
32.32212940129445 2.0004196998555903 0.19388160962871626 
16.912904083917958 2.0622945727398205 2.245591159076717 
15.550912852143234 2.0911206400099056 2.589590966598312 
21.64737964155272 2.1147151429634743 3.7679084749745284 
26.567458941423464 2.0804625382019775 0.760866841056463 
24.365243872103626 2.126197263770114 3.660357346469194 
24.37740796743695 2.0 4.398955100153551 
23.722516997600756 2.0 1.0189200887283334 
45.0340903287005 2.0511947203432763 4.020585874765573 
36.35333264939039 2.3078030387863673 0.5518563685608195 
