0.033295600000 0.552942000000 0.547334000000 0.559951000000 
0.033703800000 0.548498000000 0.542335000000 0.555114000000 
0.031962400000 0.573877000000 0.566916000000 0.578388000000 
0.032377700000 0.569907000000 0.562478000000 0.573757000000 
0.049182400000 0.404498000000 0.396819000000 0.420592000000 
0.446088000000 0.019845700000 0.017850100000 0.020115600000 
0.050822700000 0.382789000000 0.377691000000 0.401058000000 
0.462013000000 0.018963600000 0.016835500000 0.019647900000 
0.077405900000 0.212275000000 0.206865000000 0.219954000000 
0.436915000000 0.022235600000 0.020082800000 0.022558000000 
0.062403200000 0.247138000000 0.240769000000 0.253635000000 
0.328574000000 0.048524300000 0.045433600000 0.050788000000 
0.078140700000 0.207601000000 0.202355000000 0.215470000000 
0.344213000000 0.047484500000 0.043845000000 0.048609700000 
0.212440000000 0.096261800000 0.092525700000 0.102541000000 
0.034408600000 0.434625000000 0.430129000000 0.453118000000 
0.625196000000 0.001005830000 0.000665626000 0.000784355000 
0.421610000000 0.025321100000 0.023224800000 0.026322900000 
0.382945000000 0.033154900000 0.030695500000 0.034539800000 
0.049556700000 0.389973000000 0.382462000000 0.406741000000 
0.065731000000 0.239273000000 0.233098000000 0.245989000000 
0.057670600000 0.262973000000 0.256106000000 0.268917000000 
0.167934000000 0.118819000000 0.114831000000 0.126011000000 
0.360682000000 0.038861200000 0.035135100000 0.038567400000 
0.081666000000 0.203121000000 0.197937000000 0.211028000000 
0.267384000000 0.071177700000 0.067931900000 0.075926400000 
0.052467800000 0.289972000000 0.282260000000 0.295472000000 
0.066214100000 0.235011000000 0.228979000000 0.241908000000 
0.069831800000 0.228821000000 0.222966000000 0.235965000000 
0.137993000000 0.139816000000 0.135395000000 0.147493000000 
0.409582000000 0.027461300000 0.025364100000 0.029017200000 
0.056110400000 0.272479000000 0.265259000000 0.278128000000 
0.516858000000 0.009408770000 0.007691400000 0.008270780000 
0.073085800000 0.217164000000 0.211587000000 0.224646000000 
0.181353000000 0.111329000000 0.106746000000 0.117144000000 
0.476463000000 0.017473700000 0.016121400000 0.018676800000 
0.353357000000 0.041390600000 0.038561500000 0.043281600000 
0.598441000000 0.002402230000 0.001773490000 0.002042260000 
0.304389000000 0.057518300000 0.054642100000 0.061740900000 
0.562133000000 0.005031890000 0.004164220000 0.004775830000 
0.054147700000 0.279390000000 0.271080000000 0.284393000000 
0.056960600000 0.264505000000 0.256742000000 0.269771000000 
0.254799000000 0.076843100000 0.073433600000 0.081937000000 
0.293211000000 0.060582200000 0.057048400000 0.063517200000 
0.288898000000 0.062117400000 0.058534600000 0.065113800000 
0.309637000000 0.054617800000 0.051463000000 0.057941400000 
0.130259000000 0.146135000000 0.141780000000 0.153998000000 
0.127638000000 0.150775000000 0.146587000000 0.159064000000 
0.148011000000 0.137628000000 0.132109000000 0.143339000000 
0.197107000000 0.104043000000 0.099597000000 0.109612000000 
0.099679000000 0.175912000000 0.171378000000 0.184354000000 
0.049002200000 0.404240000000 0.398239000000 0.419549000000 
0.087570700000 0.189331000000 0.183919000000 0.197055000000 
0.322587000000 0.051262400000 0.046944200000 0.051524600000 
0.501260000000 0.011313700000 0.009436580000 0.010178000000 
0.120445000000 0.155087000000 0.150508000000 0.162979000000 
0.070756400000 0.220530000000 0.214314000000 0.227476000000 
0.367512000000 0.036725800000 0.033072000000 0.036257400000 
0.545880000000 0.006742560000 0.005350520000 0.005686200000 
0.640232000000 0.000516362000 0.000392371000 0.000481928000 
0.103753000000 0.171079000000 0.166222000000 0.178989000000 
0.156242000000 0.127327000000 0.123188000000 0.134733000000 
0.399721000000 0.029007600000 0.025791700000 0.028214100000 
0.115720000000 0.159368000000 0.154768000000 0.167331000000 
0.206932000000 0.098326800000 0.093951400000 0.103588000000 
0.489991000000 0.013098500000 0.011530400000 0.013075800000 
0.082456600000 0.197513000000 0.190995000000 0.203660000000 
0.086138700000 0.196513000000 0.190059000000 0.202721000000 
0.060616500000 0.254217000000 0.247603000000 0.260441000000 
0.174754000000 0.115473000000 0.110773000000 0.121337000000 
0.348089000000 0.043762100000 0.041068700000 0.046386300000 
0.425725000000 0.024861100000 0.022465200000 0.025194600000 
0.107994000000 0.167310000000 0.162367000000 0.175239000000 
0.051847500000 0.299308000000 0.291348000000 0.305097000000 
0.244280000000 0.085733800000 0.080314200000 0.087652500000 
0.530145000000 0.007437410000 0.006349730000 0.007246500000 
0.481761000000 0.014196000000 0.012481300000 0.014337000000 
0.036955400000 0.426854000000 0.422048000000 0.444774000000 
0.261050000000 0.074029600000 0.070065800000 0.078057200000 
0.577979000000 0.003684250000 0.002917080000 0.003358370000 
0.151979000000 0.132350000000 0.127347000000 0.138677000000 
0.226715000000 0.088987700000 0.085388500000 0.094736600000 
0.096926700000 0.179198000000 0.173976000000 0.187003000000 
0.134846000000 0.143344000000 0.138972000000 0.151090000000 
0.096265300000 0.186614000000 0.179840000000 0.192196000000 
0.393525000000 0.031831600000 0.028845000000 0.032831700000 
0.051040600000 0.309508000000 0.301445000000 0.315986000000 
0.217809000000 0.092819100000 0.088634100000 0.097921600000 
0.162019000000 0.123884000000 0.119743000000 0.131248000000 
0.235905000000 0.087883200000 0.082395800000 0.089872400000 
0.247948000000 0.077541700000 0.073718300000 0.082057200000 
0.273619000000 0.069215000000 0.065631300000 0.073262900000 
0.314898000000 0.054373200000 0.049969000000 0.054809600000 
0.053008100000 0.289348000000 0.281666000000 0.294867000000 
0.199220000000 0.101899000000 0.098091800000 0.108319000000 
0.041553500000 0.409698000000 0.403387000000 0.426587000000 
0.040639900000 0.422643000000 0.417734000000 0.440296000000 
0.279886000000 0.065595600000 0.061831400000 0.068659600000 
0.611745000000 0.002004840000 0.001615480000 0.002033960000 
0.188693000000 0.107063000000 0.103224000000 0.113778000000 
