2.0 39.9730233299616 0.0 
2.0 35.588016460913394 0.0 
3.2051045967781713 44.532164534816 0.0 
2.679993234864847 37.7501337496085 0.0 
6.182517677800307 3.22635704633097 222.03307370393551 
2.0 2.1185167258876128 0.7307009209726587 
19.518432205867185 2.0 143.96815351985697 
2.1499044991636986 2.5945381471382674 0.6582591249590297 
10.470798214974856 2.0 2.979540804022337 
2.17883066023944 2.0 0.7606818828429749 
9.673957479062771 2.0 3.718819611683058 
3.7233925918124946 2.433479080669561 1.0150037361459825 
10.331294246207506 2.0 2.907757272129428 
2.0 2.367631933167573 1.0427129741314825 
8.424911637211718 2.3656095651825666 1.4830000091163082 
32.10160404412348 2.60370624052103 18.797726594011422 
2.0 2.4289840806692005 0.2423362544019101 
4.302297235113537 2.4824758397691133 0.7469924516963733 
3.8065377752378744 2.253027884796859 0.8451775059882454 
3.7894729737356805 2.9073040972311515 13.896799420308971 
10.458656307313296 2.296749480712072 3.5368676559402177 
9.587903684199244 2.0 4.152778417160357 
6.515711146208586 2.2972784079545923 1.7278258628178973 
2.773247445151206 2.0 0.9398454641059035 
9.961633615107718 2.0 2.8313850975948895 
7.193918372424815 2.263727321456589 1.245819025181077 
9.714772641904332 2.133068100323203 5.222241783481259 
10.36651084463383 2.295479437231756 3.4305624214115253 
9.740453641760801 2.0520481520537492 3.3185980771405053 
7.5514164722751635 2.0 1.9728892288171331 
6.230934726159453 2.231821756041515 0.7546976385374758 
9.761390954046563 2.0 4.44565111077463 
3.2542298835636334 2.297293060681527 0.5368276333856592 
9.65146649238092 2.2646249353834094 3.0746947566129674 
6.186645913511692 2.2188227484940066 1.6816853187806982 
8.584991590525298 2.434524774645169 0.5800095059670849 
3.728459782482802 2.275443410109159 0.9416591412040314 
2.0 2.0 0.3404366989223231 
7.710976177706149 2.0 1.0836502492996098 
2.0 2.0 0.45074644174127987 
7.5235458791446135 2.0 5.003345319613865 
8.079606991975652 2.2217265913270263 4.3675035218357126 
7.007193941829673 2.1865789938095235 1.292384839259482 
3.8588597517386862 2.0401127669862293 1.1404493770116304 
4.235645890930898 2.0967932703566863 1.1563744619843466 
5.9428330515456045 2.0 1.0703377551709636 
7.225842980047792 2.0 2.043309025993845 
10.065288138699694 2.0 2.0812151262437735 
4.326951030349478 2.1614058150041897 1.9563095365960588 
6.029375998996652 2.253512783064107 1.6044698002653306 
10.048500172492501 2.24724806073363 2.401472095409298 
13.280218626700885 2.774124734803702 13.321131421408523 
8.44059782177752 2.475415701152102 2.617796385188689 
3.4127939239415497 2.0718960122161034 1.068729738166829 
3.3045416609347322 2.0443959803981713 0.5747297315415899 
7.073979158538287 2.234741041744511 2.147182158981218 
7.7691628276657125 2.070742218364521 3.154589634968063 
3.447869378670621 2.389963056815518 0.9145420027447853 
2.7694086795766477 2.0295833157630496 0.47423335802981137 
2.0 2.0 0.09134267828389661 
7.4059235958050635 2.1765829968171646 2.3513903891060375 
6.993976615845125 2.273704627332124 1.823315267711583 
3.255341615852119 2.40626623694785 0.8358364445265863 
7.007774349291896 2.302498968752222 2.204522468030656 
5.501847174923185 2.1728396303500146 1.5394584976352172 
2.3295751172158825 2.0 0.6250937686750533 
6.17101264336818 2.0 2.7858809509746374 
6.330135987697361 2.4623771665864003 2.767312913555859 
10.17931091900741 2.3596250018372573 3.89283199400068 
6.0449090261316485 2.1950723222143895 1.7219688286325696 
7.06741775315632 2.320835120192188 0.9529110030644065 
2.169186715587367 2.0 0.7941486563573765 
8.430336485048377 2.2394530044911165 2.3033843252021735 
9.836177977704002 2.0 5.733832742039974 
2.7874003486749483 2.0 1.3969287929701881 
2.0 2.0 0.5191177386710324 
5.240874015251538 2.020194879537718 0.5927634543135119 
23.075561496173222 2.8814422046510497 16.659274960466107 
4.572969692622875 2.0 1.2842041576163021 
2.126984837959113 2.0 0.40504313340101705 
6.320758772665969 2.2649669508808734 1.9081240179213526 
6.780149794487356 2.0 1.422328755853382 
7.67263380649684 2.0 2.469887429297123 
6.673452970741073 2.0 2.003654961222551 
4.208383839879307 2.024677235885162 2.6615887881909237 
2.4250837543822246 2.668749588008609 0.8359729725360826 
9.779048361684842 2.199354919615675 6.348321684202906 
6.428460708631242 2.052548186683042 1.4718007077932234 
8.395223446349526 2.2691500017301953 1.7731849038553626 
2.6894097186812136 2.0 1.4161771731932429 
5.69689575664502 2.1446184407734084 1.3181011636870883 
6.0267552735951515 2.0 1.2245628355960525 
3.07008316225936 2.261395092222341 1.1007227570482787 
10.057220006395076 2.1251236536899016 5.196951326441876 
6.538118816157412 2.066737124248316 1.5487839625751374 
10.49293590474377 2.9418478592514825 15.534784880117524 
21.967117501068536 3.0739921692036583 15.490841511854935 
3.91977868459991 2.4655998126126577 1.1882773417996948 
4.202894607252027 3.4715232793300843 0.1535361249043774 
6.777568682103588 2.031804405518122 1.5972801493215907 
