0.007178310000 0.208367000000 0.213476000000 0.232184000000 
0.010165200000 0.153310000000 0.158709000000 0.176018000000 
0.008844380000 0.159250000000 0.166172000000 0.183891000000 
0.010980100000 0.135198000000 0.141025000000 0.157832000000 
0.014720900000 0.118567000000 0.118954000000 0.134794000000 
0.010940100000 0.147479000000 0.153418000000 0.170702000000 
0.007481100000 0.173516000000 0.180084000000 0.197504000000 
0.009511950000 0.155602000000 0.161835000000 0.178912000000 
0.007669930000 0.165649000000 0.172203000000 0.189741000000 
0.022559200000 0.096914900000 0.096820600000 0.113139000000 
0.014416700000 0.122486000000 0.123622000000 0.139884000000 
0.007628920000 0.171558000000 0.178314000000 0.196150000000 
0.008907320000 0.158804000000 0.165781000000 0.183463000000 
0.008604530000 0.163341000000 0.169224000000 0.186533000000 
0.024041200000 0.095222000000 0.094982700000 0.111305000000 
0.045595200000 0.052585800000 0.054421800000 0.065864600000 
0.038632900000 0.063719000000 0.063676300000 0.077764900000 
0.011636300000 0.134638000000 0.140503000000 0.157217000000 
0.049210100000 0.048488200000 0.049468500000 0.060333400000 
0.087527300000 0.014004800000 0.014799100000 0.018786600000 
0.070264800000 0.026458100000 0.027061600000 0.034476900000 
0.143175000000 0.001755680000 0.001805780000 0.002221690000 
0.013355700000 0.129159000000 0.133015000000 0.149697000000 
0.007451060000 0.177771000000 0.184133000000 0.201569000000 
0.053319500000 0.040856400000 0.042471100000 0.051912200000 
0.033997500000 0.072372500000 0.072233200000 0.087676700000 
0.103362000000 0.009534400000 0.010036600000 0.012667400000 
0.023708800000 0.096111500000 0.095901100000 0.112170000000 
0.124273000000 0.005165910000 0.005295770000 0.006502850000 
0.094488100000 0.013507700000 0.013977700000 0.018148000000 
0.025283300000 0.087483000000 0.087975700000 0.103781000000 
0.096612000000 0.012648700000 0.013149000000 0.017159700000 
0.070592900000 0.026138600000 0.026720100000 0.033990500000 
0.077705400000 0.018625400000 0.019595100000 0.024758300000 
0.046155900000 0.051720600000 0.053537200000 0.064850600000 
0.152813000000 0.001683070000 0.001640360000 0.001912580000 
0.139805000000 0.002643520000 0.002812470000 0.003765220000 
0.016857100000 0.111261000000 0.111625000000 0.128423000000 
0.059537900000 0.034515000000 0.035970700000 0.044308900000 
0.142254000000 0.002428960000 0.002448170000 0.002948340000 
0.019593200000 0.102267000000 0.102049000000 0.118187000000 
0.052065800000 0.044195500000 0.045911200000 0.055997500000 
0.046606500000 0.049867800000 0.051533500000 0.062363400000 
0.034279800000 0.072352600000 0.072822200000 0.086963900000 
0.009581090000 0.155405000000 0.161617000000 0.178629000000 
0.021992200000 0.097458500000 0.097392900000 0.114076000000 
0.077671500000 0.021182100000 0.021754500000 0.027914200000 
0.123369000000 0.005465490000 0.005704820000 0.007115100000 
0.007263660000 0.178426000000 0.185023000000 0.202543000000 
0.120860000000 0.005806790000 0.006024520000 0.007545060000 
0.164764000000 0.000617689000 0.000609514000 0.000762496000 
0.024605300000 0.094287700000 0.093986900000 0.110364000000 
0.012306200000 0.131137000000 0.135818000000 0.152493000000 
0.160299000000 0.000882514000 0.000845093000 0.000982587000 
0.104980000000 0.007935580000 0.008417380000 0.010724500000 
0.034651300000 0.065277800000 0.066330700000 0.079488700000 
0.091589500000 0.014261500000 0.014756300000 0.019162300000 
0.010633900000 0.152202000000 0.157394000000 0.174644000000 
0.033490200000 0.071499300000 0.073321400000 0.087287700000 
0.039989000000 0.061364900000 0.061322100000 0.074980600000 
0.018044500000 0.104327000000 0.104091000000 0.120112000000 
0.130869000000 0.003959890000 0.004200240000 0.005589250000 
0.028620200000 0.081796800000 0.083536900000 0.098716000000 
0.099372400000 0.009601260000 0.010210500000 0.013075800000 
0.046795400000 0.048322000000 0.048699900000 0.060396600000 
0.017601000000 0.107530000000 0.107201000000 0.122906000000 
0.098570800000 0.009940000000 0.010575300000 0.013557300000 
0.119701000000 0.006737750000 0.006901460000 0.008398630000 
0.021462000000 0.100497000000 0.100889000000 0.117152000000 
0.041293100000 0.060510000000 0.060515800000 0.074023500000 
0.135006000000 0.003856770000 0.003881110000 0.004639760000 
0.042202000000 0.055390200000 0.057159600000 0.068904300000 
0.175900000000 0.000148512000 0.000110731000 0.000120479000 
0.014400000000 0.124006000000 0.125400000000 0.141621000000 
0.067017100000 0.030321900000 0.030867800000 0.039002600000 
0.043585800000 0.054377300000 0.056161600000 0.067745600000 
0.113483000000 0.007429620000 0.007766060000 0.010214500000 
0.029418500000 0.075914400000 0.076692500000 0.091241700000 
0.066077200000 0.033355800000 0.034408100000 0.041297300000 
0.016971600000 0.109585000000 0.109320000000 0.125047000000 
0.075873900000 0.021994800000 0.022540200000 0.028857600000 
0.024959100000 0.093215000000 0.092886500000 0.109414000000 
0.061449100000 0.033377700000 0.033975000000 0.042839000000 
0.097160800000 0.011943900000 0.012395000000 0.016189100000 
0.032900300000 0.076795300000 0.076430600000 0.092234700000 
0.019007200000 0.103394000000 0.103149000000 0.119214000000 
0.115822000000 0.006705690000 0.007065380000 0.009389120000 
0.015464300000 0.113616000000 0.113529000000 0.129159000000 
0.028094300000 0.087406700000 0.086852500000 0.103748000000 
0.013816400000 0.125661000000 0.127375000000 0.143564000000 
0.053864000000 0.040806600000 0.041315600000 0.051684100000 
0.068634500000 0.027829700000 0.028426200000 0.036120500000 
0.041881600000 0.059639200000 0.061517300000 0.073952600000 
0.082341700000 0.016126200000 0.017040400000 0.021652100000 
0.156602000000 0.001117680000 0.001075950000 0.001250760000 
0.011914700000 0.132026000000 0.136885000000 0.153549000000 
0.073487300000 0.021945100000 0.023020600000 0.029001800000 
0.057063100000 0.036807200000 0.038306800000 0.047019500000 
0.024569000000 0.094919000000 0.094650900000 0.110958000000 
0.052468800000 0.043337300000 0.043731400000 0.054508300000 
