46.94693776165077 2.0 60.14793891944396 
2.0 8.82090673698849 159.1227787603383 
2.0 12.615657512951039 127.50533332199568 
2.0 6.169625409927907 204.95332415069583 
2.0 2.6911344814774405 33.23977717155018 
2.0 8.234942624875021 162.22916154499 
2.0 22.96348959903093 255.8146254399801 
2.0 11.446775797523337 184.82784927152215 
2.0022062000889815 15.027218211646968 209.24348694705037 
2.0 2.0 3.448813101590039 
2.0596321976692797 3.5024406486287996 4.79528272657592 
2.0 21.351314809362815 0.0 
2.0005264633874527 12.929960056319963 14.182447582809958 
2.0 15.299822871081972 9.481147882859219 
2.0 2.0 3.2316479591741825 
2.0 5.404054454780315 1.3615671212423877 
2.09390251214022 2.083281749344082 1.642093588090649 
2.0 5.699693529824135 9.81938049683638 
2.0 3.2475705277574907 1.3725835899604286 
2.270280000393552 3.73140389803863 0.7883709772394751 
2.0 2.0 1.051962402610016 
2.0 4.3885899932992345 0.34810205034306385 
2.0 5.508137490057635 5.559624189193252 
2.0 30.152800237425147 12.8 
2.138744632771673 5.550433898082515 1.1894808265948664 
2.2954581976252015 2.102838232131489 1.81041962675248 
2.0 6.480177327314238 0.6354406962527147 
2.051465779147686 2.0 3.346764920517532 
2.0 10.37374747122465 0.47668400890920537 
2.0 2.0 0.8056462402246076 
2.07892132802768 4.028253227398751 2.011351126183672 
2.3018633371837334 2.3023124330505853 0.782026119587244 
2.0 2.1591439205204623 1.0465951699004958 
2.000714594622212 4.271536866884436 0.8818505607640066 
2.0 4.628038922033188 1.3464531275409 
2.6893521891143184 7.3415252292894335 0.28205902205871447 
2.0 2.4267485459023037 0.44870389963469 
2.0 4.01497960231666 3.2281568968364382 
2.166996942591239 6.139002334500884 1.1013767918593709 
2.0330331989837163 10.373459105621002 0.35152552773140344 
2.0 2.5016696545108212 3.028623710815665 
2.0 5.306276561832549 1.25049631804637 
2.0493966302873003 5.942377734958888 1.31917882142268 
2.000019093286828 3.0809955916408143 1.7468137792588756 
2.403874803384727 11.165302142497108 12.741354600742309 
2.000829782784611 2.911002824415511 2.512285817192001 
2.0 2.0 0.9538762526095275 
2.068511460248596 5.563886757851037 0.5051580833453748 
2.0708015255841783 29.502087335244585 15.91161818845637 
2.0207027782162488 6.537122137520558 0.521876309386049 
2.0 2.0 0.25929954037445735 
2.0000019687967967 2.0066375687935936 3.058785835525657 
2.0 5.522814041794282 6.586703719954995 
2.0028467510174717 4.6823079331925594 0.2272099989795388 
2.403052538556938 4.414967925490033 0.6228816038259937 
2.391911373118184 4.338438926996347 1.5983294838054243 
2.0 2.0 0.8225869417404928 
2.4249164390504037 9.123785169717491 10.915060763313523 
2.0 5.689950237315419 1.637770562629872 
2.0918681714522696 2.1109326921910556 1.6020473965682456 
2.0164575487364886 2.6958779078846935 3.27156900484 
2.0 2.0 0.5204197001490924 
2.1036366013966217 5.668221783976288 1.8090333481802148 
2.0000295368686247 4.006105447052036 0.6763331559295804 
2.103211666001715 2.494190229316367 1.389271732531603 
2.0 2.8540348379729723 3.7764754474117823 
2.0041924905031343 3.6453990364449176 0.6774429662584835 
2.397370833711247 11.333469794574722 0.5145804110424006 
2.0 2.0 4.094500166097878 
2.0 2.0 1.5864527954133965 
2.489084609979229 11.472102543544715 0.41500464077437904 
2.0661184234007623 6.414437697105624 1.397011206531132 
2.0001209730269536 2.4996633862242805 0.11614060350575794 
2.3930879144389943 4.056222750648271 5.1374389283203445 
2.0 2.0 1.1099875712531662 
2.008532001295025 5.517230058893809 1.3758176052599393 
2.0 2.0 0.6491519098341737 
2.015950383693071 3.589139318346914 1.7864456290419826 
2.0742740024190858 12.60627723430841 1.0415607561016436 
2.008602397099418 2.8588985290255535 4.117151442912342 
2.0 2.132659045819704 0.970971687299296 
2.0 2.0 2.939277545727086 
2.0000051510580716 2.2459107548346 1.1569765994727734 
2.0 2.0 0.7666458383164023 
2.460110119149589 2.0 1.920605799351291 
2.000148584452362 2.7064228127685492 3.1490420440112694 
2.0 2.0 0.6207635978006826 
2.082836608535347 3.3605022152236943 4.874212986856016 
2.0347100359109924 2.0 2.274933832602014 
2.379009533382911 3.9344370018661334 6.183363840224614 
2.0 2.0 1.2747807107147602 
2.2285041872889315 2.4487188577554777 1.0724884973909807 
2.0057077843571793 4.812408571131137 1.4739096796910816 
2.0 4.174266451593771 0.8287736580884655 
2.0 7.766778465157126 0.23129974729129676 
2.0 5.632806963823474 7.17012007446729 
2.011718280333001 3.567828028357587 0.9454645337553373 
2.0584399366277735 6.192608282301846 1.137470114256549 
2.0144987344497394 2.1783567255182628 3.1913181077106767 
2.0 2.0 1.3175603233948685 
