2.5179474645807387 37.763904465945835 224.52278816252 
2.0 42.704610231218844 111.19372154185504 
3.053752304726008 46.60481819186463 115.26464521799133 
3.2008004224792064 31.58847913342091 209.18485942265016 
3.0440410625219734 33.58310262910341 225.9569526331869 
2.997498845014758 40.03087518227919 223.7125687709489 
3.097574463097408 55.8999569164625 142.48478772475826 
2.0 2.0 0.016666068445670812 
2.0 22.501588528284486 2.798748942595205 
52.69583163488525 2.0 1.0828867155943591 
119.7511699204617 2.195864314448713 0.5509510973955738 
2.0 62.08300422131823 11.221022748738136 
27.492629150753967 2.0 2.4810329559200026 
2.992491787854927 58.891077954290594 29.46983736401264 
9.8312651190988 2.0 1.3380989808235242 
19.486732857125624 2.0 1.8341279751065032 
2.0 36.19692863151471 7.9702414492383715 
2.0 2.8128692792091394 0.6940831031679491 
2.0 44.554955209608295 27.48071571793406 
55.527999234710094 2.123027222132151 1.2009165156912287 
80.4268842318261 2.0 1.302553004712272 
60.53757398049119 2.2010832000537306 1.2318142474508846 
14.41613612331974 2.0711954622645297 0.9283366358381835 
65.4409936091512 2.2667129229223493 0.4094944510239662 
30.367460658151103 2.264763770205045 1.7254866418162011 
2.0 74.87264812037557 19.578301521664315 
10.67567658025401 2.0 4.392826493266623 
2.0928501438521687 59.68774791164704 20.82124164121639 
29.03426043764855 2.09095907011799 0.4193770886689635 
4.020564687446658 2.4737792599506374 1.1183723309748217 
2.0 21.458504234007933 4.367981285853598 
2.0 2.0 1.5030161780614657 
35.43092310376062 2.099477284666297 0.07448461184186073 
15.401678193117231 2.0 2.159093884487664 
2.0 58.147445283800614 19.588557853132833 
39.99363094706868 2.0 0.4734424577575196 
2.0 61.11395824807239 7.304162873868123 
13.889802847929623 2.0475399161910617 2.364012150159368 
2.0297897277225334 28.110586109285183 5.814350935451261 
16.03194589775857 2.0 2.5444819596727912 
26.74989825097111 2.0 0.5958352113833498 
50.04457051782981 2.024145080666689 1.6160305520856908 
2.0 61.59010621361798 33.56741163059344 
2.0 29.92965653638977 4.658827929528578 
2.050749387381793 31.74132889341372 4.1360529306709255 
16.240172664191903 2.893012659162582 0.09450672502068058 
2.0 43.62006067350399 10.97515657516224 
2.0 46.3249280306687 5.192351814233768 
2.0 2.0 0.6098100326873828 
2.0 17.47234792343241 2.9454257953720986 
2.076031735961865 28.554220821995443 2.8759581867628654 
174.60209646881614 2.0 0.7547499028142985 
2.0 32.761450452842915 5.130497508128175 
2.0 2.5053383285884605 0.4486232056451344 
2.0 75.83291775546678 7.532624928528659 
2.0 2.0 0.37745350008553197 
2.0 27.67187402475176 4.551849155669276 
2.0667470183498704 41.90179153527183 8.58971853574763 
2.0 47.07662613943736 12.39844550144949 
2.0 2.0 0.3922059481008646 
2.2158004998393297 55.625765647562545 14.565718131878034 
5.221831812301984 2.6942243982745673 0.7124604317120645 
2.32841790196119 27.436108172895395 3.756004855050057 
2.0 22.474048156588555 3.5015214814058897 
27.70118743419788 2.0 5.784102063278915 
2.0 65.94809357002663 6.9265616466796915 
2.0 42.0173879622949 5.93508610252615 
2.0 22.545752097068643 2.9379619544058295 
2.0 31.468912028159977 4.776831754842391 
2.0 2.025505974454515 1.7602145552392439 
2.1562634980892716 2.031955225682472 0.2624928376193726 
2.0140913998004697 12.644539790429363 1.3497910809481295 
2.069115574788358 62.796707988661616 18.377795232657114 
4.085139583121379 2.0 0.13980242367188478 
5.010778269710954 2.0 1.05320686749954 
2.0 44.73461190097201 6.428872470257234 
2.0 44.57296538626739 6.797450963925153 
72.00292289954153 2.0 0.5620857580425023 
2.0 2.0 0.7815883981820981 
2.005739905368254 12.37850401982233 2.4884141255267886 
55.95623285856791 2.1373235944647035 0.5835070643457101 
6.653946064266019 2.1622298879113373 4.9132744795899495 
2.0 67.31028256869762 9.543222907126705 
2.0 2.105005075713909 1.1241664887333425 
30.544975645947808 2.0 1.6628611682958239 
2.052949870321889 31.158490871381403 6.425058210722744 
2.0 2.1895981666116593 1.6990712173285263 
15.924751597945999 2.0 1.8859270781584059 
15.698728841662426 2.0 1.5650732885911924 
2.157631063693418 59.98607176698034 27.6624110325038 
3.73863156502692 2.085888834571947 1.0353041832591778 
7.162358757967415 2.0 0.8950007071298351 
2.0 60.97478429570769 12.379115746915407 
2.0 31.980903478342608 4.2060461074956885 
6.610192233504655 2.0 2.071905201945185 
2.308565091704991 12.742163512503105 2.350191009956007 
2.0 2.0 1.6019504554206994 
17.868514600115667 2.0 5.103239287883449 
2.877075100301173 2.0 1.0538570492519663 
2.0 2.0230813509798398 0.5771909465137981 
