2.0 22.877561615528126 0.0 
2.4484424608450857 19.435942374576882 0.0 
18.272944478552873 3.175225449663212 0.0 
2.0 19.548884588935223 0.0 
2.0 17.840701504244443 0.0 
2.0 2.0 1.712956374819046 
8.400175777140394 2.1595429204054053 0.08616765405912008 
25.371579667413577 2.1306849137547537 2.6562838793937247 
27.22103579622294 3.4518388663892505 51.279159542623574 
2.0 2.0 1.2308282315249484 
26.46926509505658 2.0 3.0382980443920045 
2.8772617910737903 2.805852752231379 2.6733554006474747 
2.0 2.0 0.7467013587748315 
14.840309875382344 2.23699154298844 1.0651432499683438 
2.0 2.111195737972174 1.5458709569275635 
2.0 4.129379243534229 0.6357261548533994 
20.16332536383664 2.0 6.370054640287881 
2.0 4.0574276328875785 0.7724572962036991 
24.30627540703928 2.817977976787376 11.579520814118615 
4.495705877641779 2.0 3.7534914028861657 
6.678781823815465 2.0 5.017120456787003 
4.425362316654704 2.0 3.0733544385712706 
5.456764446894653 2.0 3.427560212907767 
16.67812227845555 2.2012155683296126 2.170130520358784 
2.495030957920071 4.2254514981794165 1.1194199644896936 
2.0 3.227237028816681 0.9411694925823882 
2.0 2.0 0.943148720920167 
5.250376076825745 2.0034696410204558 2.733151651890596 
2.0 3.016639324372001 0.9926579790057595 
3.9990829194652275 2.0 2.055868336493248 
2.0 2.650200825797022 1.4319955749056494 
25.424947511748073 2.0 8.67381478723004 
2.077203376393649 2.734007378034846 1.5712168314841337 
5.874926134511614 2.472944012782426 1.8088916431565338 
2.1956479645103224 5.457506113977954 0.6023248508154233 
4.815170489986835 2.0722419040818925 2.28340758534505 
4.780132391094906 2.0 2.0547867297053437 
45.36651689644714 3.1876959863351346 15.337818520492991 
4.239054516267359 2.0332560873137444 3.4593957369282102 
4.288798293619987 2.0 2.403475427298665 
2.0 2.0114231830900096 1.504056973136149 
2.0 3.2410171110948056 1.6049480545752917 
5.557351963563966 2.0 4.265833341091907 
18.074271394023878 2.6797775069415994 9.352224331581304 
2.0 3.303179904923523 0.39955425300098124 
23.039413868010307 2.1892730165714642 4.984180295833008 
2.133721382055303 2.606236837350443 1.3243251560359925 
2.0 3.6095074881275586 1.941705245783156 
2.0 3.8600802091168775 1.8804158130343338 
4.9818979709516595 2.2039237848824773 2.202381313554392 
8.331040132935787 2.0103424771085288 6.52674966108745 
13.03356401333927 2.5288466550984934 0.0 
4.671598696571423 2.0 2.39040580436124 
3.5942624301402963 2.234684380641675 3.1519522510241678 
2.0 2.0 0.24967041286345013 
2.6155922724737133 2.0444387739719523 0.18735467134439393 
2.1875404189094843 4.234544310218695 1.777497228344016 
2.0 2.0 1.308767099453672 
2.0 2.0 0.6559406085450598 
2.1343392623477984 2.1928395266274636 0.9187026672491239 
24.89206579949835 2.2936829941293295 7.006898538260702 
28.889637413412622 2.0 5.53022476634176 
2.0 2.0 1.295638175600773 
2.6178497893872104 3.246966014854742 0.3615521064849096 
5.640891984717381 2.0 4.65382780712075 
2.0 2.0 1.1004747446859908 
2.0 2.0698244546643374 0.6970035339893219 
3.3591299548171865 2.0 1.316236018642678 
2.0 2.0 1.1786873109500702 
2.0 3.1720682060083254 1.1964496428771214 
2.0 2.0 0.7859426410153428 
4.182535375882605 2.2067843417088415 4.17804857965383 
5.290988875889024 2.0161387051001225 3.161129540871494 
2.0 5.719003916037419 0.41737872676212495 
24.64929227865855 3.1284789722516235 12.919121949367755 
4.7042111999697935 2.0 2.46869799486995 
2.0 2.0145952575788493 1.4100720625089078 
3.8959600492878037 2.3737541139513834 0.03403014409405236 
2.0 2.0 1.0366835375643504 
2.0 2.577430171478092 0.49613473629378446 
4.937838340985544 2.0 2.155956133278416 
3.9265426675388624 2.2053648327876374 3.7265986173851093 
3.528102382064811 2.332571756312396 1.3981458045582318 
2.097232425237075 2.610242658309619 1.6444214956715135 
7.421940434672052 2.163052180011176 2.729914382503886 
3.859858502878394 2.37658415070018 4.607097495390271 
2.0 3.6788130225530518 0.7188079756468956 
2.0 2.819488985235157 0.8957902601638301 
2.0 2.1823006973390684 0.3876425964438255 
2.0 5.678576322342736 0.47032501067169274 
8.73453104841426 2.30062151351997 1.660647319074485 
4.181944063097117 2.0 1.7494282774097438 
4.537100833179204 2.2588034022120054 2.111834769437003 
2.0 2.1472556897577153 0.8833803004028979 
2.223422715557109 2.0 1.8594229910570785 
5.514853819420665 2.3853334805057655 1.8733914580673316 
3.5132313710833993 2.0 2.6410356039952387 
20.010035114756143 2.1506273089884616 4.77711908092841 
12.259190816464862 2.0 0.29921847821390823 
2.0 2.8123052758660156 0.7524171293230879 
