10.422127074271105 2.0 256.0 
6.474353537407888 3.4499599678726507 245.44914293057792 
2.0 41.876393957310626 145.2822962899308 
2.0 42.47299793613182 256.0 
54.835351695003276 3.3042630628755156 236.55014427967438 
3.4296974136953846 35.07367267253682 149.62894542554864 
12.136490676468435 3.0285958528154557 237.61034660033584 
20.494576739540157 2.0 256.0 
3.2459595879834655 45.78079509439714 223.21740862264966 
14.598500630812715 2.985759439019169 140.0314097316808 
14.400259136749595 2.9148595991741555 139.16606166670599 
47.4238959118333 3.4252718073092825 187.3131613839214 
2.0 35.71957678805618 127.7972808955868 
10.041619425530696 3.4918573033729787 244.29345518989703 
30.772306899091944 2.952851971002647 203.95303842320283 
4.227690969064668 2.6259072872733307 256.0 
20.702116017181442 2.5036232567029453 256.0 
35.82699828170871 2.0 5.148602945985573 
2.0 13.078249291941555 0.013853506958653838 
27.059612168939466 2.1867313496695537 0.1711674264940406 
2.0 35.44601060124066 125.50614706880707 
3.4065455002945524 35.80990603129011 136.82012626130086 
2.0 44.02522535489925 0.11945133688251097 
28.861237320263257 2.6714529484800513 229.98182539744522 
2.915680417382873 37.13572178430401 205.8367497704117 
13.857127414553048 2.0 0.9773754433401791 
40.244557945955265 2.1521433078228074 4.01700923667641 
21.951850862535554 2.0 6.550465032351988 
6.46759682687185 2.0 5.8869535096220185 
7.665619760905918 2.0 7.460971502860981 
12.48739751979237 2.1097578659575147 1.4499758394065323 
124.51136135413577 2.027026501234316 0.6470400317201246 
29.061877682054654 2.0 3.4110943032242744 
7.712433220647937 3.2575179019659832 256.0 
29.76492113393731 2.0 3.6274055611752942 
39.18422697135697 3.2700000000000005 13.139489012846282 
31.11938513690408 2.0 0.24408325707545941 
17.281229906366633 2.0 0.8340890412916802 
2.0 2.2180638565258617 1.2125437180388698 
104.95697837962467 2.0 2.6367642362722084 
2.0 35.323071460839515 153.0766807463511 
20.101797746443307 3.4447255427277765 128.0 
2.0 8.18313905456036 0.11322981985415481 
2.0 2.0 1.7664339080720826 
69.98659074035282 3.457005871797479 31.70511854780804 
58.067451039248496 2.0 5.77915468734669 
56.790608809480574 3.2671544797478047 31.253094184807907 
43.13081309807493 3.051847732428437 37.61380215080013 
34.36512874755265 2.1953956770795227 1.0128442144472332 
12.78281537234814 2.08600523636133 0.3611567686763131 
31.179900548293446 2.096931524594525 2.457021690364734 
2.0 2.0019188298897244 2.5564505397011987 
97.0 2.144067772251522 1.838640182558616 
2.0 39.09465598431945 0.6405811505308687 
2.0 2.0 1.968395604240024 
19.28894641213215 2.0014808691440553 3.0926269855826956 
