2.0 42.10713052283047 172.36347958627687 
3.381096683370941 34.53873948516993 0.0 
3.060767373567442 36.94511711683711 0.0 
4.434327790353301 3.104628358870361 13.913212170253232 
57.628745720088475 3.1339421402344523 19.972678705272774 
8.483292050630705 2.0 2.658583862970829 
9.578333715344016 2.77112264817817 11.895048988442603 
6.310464702773216 2.1842984875279656 1.2108845476890684 
7.874485216643901 2.183392771740674 2.0605966699868468 
9.962578311020373 2.0 3.653194983770439 
2.0 2.0758864493329696 0.8605327468763625 
8.614881380459295 2.162682759992951 1.780627253895751 
7.9396625228909326 2.3006139820598963 1.6581445909567596 
2.153627243986249 35.47548323718819 128.37871374555667 
8.33423919675134 2.8108776476190034 11.483229984854182 
13.201722165521648 2.019992077801572 0.16827667014586883 
6.297753031667366 3.1570949350402824 15.199226602400643 
8.13796840745193 2.0 4.146604360549918 
6.708443100867274 2.0 1.9865210347051065 
6.22372734564047 3.1482373307214577 17.128180590462428 
12.043970163384007 3.0134929869082376 20.087229064940434 
7.919586286582385 2.064044158931381 3.2752178599117614 
8.046072607229558 2.0 2.265593734156811 
3.9018807616806015 2.289033105411519 0.7749670340069014 
8.201128489513074 2.0 2.7657970522166657 
10.10425145251889 2.237058688994927 6.724120881868343 
5.986209397773152 2.282178582810543 0.3248327124847792 
5.401987695904438 2.333729152133256 1.517901130212843 
7.711912033288375 2.0 5.299085349915 
6.318271196491556 2.0 0.2638694683701943 
2.0 2.0 0.14016764051978425 
4.765437048575967 2.0 0.5301524393363162 
8.08732098885879 2.0 3.388083072654747 
2.0 2.850455602728203 0.7600419825575564 
2.0 2.0 0.694484234862848 
5.3493350240366695 2.0 0.9294417119507834 
8.16024308571797 2.001677849988716 2.958655101014101 
7.100673386096193 2.140823261738697 1.365587586637952 
2.0 2.0 0.6464999946944945 
8.49354838068926 2.3309838044091147 4.773993744741947 
4.88122549241484 2.2195152984414213 1.6142054206549592 
2.0 2.6917637904812346 1.3430404787977959 
4.879803308296832 2.220673310310269 0.871328673190787 
29.704338430822958 2.0 6.140310454667428 
4.638024806582645 2.3750384933098228 1.5856023139096365 
6.511898051943383 2.4351023352635335 2.35756051575152 
7.653723829894109 2.0 4.189462466131125 
2.0 2.134778254916203 1.0967250121561334 
8.487977419169663 2.377744842838566 5.458747961449035 
24.141159082576934 3.009025256976478 16.133045808577364 
6.004448037458678 2.223142279945129 2.392806781971025 
6.448500768058459 2.2555132051361704 2.001036186945772 
2.0 2.051787545297316 0.03758483302781257 
11.666156177014116 3.300712730056606 16.87215159729391 
6.226768876926206 2.157933693231055 0.6545958139393542 
2.0 2.242122522251361 0.8193835788160829 
6.213884058263748 2.2261036364252913 1.3810949190872925 
3.1811251052434955 2.955415667001029 0.891447409376279 
2.0 2.0 1.0098828261356199 
6.39233246160547 2.258477831798114 2.3542649538992153 
3.5738706452725197 2.1010289404726086 2.6561398735141375 
7.271189044557438 2.294908588470603 1.6111935899821104 
2.0 2.0 0.2562639482408141 
46.08844408638615 3.315068380513175 19.15799367440443 
7.614727185167864 2.122275435070835 3.10650982485251 
10.099338188886888 2.2134083162522185 4.304120009291502 
24.36782185048212 2.9415108066982114 18.886316763004057 
2.0 2.0 0.7819270098021295 
5.779458318302407 2.083437320128175 0.9194590647595478 
5.363313374987623 2.051597710975829 1.0656249299720404 
7.8996915174434275 2.150050413263832 1.900958720772744 
9.889214360958697 2.9136898375363462 15.435390222974876 
2.9729353320826135 2.0 1.2891744023265552 
10.043150106503521 2.0 4.515982834371566 
7.719238977158007 2.193729833390022 1.2910592499490425 
9.0659659711624 2.2652135072921293 0.685451958890831 
31.74562812903105 3.0253988751089116 15.832387027289313 
9.758874590578342 2.0482768902977915 2.4069548579515176 
2.0 2.0041159616969724 0.4640363073110496 
4.688284542076916 2.006334737015134 1.5459224628314954 
2.0 2.3796353057085815 0.45614421632659335 
2.0 2.0 0.8875225228442654 
10.43970303358271 2.0 1.326413736947302 
3.7792379554607747 2.029559298219211 2.240542177156736 
7.455601517644351 2.35153067291963 2.129845113854933 
3.54164988295064 2.1544702488927063 0.4677535629065495 
6.914107581879193 2.294340122697797 1.0588326604324227 
3.9336277137385443 2.139405099025042 1.1179067039550072 
5.533942624413416 2.4237095244505302 0.6027515102454801 
8.915286932872595 2.0804676032198435 1.2041554808289119 
8.033723812518103 2.344692312700356 1.4135550993667128 
5.526444932489544 2.1379880121389667 0.9741291982828824 
10.15929722685425 2.5195051935504056 14.813943383028418 
6.5406741329556946 2.001840669116426 2.526026234180356 
6.636029173422142 2.2878839691062813 2.0428932466701006 
5.868379990624462 2.131282219408759 1.181319190560518 
5.156360613402233 2.430216665158942 0.5574401111390642 
11.99365449112242 2.00676415706365 0.4501170564237716 
7.368413123295639 2.307039639548758 1.7780379433241227 
5.974449399119324 2.0 2.2874467113118278 
