2.0 41.30416375103168 174.43850690809657 
15.081365795798945 2.306576262456785 1.0941416411776343 
3.5547344815238757 3.0037840765070114 102.29772036453944 
45.94817695004113 2.732093137714744 11.443546108440078 
6.746516648690687 2.016964236337116 1.0249251989700383 
20.378716452294913 2.3182835457584883 148.8238102353543 
7.471164852124878 2.027576025492301 2.2013235606401214 
10.350145357354101 2.2150787453225185 3.316846279517101 
9.698747167123777 2.208056327666898 5.733684605674231 
4.03111517074877 2.170668165189253 2.14064606240944 
20.012898494071088 2.3815149254077697 1.3015581107864858 
8.228790261153272 2.231456674255744 3.5829761089454264 
7.521705943547062 2.2835732753089157 2.981419440782852 
2.0 2.0236519858166453 0.2494117252753103 
9.55348494171879 2.232448048712361 4.626995348208869 
8.053432743858316 2.1767700766503637 6.0247519625877715 
9.348087805571131 2.257411357323917 2.710769604433491 
2.0 2.0 1.2323200754123764 
13.575083762289157 2.2046873418701214 1.2373032214497215 
32.175802459551164 3.221753358427201 15.432989576961841 
2.5396816101068946 45.00988043148574 0.0 
38.449441217577515 3.3558369061269695 17.316155300828665 
2.0 2.2287319284568756 0.7471614164410791 
3.453234319508222 2.1292804503094978 0.48075747069326746 
4.061380630508607 2.171828160921826 1.7562453079414189 
42.28895677020907 3.2731871271316466 12.246430859532923 
3.3587137411304786 2.292166159569554 0.3590996131577341 
2.0 2.142631645786739 0.8295812709853021 
5.693914755232058 2.073526455868757 2.956632740571327 
11.5 2.439294304596938 1.127459269552644 
2.6884510652860363 2.269281101684429 1.0740193867557486 
5.251332780376448 2.0 1.0138015409094463 
6.877186654744621 2.2685285958526835 1.9132234982271865 
2.464639916782805 2.0 0.3233238520881415 
2.0 2.295331137438208 0.9557688744267098 
2.941217959386369 2.082109465224547 0.8662704169114308 
8.766033043039448 2.178442260554937 1.5378970893382486 
2.007493408140914 2.344588798158979 0.7166785005767682 
3.0733327473457024 38.281042808426484 148.45053057639112 
2.2209921741178986 2.1763387165724524 0.6269161943046593 
10.144647630960373 3.4640197584632704 158.47252386388823 
10.311402241133756 2.0973995768723515 1.7731177058135423 
6.780821954943054 2.294804749007903 2.666097304434924 
4.078207566261035 2.178644144621045 2.1047690601840827 
2.0 2.225494078534836 1.3067899341112956 
11.298678509971081 2.0869269053102593 1.8408052332256581 
5.5294774297657305 2.1247036720565298 2.3164552705431816 
4.480250348168013 2.1674837938862095 2.3948182841232213 
9.50647407198064 2.1241407217961497 5.337421212689179 
6.91059384821504 2.261784835977128 1.4057749705979128 
7.6170837939254605 2.2812576239169147 3.4297361819321552 
3.5706844793907813 2.2847201638626093 1.4106356281700771 
10.293560486261004 2.0 3.746838855119635 
3.4096849936549196 2.0886000571615115 1.2459619981106762 
6.748069161529548 2.0561333726336635 1.466366425832793 
74.2005328487115 3.4365801155516094 18.52055451565154 
10.284921967137278 2.0172241672672526 3.9207460909955634 
5.756295509882816 2.066919029574011 2.2327801048880507 
2.0 2.1453191310643183 0.4149606448640508 
6.495072122420055 2.2839957992037796 1.714717058232984 
8.046700929761618 2.0 5.34948767650209 
7.251817466785618 2.309294784043457 1.4322617345449988 
2.0 35.66062818028986 123.05858317585607 
4.556820235945143 2.341183827940723 1.8282337535341813 
8.067503672566174 2.331811720108143 2.000188679310805 
2.0 2.0658752947510863 0.6893833143636336 
2.016749422769611 2.035728327147717 0.07974688523799327 
8.02402599980711 2.2509021415879866 3.184511579256619 
10.148604629700188 2.2697307157881355 1.688813356886523 
30.668846159641205 2.7080629024456484 21.391754338760034 
2.0 2.0 0.8501542572294292 
2.0 2.137582702895227 0.6480065175576206 
3.52250871222968 2.120347235295094 1.3733170274600308 
6.336320875243867 2.339829732730146 1.6876693621531806 
10.133080496618048 2.214551181464683 2.4519940465769325 
2.0 2.0 0.6014325603190304 
2.8625496476401366 2.4804464399504855 0.9878817076751403 
5.7033047794736635 2.0 2.5458085094544516 
29.678007834294437 2.8750553856117467 15.842110352429984 
2.0 2.0 0.34476001521852384 
6.96847807750771 2.3522737773838407 1.881652951533759 
4.3301012992423304 2.144811495262423 2.9733754085075996 
4.116569651320518 2.1267160277827966 1.979054803029416 
4.006606359904756 2.3113972711663306 0.9219396009369656 
9.922045412911851 2.21404827428516 2.5416914303092644 
2.4791534520389678 2.226577151533732 0.4636807062352385 
8.396080250023807 2.0601456115197943 0.6601702379896155 
2.048874139945033 2.0002275613636082 0.5558836772191644 
9.686310000820514 2.0 6.2376746816986905 
9.885507356570463 2.059427584039894 4.0286697700825025 
2.597708939898645 2.0 0.4362664830150408 
2.0 2.014558336108506 0.5185127183617496 
3.3434331293812347 2.1062511452691695 1.2313401878566768 
2.4681098490032922 2.0 1.3737725819755762 
7.931034593434662 2.325369318861695 4.705823470603704 
3.3922296397673963 2.0300862921734066 1.632725613308331 
4.9014528112307145 2.2342352771427993 1.5601831127878323 
19.24674412134115 2.2235307424915343 1.0884702826106496 
9.938433333740578 2.6596010288563674 15.035138553347258 
