0.011728800000 0.479364000000 0.431184000000 0.418749000000 
0.011155600000 0.488588000000 0.441086000000 0.428741000000 
0.011813200000 0.479319000000 0.431214000000 0.418567000000 
0.017073200000 0.438578000000 0.386298000000 0.372247000000 
0.309332000000 0.045110000000 0.027194700000 0.026255900000 
0.020209300000 0.374175000000 0.320073000000 0.306319000000 
0.018950500000 0.421160000000 0.369131000000 0.354043000000 
0.212208000000 0.096868700000 0.065756300000 0.062473500000 
0.399082000000 0.015022200000 0.007880830000 0.007870660000 
0.281095000000 0.055064100000 0.034232900000 0.032897700000 
0.371451000000 0.023392800000 0.012844900000 0.012701500000 
0.165299000000 0.134585000000 0.096253300000 0.091029900000 
0.326350000000 0.035932100000 0.020947800000 0.020398500000 
0.429050000000 0.006710460000 0.003333090000 0.003334480000 
0.224721000000 0.085643300000 0.059006200000 0.055529600000 
0.051308200000 0.269501000000 0.217910000000 0.206619000000 
0.011660100000 0.485208000000 0.436858000000 0.424425000000 
0.062235400000 0.254358000000 0.203247000000 0.192683000000 
0.355495000000 0.028246500000 0.015959400000 0.015638700000 
0.254967000000 0.069691400000 0.044975000000 0.042997600000 
0.218215000000 0.091451300000 0.061535300000 0.058519100000 
0.067919300000 0.238241000000 0.188137000000 0.178032000000 
0.234512000000 0.082548100000 0.054634000000 0.052070700000 
0.032712500000 0.336285000000 0.283234000000 0.270047000000 
0.127663000000 0.163874000000 0.124038000000 0.115026000000 
0.478139000000 0.000321034000 0.000192071000 0.000185249000 
0.418707000000 0.009570780000 0.004834120000 0.004848340000 
0.171398000000 0.127657000000 0.090571300000 0.085703800000 
0.207176000000 0.101198000000 0.069170100000 0.065676600000 
0.033501100000 0.332048000000 0.279546000000 0.266239000000 
0.335472000000 0.033803300000 0.019501200000 0.019050800000 
0.178510000000 0.121486000000 0.085521000000 0.080979300000 
0.290575000000 0.052133600000 0.032156800000 0.030943300000 
0.348605000000 0.031827700000 0.018972400000 0.018190400000 
0.125405000000 0.169255000000 0.128687000000 0.120082000000 
0.380749000000 0.020445400000 0.011073200000 0.010985600000 
0.138044000000 0.154576000000 0.116007000000 0.108287000000 
0.102284000000 0.188054000000 0.144884000000 0.134563000000 
0.198433000000 0.107461000000 0.074149800000 0.070327000000 
0.363747000000 0.025603700000 0.014244100000 0.014031300000 
0.248907000000 0.073365700000 0.051042500000 0.047728800000 
0.243990000000 0.080789700000 0.054022000000 0.051131700000 
0.037521800000 0.313893000000 0.261318000000 0.248732000000 
0.439635000000 0.004962540000 0.002495210000 0.002459080000 
0.260769000000 0.065782500000 0.042081000000 0.040281300000 
0.015449000000 0.442810000000 0.391938000000 0.378759000000 
0.231637000000 0.086027500000 0.057331700000 0.054559700000 
0.322349000000 0.038092900000 0.022356100000 0.021722300000 
0.066290400000 0.243840000000 0.193405000000 0.183076000000 
0.274107000000 0.060310700000 0.038060900000 0.036495800000 
0.017431300000 0.431330000000 0.379799000000 0.365198000000 
0.023061300000 0.367091000000 0.313056000000 0.299467000000 
0.264744000000 0.063213000000 0.040153900000 0.038487500000 
0.020200700000 0.414904000000 0.362936000000 0.347639000000 
0.094871000000 0.200857000000 0.156081000000 0.145149000000 
0.023044100000 0.371390000000 0.317385000000 0.303577000000 
0.046857800000 0.278629000000 0.226452000000 0.215307000000 
0.133704000000 0.160239000000 0.118191000000 0.111765000000 
0.202312000000 0.104220000000 0.071558300000 0.067884800000 
0.145929000000 0.147960000000 0.107453000000 0.101520000000 
0.389898000000 0.017897400000 0.009551520000 0.009511380000 
0.142620000000 0.150277000000 0.109457000000 0.103418000000 
0.034241200000 0.319212000000 0.266851000000 0.253919000000 
0.192945000000 0.110793000000 0.076839800000 0.072831900000 
0.166572000000 0.123775000000 0.090746100000 0.084131300000 
0.408805000000 0.012578100000 0.006807580000 0.006568090000 
0.040359000000 0.300334000000 0.247979000000 0.235765000000 
0.298504000000 0.048888000000 0.029814600000 0.028747400000 
0.086860200000 0.210634000000 0.164750000000 0.153392000000 
0.018131300000 0.426082000000 0.374309000000 0.359383000000 
0.048202500000 0.277721000000 0.227210000000 0.213812000000 
0.095462300000 0.196721000000 0.152402000000 0.141690000000 
0.031838400000 0.341090000000 0.288072000000 0.275075000000 
0.057379700000 0.263964000000 0.212568000000 0.201505000000 
0.065164600000 0.249226000000 0.198559000000 0.188255000000 
0.058731600000 0.255757000000 0.204689000000 0.193928000000 
0.105442000000 0.186669000000 0.143593000000 0.133375000000 
0.041135800000 0.290417000000 0.238585000000 0.226539000000 
0.182325000000 0.116617000000 0.081527400000 0.077250800000 
0.028896300000 0.345152000000 0.291709000000 0.278388000000 
0.451346000000 0.002968150000 0.001435380000 0.001444550000 
0.024931400000 0.361619000000 0.308173000000 0.294449000000 
0.012519800000 0.452085000000 0.401608000000 0.389054000000 
0.122217000000 0.174541000000 0.130914000000 0.123800000000 
0.465643000000 0.001374250000 0.000727486000 0.000736549000 
0.082041300000 0.218963000000 0.170499000000 0.161347000000 
0.013936500000 0.446118000000 0.395299000000 0.382450000000 
0.314137000000 0.041420800000 0.024680200000 0.023899800000 
0.070461800000 0.232448000000 0.183050000000 0.173291000000 
0.151211000000 0.142524000000 0.102871000000 0.097249200000 
0.072800600000 0.230170000000 0.180963000000 0.171308000000 
0.114518000000 0.182626000000 0.137622000000 0.129768000000 
0.159366000000 0.139552000000 0.100686000000 0.095178800000 
0.026704800000 0.350674000000 0.297173000000 0.283691000000 
0.026158300000 0.356494000000 0.302997000000 0.289414000000 
0.118488000000 0.179600000000 0.134908000000 0.127247000000 
0.084928000000 0.215901000000 0.167677000000 0.158675000000 
0.034068100000 0.323093000000 0.270691000000 0.257644000000 
0.079430600000 0.228975000000 0.181317000000 0.169145000000 
0.033697100000 0.327313000000 0.274828000000 0.261651000000 
