2.0 17.548610607990554 256.0 
2.0 23.164243980200805 241.20280848372926 
2.0 19.13717587768817 256.0 
6.961478348870789 3.5820102514452836 40.75795339162812 
2.0 2.0 0.816501783718536 
28.320561748103636 2.1447431492563043 6.178195752645573 
18.38432214777263 3.211095926634211 12.864844126855026 
2.0 2.0 1.2101325109227945 
2.078085452865707 2.081026765849208 0.47419452855821115 
2.0 2.0 0.897441001886343 
2.0 2.0 0.5961448101962061 
2.0 2.0 1.4910038938532413 
2.0 2.0848141509366322 0.7331998829481434 
2.0 2.325496716491562 0.30419968209060344 
2.0 3.3984044679960626 1.0744787939785032 
4.850939244027751 2.119312912041807 2.7500365702155722 
2.0 20.156023643620976 231.1447228690496 
21.78234324194071 2.1880768277482954 2.380035572861822 
2.0 2.0 0.6533404363430089 
2.0 2.176672426446312 1.01209617667311 
2.3899569198694475 2.0761675302584655 1.1699440697251555 
4.981483231639964 2.148474973385419 2.351564680763019 
2.0 2.0446699034783635 1.1050098258929837 
5.339352908975585 2.46312067231379 4.594922039205782 
2.046401104349217 3.8681873291134563 1.6512492028593024 
3.0600054122271456 2.01101285291886 0.005845338226565397 
2.1123640487440953 2.0 0.37225929886229014 
2.2752222087813383 2.0 1.4404692206688763 
2.0 2.0 1.2423054945781429 
4.147488865961719 2.314449508642583 4.502093757706361 
2.0 2.1184028028594764 0.7130129184195069 
2.0 2.0 1.3953842764484534 
2.0 2.0 0.8738234903628644 
2.5115154434793205 2.131541427144079 0.6414296958497611 
2.0 3.2864031367004056 1.7825259841963892 
2.0 2.0844704872952438 0.555194121542014 
2.0090411069083984 3.2368701659415327 1.653268180489255 
2.0508178232988343 4.069261172169707 1.8585512059469464 
2.0103775998405733 2.2148091624664716 1.2875728350927584 
2.0 2.0 0.6244893518065648 
2.0 3.666109828591116 0.9620622002707101 
2.890701251634545 2.0141127245435357 1.0481627930593147 
5.190245045836416 2.2652645695849074 3.5768018791552496 
2.8686844194338716 2.010854229425259 0.26979498413468744 
2.0340954681156456 2.0761374049783976 0.979258701978505 
15.435710066657823 3.4811085716098447 36.10116420600493 
2.1248121036841363 2.0577249351597193 1.1347255112238905 
2.0 2.0006683323424577 0.7532317391575927 
4.756036877086999 2.1928208991972546 2.419146710093922 
2.0 2.0 0.9380245183976312 
27.643506649952876 2.6447746939987713 15.196172218625769 
28.176360685946094 2.058579847213691 5.379534569096784 
2.0 2.006157307253732 0.9622280892834598 
20.583875296828445 2.6861666885122872 10.50241452861546 
2.0 3.8984077916188102 1.9784724136123604 
19.676786849663 2.250486677071798 6.158787094119733 
25.19550094418434 2.0 2.66831309637314 
4.046754953065874 2.0637855363627913 1.6308506640492597 
2.0 2.2695796908970345 1.2651798314736356 
2.0 2.0 1.596892208756412 
2.0 2.0 0.5160325465993383 
2.06333466963485 2.2692263996086135 1.6094086156867558 
3.915121398220978 2.249350791076848 3.8845670945271467 
2.0 2.0 1.3160408232682057 
2.0030217769672034 3.638975055006465 1.349951507203912 
11.42632105882991 2.1145537803111885 0.37836141055927575 
5.108046927909569 2.0303541766865556 3.263943862254357 
2.0 2.0 0.8468956593321326 
2.0114395457535985 3.654385949724453 2.066665757873472 
25.715459495004072 3.068423186781287 13.245952368540427 
2.519604159613697 2.9777060495381016 2.9316828505511765 
2.014885960557964 4.440496788432744 1.9334178608985064 
7.182202672170993 2.3536016267971775 4.426285787179365 
5.194708378099655 2.204225047405466 2.6698280786016184 
27.803896421464525 2.0 2.3313128798820824 
4.69015205857605 2.2777212510930513 2.5524658953675607 
2.0 4.422395699538212 1.8429620402953883 
3.7770317318112507 2.0688192699281718 3.162756772900722 
2.0 2.0 1.3549055574363291 
5.957292697761979 2.019699491711999 4.792120745536519 
2.0 2.0 0.20169089593111678 
6.06055441090674 2.172677138678599 6.729438021366207 
27.34812513943025 3.3618726029138903 122.76878834753794 
6.657631233793063 2.4877488526544287 1.7046154118865235 
2.0 3.8625586343735567 0.10199959585651897 
3.5403857955180467 2.470177645551914 2.1903477174612664 
18.089781672967298 3.399671671520898 78.86347401238027 
2.0 2.0 0.7849632105555762 
3.9191403579704023 2.3751856938836786 2.344789156757556 
2.0 2.0 1.549109558397435 
3.707908787150927 2.432790638382164 2.3236113628212713 
2.130201137304133 2.020363724324741 1.8990210744858542 
3.694957135160087 2.0528431453552876 1.470054203759344 
6.018452630270993 2.044229274976204 5.2387298697511735 
6.486549242183 2.367027618696079 5.9365839972928605 
2.0 2.0 1.8683596993010843 
4.068187414949807 2.3411739043875635 2.1571130268220307 
3.7318325304603324 2.3023746873232445 4.023651162111944 
2.0 4.191396113951578 2.2772528404098655 
3.514161351307285 2.027949074941906 4.2112410993012075 
