0.004617690000 0.178078000000 0.151364000000 0.157711000000 
0.005019660000 0.171553000000 0.144781000000 0.151077000000 
0.026809200000 0.104870000000 0.082564900000 0.088248000000 
0.028262100000 0.101211000000 0.080148600000 0.084871000000 
0.016389800000 0.126027000000 0.102654000000 0.107899000000 
0.153714000000 0.019978900000 0.015484500000 0.016182500000 
0.220785000000 0.006000130000 0.004530430000 0.004810510000 
0.016952000000 0.123981000000 0.100481000000 0.105690000000 
0.025667200000 0.106908000000 0.084346100000 0.090106200000 
0.027102000000 0.104558000000 0.083040100000 0.087890100000 
0.245038000000 0.002053040000 0.001465290000 0.001585630000 
0.012530300000 0.142766000000 0.115510000000 0.122552000000 
0.064554700000 0.061249000000 0.047650500000 0.050308300000 
0.010692100000 0.147892000000 0.122980000000 0.128884000000 
0.238175000000 0.003290860000 0.002348300000 0.002553290000 
0.060365200000 0.065350800000 0.051275800000 0.053860200000 
0.151104000000 0.022330200000 0.017133100000 0.018083700000 
0.070552300000 0.058704000000 0.045658000000 0.048125400000 
0.011498900000 0.144529000000 0.117745000000 0.124230000000 
0.059289500000 0.066788800000 0.052458700000 0.055113200000 
0.021122500000 0.117086000000 0.095216100000 0.100090000000 
0.029621100000 0.098565700000 0.077980000000 0.082540100000 
0.203650000000 0.009086560000 0.006812780000 0.007250700000 
0.007710930000 0.159395000000 0.131147000000 0.138541000000 
0.244985000000 0.002321700000 0.001653570000 0.001804050000 
0.014141100000 0.137657000000 0.111871000000 0.118668000000 
0.005043510000 0.171540000000 0.144765000000 0.151062000000 
0.199025000000 0.009752000000 0.007424420000 0.007961160000 
0.010355000000 0.150485000000 0.124902000000 0.130678000000 
0.103513000000 0.039263600000 0.030362400000 0.032040900000 
0.084273800000 0.049722200000 0.038530200000 0.040608200000 
0.021290800000 0.115394000000 0.091103900000 0.097449500000 
0.033713800000 0.092313400000 0.072782600000 0.077034000000 
0.142054000000 0.025135300000 0.019234800000 0.020323600000 
0.050781700000 0.079471800000 0.061312600000 0.065750600000 
0.015051400000 0.128965000000 0.104926000000 0.110310000000 
0.279525000000 0.000144461000 0.000066109200 0.000067851600 
0.005688190000 0.166474000000 0.139879000000 0.146099000000 
0.032991400000 0.098768100000 0.076942100000 0.082506700000 
0.099848300000 0.044016800000 0.033594700000 0.035831400000 
0.163880000000 0.018547000000 0.014017600000 0.014792500000 
0.008887770000 0.152134000000 0.126388000000 0.132464000000 
0.055033200000 0.071771300000 0.055980700000 0.059193100000 
0.175451000000 0.014129100000 0.010888500000 0.011452700000 
0.184677000000 0.014551900000 0.010927500000 0.011359100000 
0.193326000000 0.011278100000 0.008463770000 0.008961760000 
0.059598900000 0.065491800000 0.051019300000 0.053908900000 
0.009072300000 0.153725000000 0.125796000000 0.133082000000 
0.052774000000 0.073810900000 0.057636600000 0.060942500000 
0.094700300000 0.050570200000 0.038207700000 0.040437100000 
0.236162000000 0.004040840000 0.002952170000 0.003179510000 
0.224696000000 0.005752710000 0.004179580000 0.004536510000 
0.044004400000 0.080340900000 0.062920500000 0.066568100000 
0.024277200000 0.110096000000 0.088557300000 0.093233800000 
0.024289100000 0.109125000000 0.085693500000 0.091765900000 
0.018666700000 0.120323000000 0.097215000000 0.102257000000 
0.037228100000 0.090593500000 0.072358800000 0.076102300000 
0.015694600000 0.127083000000 0.103245000000 0.108563000000 
0.110778000000 0.035645600000 0.027285700000 0.028898500000 
0.013757700000 0.139008000000 0.112583000000 0.118964000000 
0.010762200000 0.145985000000 0.119117000000 0.125648000000 
0.028172000000 0.101958000000 0.080791400000 0.085530200000 
0.012029600000 0.141924000000 0.116688000000 0.122510000000 
0.229458000000 0.004822690000 0.003538810000 0.003781740000 
0.270092000000 0.000392052000 0.000271421000 0.000291629000 
0.010405100000 0.148287000000 0.121321000000 0.127882000000 
0.008036140000 0.157485000000 0.129054000000 0.136001000000 
0.072142600000 0.055860400000 0.043399300000 0.045755900000 
0.032932800000 0.097082300000 0.077869900000 0.081918400000 
0.125872000000 0.027594900000 0.021507100000 0.022478100000 
0.079289400000 0.050666300000 0.039332300000 0.041449000000 
0.053381900000 0.073253200000 0.057169400000 0.060462300000 
0.056539500000 0.069131100000 0.053940300000 0.057027300000 
0.019769200000 0.117433000000 0.092870400000 0.099284500000 
0.262706000000 0.001015360000 0.000726647000 0.000788914000 
0.144794000000 0.024477400000 0.018595000000 0.019603200000 
0.165480000000 0.015427300000 0.012286600000 0.012829500000 
0.014553100000 0.129576000000 0.105497000000 0.110897000000 
0.055044700000 0.069927000000 0.054538400000 0.057663100000 
0.161162000000 0.018669000000 0.014239700000 0.015063900000 
0.042832900000 0.082715900000 0.065227000000 0.068742500000 
0.096680600000 0.044701600000 0.034146600000 0.036408600000 
0.019039200000 0.118771000000 0.093975400000 0.100451000000 
0.006066800000 0.165218000000 0.139015000000 0.145244000000 
0.048583000000 0.079197800000 0.062443800000 0.065657000000 
0.170363000000 0.014294600000 0.011389700000 0.011879600000 
0.154558000000 0.018011900000 0.014279200000 0.014915300000 
0.123465000000 0.030240600000 0.023229400000 0.024508500000 
0.041832400000 0.084177900000 0.066891200000 0.070349200000 
0.106110000000 0.036833400000 0.028684200000 0.030005700000 
0.066521600000 0.059545100000 0.046289400000 0.048833900000 
0.040795300000 0.085059400000 0.066770700000 0.070649200000 
0.255054000000 0.001800880000 0.001347220000 0.001456350000 
0.007198810000 0.161113000000 0.132785000000 0.140205000000 
0.058521700000 0.067689100000 0.053194900000 0.055882300000 
0.075040800000 0.055426200000 0.043035100000 0.045355100000 
0.039473100000 0.087152600000 0.069168500000 0.072732300000 
0.116279000000 0.032928500000 0.025250000000 0.026506800000 
0.280050000000 0.000056943000 0.000005181220 0.000002962660 
0.212203000000 0.007644610000 0.005694880000 0.006088530000 
