2.0550882761759866 17.06329879648531 130.3555621248763 
2.2978039815305284 8.726717575179551 245.20142174256034 
4.1989593099880285 2.0 1.882002310008276 
2.0 2.0 1.8165577938773652 
2.0 3.58850543986879 2.2878985706466923 
3.3368649850625225 2.0 0.8916473086124487 
2.2996003304547092 6.384724219062562 0.5800328678081015 
2.388374063864166 4.606165951091782 2.1761803107296878 
4.290109442482861 2.0036389629472784 1.9122862779140803 
2.0 2.0 1.8619414234163034 
2.0 26.96103785799989 0.3681255460071709 
5.845359256307204 2.0 2.5705865441812223 
2.410618030828549 2.3694252134266813 1.3744919650803245 
2.392557867000938 11.139771145739722 2.808118067506158 
2.205669355011543 26.874876385096453 0.44457068003125644 
2.0 2.507186335021509 1.427710068928806 
3.78942041201017 2.0 0.9127666477838319 
2.2867312902896715 4.332511983537316 1.3400577006058911 
7.1002261243297475 2.0 2.6973674859727765 
2.0 2.533626166697971 1.4387303260527027 
2.391210146271578 2.807616482647444 2.116999239424817 
2.0 2.072433203978311 1.7842192416738463 
2.0 10.30970551577328 0.6413631526581772 
5.9458264030091685 2.0 3.1305444309860513 
2.0 23.384758992899155 0.36067918059332826 
3.9376500451410257 2.0 2.523894260029045 
2.0 8.699638832204057 5.426940066782947 
2.350205768340929 4.417775557199725 0.6867021204566717 
2.43524611222176 10.278745447184733 2.914524711274111 
2.0 3.526590316698737 1.125282226434067 
2.0 4.1459116288278315 1.24243394610606 
2.999697151063921 2.2346137954655014 2.031441437115839 
2.0 2.0 1.7033987855327157 
3.5105404700219873 2.0 0.9511195278440419 
2.9209984100550543 2.0 1.5653865193548375 
2.0 4.984549253955159 2.2693719841808564 
4.920342225027721 2.0 0.07251191591485462 
2.2941473317995853 9.468709821885485 3.917422155053412 
3.4706637461370544 2.0 1.784126589197279 
4.066883337548012 2.1383297332612083 1.1839107686558936 
2.4808835165168834 7.920857950277674 0.8457705608357886 
2.1180010758381576 4.017653924981499 2.9806576015030424 
2.0 2.0 1.4840708880514017 
2.0 4.6457137641942685 0.7777319004020709 
2.9446334089203274 5.2475629139887765 0.7607861127528566 
2.0 9.612327606078527 0.6924409491034282 
2.0 2.0 1.4117328280939632 
6.387807586915356 2.0 2.908599814158726 
2.14176127856622 2.08598678671592 1.5043551715038679 
3.335911233934061 5.152985217255816 1.2577268080151218 
2.1742228080905255 6.257311267275677 0.5121059239519974 
2.0 12.250659979945745 0.5437643966686766 
2.120880046672027 2.0 1.5687445845185726 
2.0716916929955773 3.9605353383973494 1.9805743105252134 
2.7272758404767163 2.0 1.928725563181632 
2.0 5.315037673463274 2.114838595940892 
2.0 2.9918199099953515 1.7242817328718736 
2.395200379074694 4.664616723883272 2.237459187037013 
3.3515925033873555 2.0 1.1087547273182898 
6.554363345858677 2.0 2.5372934281946202 
7.027288686103509 2.0 2.742518240722055 
2.2659078901753174 2.0 1.8249348015176083 
2.386951350746268 5.251768273594763 2.5710695749127224 
2.0 6.385809493475307 0.5468311277860788 
2.0 15.691035963762634 0.17601327647619402 
6.768255564489325 2.310510852469028 2.8218217726135326 
5.097191790413468 2.401261734385785 2.9160887014535946 
2.300907157133733 2.0222534366574267 1.3204307638101764 
2.1821169241172456 2.717410660874581 1.8074218100897403 
2.0 3.2303791667734103 1.0142495001915046 
2.0 2.480057707371718 1.268899683837219 
2.247575187693084 2.2720145298000904 1.4973502243467522 
2.0 2.0 1.4555793357611693 
3.027767911201204 2.0 2.057924117116837 
4.747105232591167 2.1166987196343126 0.2794633463590057 
2.0 8.166828598928182 0.9196358092118674 
2.0 2.0 0.8346371583942642 
2.000083116744547 4.994672256289984 2.2801657318342627 
2.0 2.481949785679734 1.4615321641748895 
2.0 8.759479586499953 0.8472856759002869 
2.0 4.143845030862529 1.611886711887062 
4.319395327273788 2.124308621537074 1.1920551541177071 
3.1123330099096 2.1541137010747313 2.0829743478195466 
2.0 6.854749158674295 3.8482316390659856 
2.4891696450666965 7.02192030002315 1.5891168585902289 
2.450153248881114 2.0 0.817116196761996 
2.0 2.0 0.8843679114325536 
2.8939904953326483 2.0440881984487413 1.0326689143272736 
2.0 3.0333282231968783 1.6408565876637626 
2.0 2.617577057381493 1.1249709603216487 
2.120013643074031 2.0644294732844872 1.357999348688384 
2.0 2.0 1.6217190079619528 
2.979009153220132 2.044820766863973 0.36241263411020763 
5.9524452312044325 2.036265887513991 3.2116821669547386 
2.0 2.8486541063810225 1.4456226481737264 
2.1730673661562894 3.699432996942622 1.305398289660801 
2.0 5.710210965859935 1.6822802434021935 
2.0 4.786669790450894 1.0599531253604946 
2.0 2.0 0.10323411915491476 
2.0053542251912493 9.271356266364913 0.6242460829811255 
