2.0 31.342067754947188 106.5028557196971 
2.0 9.007842599228091 108.06421595050301 
2.0 8.457685153694165 102.7399862370076 
2.0 20.622727685707744 140.24612522706917 
2.0 5.895023380148423 81.67347961317007 
2.0 14.88290043756616 109.15127601557917 
2.289944544169129 23.360631775613772 138.2933928571387 
2.0 10.944072913850901 11.201713488838656 
2.068746998107576 5.82552619838938 4.476566157454684 
2.0597405828897006 5.723412362344348 4.925637464735724 
2.0 2.0 0.7704774890509576 
2.000069309523003 15.052651202999103 9.763005161123067 
2.0 2.0 0.9346739956728172 
2.0 2.0 1.5834722018106815 
2.0 12.642293590766402 8.95735909948546 
2.074280605544811 4.43749256930268 0.9585290954013513 
2.0004705357803987 2.9917858493636507 3.2523546911321515 
2.0076737583960216 2.0 0.12426203615087295 
49.70387507422397 2.0 0.0 
2.07410866640369 4.443661360658933 1.0253899220159357 
2.009454237044327 3.7545933093932113 6.482680782642862 
2.061733337598494 4.117115855645293 1.7960289457816838 
2.051506547862436 4.432537040098207 1.2680541734069277 
2.0004733288259797 9.913482078614514 7.532920307063142 
2.0 4.111895549678286 4.110909970342101 
2.0028435195937115 13.031553802109713 13.153766797649556 
2.0496422611850864 4.4533563310781075 0.5664569270107138 
2.0 2.0 1.0848076920444014 
2.064845929738707 3.7858820788542586 1.8645036102519879 
2.0 2.0 0.9168768155898671 
2.0 2.0 0.5540684470388122 
2.0 3.765999939121281 1.2911766667516922 
2.021422191551186 2.803449559889603 4.077236800767947 
2.0 2.489410557625269 0.7375237245963856 
2.069296303019239 2.6467519349372726 6.880781256374156 
2.0747734412911356 5.889600628769999 5.454891054489849 
3.104001076164362 2.1964864443530154 1.1118809868809536 
2.0011673701362858 2.1134727868742966 1.2888565748983598 
2.0012225773450885 2.0 0.6762205764351877 
2.0 2.0 0.5890354807929519 
2.826472129241157 2.079531802279047 1.087526687298794 
2.000034281781919 3.9394681260709463 1.436510653725291 
3.223990175987702 2.0 0.6731564449135807 
2.6779696417311234 2.0 0.19589075319079452 
2.0 2.0 0.8585487844702726 
2.0 3.0452421515021726 4.864232642824104 
2.0 3.2441100588569105 2.9954561271030853 
2.0535740536460763 4.485276698655074 0.2233169819854206 
2.2210657832413467 28.245461659878366 14.93227907788925 
2.077157674076086 2.0 1.0258605286613172 
2.0 2.0 0.9673983819358281 
2.0 4.4839355059294075 1.312815735906167 
2.00083261130415 2.0466081855716136 0.7981538142328927 
2.0173385784484394 9.889826387990016 0.24676192337702185 
2.148515521248239 5.570160385224632 7.907272676375422 
2.006639441142687 2.072319117060008 1.257052321126534 
3.016337811744626 2.0 0.03981930372475084 
2.0101990869007547 2.3506613659923516 1.1715462144992745 
2.0 4.000433822529178 1.9738388929577368 
2.0330472823936097 6.168561588284652 1.491063099334998 
2.3408884582989167 11.35475844407576 1.4259665618571002 
2.2817834084486894 2.0 1.4093255289561313 
2.0 3.62824783777023 4.692031015031205 
2.0167895212811104 3.8368612951433154 1.2182330253359548 
2.071748905809647 3.970338196304744 2.0735182684706146 
2.1250485448811194 2.1743794937056937 0.40628090345051204 
2.0093895751642004 10.484723777546574 0.2719480206905114 
2.0 9.82078548886226 8.334643872191199 
2.0097033624511473 2.428070091803905 0.9020902942379867 
2.2557129260956907 3.9083431373288624 2.1550088320019016 
2.019714560009529 4.1521186543452115 1.1739929283949722 
2.0718092140887707 4.544181159754052 1.066651409927601 
2.373191527490314 2.1505628241656463 1.4596235540139268 
2.0674862136248593 3.83203363090382 1.9181014652693635 
2.16900281926879 3.864101559908286 2.1383472056917734 
2.0548073352253473 4.182485892608085 0.9367900125991109 
2.1847972079892495 4.4200246509371865 1.6422036221276117 
2.0 2.0 0.8372073383475163 
2.0 4.378096550189052 0.43795293253618756 
2.295050522400454 2.2312076791110025 1.6255956695277554 
2.066145830215491 4.2284730325999655 1.4029481950343654 
2.0 4.379021344822393 1.7432421750029214 
2.0 2.0 0.5748408663467448 
2.6447557680258305 2.0100768327342955 1.029962668067924 
3.3795982563395035 2.0816357460878603 0.6282330852529693 
2.019035894337953 3.174238597994843 3.3021552144264126 
2.141904007384863 4.251091733685675 1.726349999246289 
2.0 5.107127321584533 0.47668531307530926 
2.0 3.70390985544764 2.3549416589754717 
2.0 2.0 1.3424093808256083 
2.908336861308669 2.0623286246962 0.15620032332206432 
2.1271501788678098 4.216995923295347 1.597714534162732 
2.0021759831734487 2.0118433121430352 1.1524856389778915 
2.0 4.022831830983183 0.3870361292378723 
2.4296868332862145 4.146223937730436 1.1619061301017743 
2.15633854996806 2.508053129563259 4.120392411549532 
2.0 2.0 0.46945308007720077 
2.3398556419342866 3.7429767997966263 5.023456964453837 
2.0856401844852552 4.327709736544028 2.0310881350157435 
2.0 4.307627793864624 0.34261002847483457 
