0.012155500000 0.485693000000 0.439513000000 0.436075000000 
0.008337500000 0.536079000000 0.491943000000 0.488946000000 
0.013635200000 0.469360000000 0.425888000000 0.421983000000 
0.369747000000 0.042285800000 0.021018100000 0.020310900000 
0.024900000000 0.409218000000 0.352920000000 0.351578000000 
0.021801000000 0.426887000000 0.374011000000 0.372187000000 
0.081159100000 0.286430000000 0.219525000000 0.218214000000 
0.013184100000 0.475442000000 0.433987000000 0.430076000000 
0.033807800000 0.381780000000 0.319666000000 0.319024000000 
0.044452700000 0.351686000000 0.285192000000 0.284167000000 
0.156105000000 0.185598000000 0.122995000000 0.120212000000 
0.047564500000 0.344703000000 0.277380000000 0.276676000000 
0.406736000000 0.029333700000 0.013878600000 0.013437400000 
0.275647000000 0.088708900000 0.050278100000 0.048604400000 
0.057792700000 0.327977000000 0.259481000000 0.258625000000 
0.123437000000 0.225517000000 0.156687000000 0.154933000000 
0.247774000000 0.108312000000 0.064085600000 0.062073800000 
0.086720500000 0.280239000000 0.213608000000 0.212326000000 
0.101954000000 0.260055000000 0.188921000000 0.187705000000 
0.169657000000 0.174111000000 0.113674000000 0.110910000000 
0.206478000000 0.140953000000 0.087935900000 0.085437900000 
0.513608000000 0.003242140000 0.001362200000 0.001393990000 
0.246604000000 0.112204000000 0.066762800000 0.064711400000 
0.052970400000 0.332870000000 0.266812000000 0.265755000000 
0.020505900000 0.433712000000 0.382415000000 0.380424000000 
0.418932000000 0.025381200000 0.011833300000 0.011478800000 
0.232412000000 0.121314000000 0.073299900000 0.071087800000 
0.035635900000 0.373257000000 0.310162000000 0.309118000000 
0.269082000000 0.094758500000 0.054520500000 0.052696300000 
0.326600000000 0.061127100000 0.032316100000 0.031184900000 
0.304381000000 0.071810000000 0.039090900000 0.037731800000 
0.445341000000 0.017471000000 0.007835220000 0.007615600000 
0.213939000000 0.135136000000 0.083434500000 0.081055800000 
0.542531000000 0.000600325000 0.000258910000 0.000352607000 
0.473048000000 0.010358500000 0.004428970000 0.004337110000 
0.495486000000 0.006382490000 0.002809270000 0.002775200000 
0.039537900000 0.367155000000 0.303208000000 0.301997000000 
0.017010200000 0.444400000000 0.395598000000 0.393031000000 
0.195619000000 0.148805000000 0.093883700000 0.091324100000 
0.285020000000 0.083442600000 0.046823400000 0.045245700000 
0.009410380000 0.533445000000 0.487090000000 0.484149000000 
0.190590000000 0.154809000000 0.098516400000 0.095934000000 
0.115109000000 0.232832000000 0.162978000000 0.160980000000 
0.022894900000 0.421630000000 0.367774000000 0.366126000000 
0.040748600000 0.360968000000 0.296540000000 0.295648000000 
0.012029600000 0.519697000000 0.476141000000 0.472013000000 
0.222423000000 0.128365000000 0.078515500000 0.076162100000 
0.034730900000 0.378650000000 0.316395000000 0.315557000000 
0.024708700000 0.414058000000 0.358773000000 0.357405000000 
0.338072000000 0.056668900000 0.029581500000 0.028541200000 
0.095253500000 0.266451000000 0.200531000000 0.199241000000 
0.458048000000 0.013643000000 0.005956550000 0.005827940000 
0.010933400000 0.530115000000 0.482208000000 0.479500000000 
0.031226200000 0.390515000000 0.330368000000 0.329450000000 
0.094072800000 0.270717000000 0.204116000000 0.203073000000 
0.162390000000 0.179534000000 0.118042000000 0.115261000000 
0.235737000000 0.116735000000 0.070098100000 0.067924600000 
0.179592000000 0.160708000000 0.108953000000 0.105818000000 
0.187693000000 0.159836000000 0.102415000000 0.099772200000 
0.382240000000 0.039361200000 0.019342600000 0.018681400000 
0.127280000000 0.219381000000 0.151112000000 0.149114000000 
0.072870700000 0.300325000000 0.232346000000 0.231487000000 
0.316682000000 0.066665400000 0.035892000000 0.034638900000 
0.525988000000 0.001898240000 0.000820563000 0.000859530000 
0.112803000000 0.241184000000 0.170517000000 0.168515000000 
0.032764900000 0.386648000000 0.325210000000 0.324558000000 
0.431404000000 0.022558300000 0.010828000000 0.010501900000 
0.294364000000 0.078329100000 0.043419100000 0.041933100000 
0.014732800000 0.457130000000 0.410484000000 0.407167000000 
0.360262000000 0.047656700000 0.024113100000 0.023289300000 
0.109442000000 0.247752000000 0.178282000000 0.175505000000 
0.049259700000 0.338929000000 0.271924000000 0.270820000000 
0.140240000000 0.199330000000 0.134426000000 0.131609000000 
0.394094000000 0.036017000000 0.017444100000 0.016866900000 
0.018810700000 0.437309000000 0.387285000000 0.385053000000 
0.070451700000 0.303401000000 0.236048000000 0.234769000000 
0.014081500000 0.463695000000 0.418358000000 0.414673000000 
0.138617000000 0.206422000000 0.139723000000 0.137755000000 
0.066884500000 0.308376000000 0.241000000000 0.239730000000 
0.350806000000 0.051341100000 0.026361400000 0.025441400000 
0.027451000000 0.403107000000 0.345032000000 0.344049000000 
0.256737000000 0.100109000000 0.058194100000 0.056269900000 
0.015895400000 0.451033000000 0.403856000000 0.400941000000 
0.058814500000 0.322160000000 0.253965000000 0.253089000000 
0.065272800000 0.315911000000 0.247295000000 0.246626000000 
0.177556000000 0.166767000000 0.107868000000 0.105174000000 
0.029350800000 0.394431000000 0.335391000000 0.334267000000 
0.079943200000 0.290346000000 0.222321000000 0.221286000000 
0.099088200000 0.261527000000 0.194749000000 0.193996000000 
0.108137000000 0.248533000000 0.181284000000 0.180283000000 
0.012956100000 0.484357000000 0.441493000000 0.437952000000 
0.482320000000 0.008596570000 0.003622840000 0.003570070000 
0.105340000000 0.256144000000 0.189976000000 0.188971000000 
0.088523400000 0.275581000000 0.206536000000 0.205585000000 
0.129885000000 0.212427000000 0.145566000000 0.142692000000 
0.076138500000 0.295463000000 0.227276000000 0.226269000000 
0.146509000000 0.190948000000 0.127446000000 0.124647000000 
0.043408900000 0.356901000000 0.290816000000 0.290168000000 
0.120588000000 0.230190000000 0.160654000000 0.158617000000 
0.028556800000 0.399848000000 0.341271000000 0.340285000000 
