2.0 43.33688560239935 160.744301631697 
2.662768555894957 64.25981292858607 95.69410854837052 
2.1010696040153483 63.1529861914204 16.795092307042225 
2.0 2.0 0.6177411312937195 
2.489900711548083 30.829711171293056 5.450789047212512 
2.367910635850075 30.729200653097934 6.875268095083618 
2.283046928627058 12.603381151281896 2.2987958992263406 
2.019646478568773 73.67745978978844 20.545611902644207 
2.404630894342245 20.373559467173095 4.174927152192137 
2.274679178536547 13.397610820615292 3.296254376882321 
2.0796612800273664 2.0 1.4884154522245137 
2.222834658134122 13.676122769756752 3.1181773177971674 
2.0 2.0 0.5168922339060877 
2.465662210130771 2.0 0.909466268549443 
2.1170914744655795 11.430946578991072 2.8367636191102354 
2.219285355876788 4.029095431787757 1.7450667815146559 
2.255820517157162 2.0 1.0208833969964903 
2.387074484065792 12.521412324569592 2.2363405859843772 
2.505744311176143 3.502020067589848 1.9560751310749123 
2.0 2.0 1.408733294289056 
2.009921083294635 2.0 1.2084778152476634 
2.0 2.0 0.19378227824556715 
2.0 2.0 1.0437009970840492 
2.15861397938687 17.755811218913905 2.9044077817306806 
2.386542865219302 36.67515132996618 7.44489410780773 
2.114924555438706 2.0061978558390337 0.48197703090484995 
2.0 2.0 1.0940988337140165 
2.4412891139997708 20.810252428915362 3.8284944505930296 
2.2951677950772518 2.0001437728974274 0.9478216442984567 
2.159405835349361 2.0 0.7442082986084166 
2.2755693835099478 2.0039815305753073 0.8075869745025339 
2.1921358740448147 2.017815946517788 0.40805158582062795 
2.227601400660023 2.0040399751510254 1.173789732482284 
2.0 2.0 0.05784355682603637 
2.272701614656953 2.0 0.31973839711108615 
2.706194449268894 2.0 0.24843585730101392 
2.0 18.967057015610347 3.6941470603878725 
2.0 41.839661776483574 8.792595989449318 
2.2400065289584346 2.0 1.2509596592808967 
2.145311999635402 2.0 0.8750301083505567 
2.6901185147347624 47.86097535157765 62.18684089236203 
2.0 2.0 1.2882018136758158 
2.3725787475692277 3.4483154080620295 1.8178074234668773 
2.089692682930153 30.17324323320616 6.434971089528752 
2.2601971759248114 18.47044048268175 3.488851959832056 
2.6048689721597342 58.20492927799451 28.153858680906268 
2.0 2.0 1.136048658424182 
2.4695353057110334 23.378737352274356 3.9889275412956877 
2.0 46.398390058125045 5.625576163216195 
2.0 2.0 0.7086163014107862 
2.181809961338655 12.920920704618545 2.1134236148184242 
2.0 2.0 0.35992213733447576 
2.5258956094686713 37.46715200323172 48.51841088475419 
2.4407723625561433 22.207205152096446 4.591273412880544 
2.162738604087142 11.646192990044883 2.1286429862392677 
2.289672778757766 2.273253429239834 1.4427528911845278 
2.4715675098076626 2.256434127748811 1.0711275596829037 
8.619576488285315 2.0 1.2871920981806455 
2.439069017174994 2.0170438149888383 1.320430320946608 
2.121911938076521 2.180176912707812 0.5957179564147861 
2.120465855391851 2.8210632073404893 1.718409517855277 
2.027590453449019 14.25635064916573 2.4445040060704786 
2.1098056183168175 2.0 0.7771671068282302 
2.0 2.183902140326104 0.15762241033002655 
2.2857810736915303 2.928562044245327 1.8891685407568701 
2.0 19.599190799923832 4.367636880770668 
3.0436541594300444 2.0 0.4407786272623768 
2.0 2.0 0.8442044354641682 
2.3836796055808795 42.54738295320878 11.804687178841846 
2.0 2.0 0.6535625965564196 
2.791700583632383 2.0 1.8910373405112253 
2.4575163656817236 13.099919547999097 3.0438940932736465 
2.0833799135504174 2.0 1.5810228911974213 
2.3213258338410725 2.0 0.5690282470039332 
2.052728144698798 46.01856592074674 7.734400220833592 
2.352968063966542 12.702963325690565 2.499672179380148 
2.1907302680720258 47.47332927906615 14.409083573335733 
2.092444924007986 3.4647423472427015 1.6212974641265947 
2.1908264737774865 13.060207640701913 2.5649399175339256 
2.0158078738543264 2.05311747165115 0.6798666420160202 
2.1435416794054145 23.304585053413483 5.162855216506904 
2.0 2.0 0.9780566661305956 
2.2248136659204456 46.12674975204022 10.182008622585498 
2.180891087777971 14.161794308929611 2.7338623911000273 
2.0 9.595321648677983 2.6681803927381917 
2.0 2.0 1.3623997183240437 
2.3641931980114066 30.249637191863066 4.603189481047289 
2.0 10.656000848574593 2.3418440257958473 
2.14715063941872 10.104300307086504 2.0672119352672884 
2.329257504974017 9.348887586387749 1.9436842118666255 
2.1136007799819057 61.72436838226082 34.75671482976746 
2.0 2.0 0.2962163789369343 
2.3777351903761024 11.113653135243577 2.0120672235560986 
2.0011893917506898 8.844896897354069 2.1806495296073356 
2.101261302178706 2.1420294513997873 1.6738847720644396 
2.0005575946071104 11.167438380034657 2.417952045028695 
2.0708637317983998 2.135615059229804 1.5225680428653934 
2.160954662291613 14.838146251431462 3.4087607855544744 
2.137579300366236 3.383801599557961 1.800401353369733 
2.1337202012425593 22.750413331694737 5.0058526660500435 
