0.736099000000 0.049413300000 0.034977800000 0.041626600000 
0.016738900000 0.546025000000 0.531937000000 0.535751000000 
0.651537000000 0.085310200000 0.064797200000 0.073522500000 
0.017010700000 0.529363000000 0.513862000000 0.523297000000 
0.275824000000 0.282867000000 0.248619000000 0.267420000000 
0.294481000000 0.272765000000 0.238592000000 0.257513000000 
0.884410000000 0.007191900000 0.004515420000 0.006234910000 
0.331673000000 0.247740000000 0.212296000000 0.231937000000 
0.709822000000 0.063812500000 0.042827100000 0.051994200000 
0.210714000000 0.331229000000 0.298671000000 0.317585000000 
0.222574000000 0.315421000000 0.282387000000 0.301451000000 
0.157643000000 0.370560000000 0.339850000000 0.358228000000 
0.408942000000 0.194161000000 0.159724000000 0.177822000000 
0.516204000000 0.144438000000 0.111660000000 0.127427000000 
0.453677000000 0.177896000000 0.143521000000 0.160557000000 
0.472404000000 0.163898000000 0.129853000000 0.146786000000 
0.164010000000 0.362520000000 0.331918000000 0.350158000000 
0.423582000000 0.187291000000 0.153088000000 0.170951000000 
0.300835000000 0.267535000000 0.233021000000 0.251700000000 
0.784353000000 0.032060000000 0.021723000000 0.026689500000 
0.241417000000 0.303624000000 0.269515000000 0.289055000000 
0.320752000000 0.253786000000 0.218681000000 0.237957000000 
0.815857000000 0.032379800000 0.019391200000 0.024800300000 
0.532539000000 0.140175000000 0.108018000000 0.123498000000 
0.624959000000 0.100674000000 0.072490500000 0.085012700000 
0.256281000000 0.296867000000 0.263104000000 0.282136000000 
0.547534000000 0.130698000000 0.100028000000 0.114993000000 
0.452696000000 0.183642000000 0.150733000000 0.166975000000 
0.864195000000 0.012861600000 0.007568270000 0.010229000000 
0.566247000000 0.123768000000 0.092886100000 0.107331000000 
0.631251000000 0.094439800000 0.068193600000 0.080313900000 
0.020405800000 0.521981000000 0.505174000000 0.515530000000 
0.024894700000 0.514252000000 0.496251000000 0.507656000000 
0.121732000000 0.400881000000 0.371765000000 0.389511000000 
0.776597000000 0.047818600000 0.030260900000 0.037339700000 
0.128917000000 0.395565000000 0.366202000000 0.384109000000 
0.264438000000 0.287302000000 0.253168000000 0.272270000000 
0.347655000000 0.231701000000 0.196559000000 0.215804000000 
0.502867000000 0.151499000000 0.118222000000 0.134467000000 
0.692310000000 0.077933200000 0.053605900000 0.064726800000 
0.045195100000 0.488233000000 0.466407000000 0.480074000000 
0.183971000000 0.348150000000 0.316323000000 0.335068000000 
0.851994000000 0.016633700000 0.009863780000 0.013145000000 
0.216518000000 0.326965000000 0.294224000000 0.313196000000 
0.587011000000 0.119652000000 0.089377500000 0.103642000000 
0.087784300000 0.432865000000 0.406417000000 0.423358000000 
0.400630000000 0.201254000000 0.166567000000 0.184947000000 
0.260286000000 0.291922000000 0.257397000000 0.277563000000 
0.137222000000 0.389893000000 0.359890000000 0.378176000000 
0.334698000000 0.241066000000 0.205900000000 0.225296000000 
0.828758000000 0.026231200000 0.015133500000 0.019616200000 
0.339865000000 0.239132000000 0.203647000000 0.223140000000 
0.199230000000 0.336710000000 0.304715000000 0.323735000000 
0.593990000000 0.112499000000 0.082776500000 0.096321500000 
0.543311000000 0.134327000000 0.102372000000 0.117618000000 
0.312580000000 0.258696000000 0.223315000000 0.243213000000 
0.152564000000 0.374382000000 0.344282000000 0.362437000000 
0.702942000000 0.069806900000 0.046753400000 0.056375100000 
0.608857000000 0.104529000000 0.076839000000 0.089830000000 
0.104815000000 0.422104000000 0.394563000000 0.412180000000 
0.177702000000 0.353492000000 0.321895000000 0.340538000000 
0.464544000000 0.170650000000 0.137125000000 0.154326000000 
0.732382000000 0.061152800000 0.039846100000 0.048610700000 
0.142855000000 0.381233000000 0.351727000000 0.369612000000 
0.660697000000 0.085494200000 0.059668500000 0.070886000000 
0.119122000000 0.404772000000 0.376320000000 0.393859000000 
0.756331000000 0.052288900000 0.033739500000 0.041793700000 
0.902174000000 0.007992210000 0.004146460000 0.006251960000 
0.080984600000 0.443430000000 0.418178000000 0.434149000000 
0.040041400000 0.491597000000 0.470742000000 0.484088000000 
0.374415000000 0.215568000000 0.180583000000 0.199453000000 
0.500972000000 0.158583000000 0.125727000000 0.141455000000 
0.279808000000 0.277378000000 0.243280000000 0.262300000000 
0.697172000000 0.075023400000 0.051485900000 0.061647100000 
0.047337100000 0.479501000000 0.457248000000 0.471823000000 
0.062043200000 0.462433000000 0.438437000000 0.454100000000 
0.186238000000 0.341841000000 0.309987000000 0.328751000000 
0.108191000000 0.411450000000 0.383764000000 0.400819000000 
0.032187900000 0.504228000000 0.484952000000 0.497413000000 
0.431084000000 0.187694000000 0.152530000000 0.170583000000 
0.067775700000 0.456459000000 0.432021000000 0.447597000000 
0.221292000000 0.322334000000 0.288889000000 0.308359000000 
0.390687000000 0.206941000000 0.172107000000 0.190738000000 
0.078007700000 0.449628000000 0.425075000000 0.440288000000 
0.028295500000 0.510183000000 0.491494000000 0.503068000000 
0.083622900000 0.436320000000 0.410123000000 0.426982000000 
0.676436000000 0.080279900000 0.060927300000 0.069432600000 
0.148275000000 0.381798000000 0.351366000000 0.369757000000 
0.036817100000 0.499767000000 0.479654000000 0.492281000000 
0.170635000000 0.358238000000 0.326205000000 0.345285000000 
0.055369400000 0.470416000000 0.447231000000 0.462403000000 
0.108018000000 0.417949000000 0.390084000000 0.407723000000 
0.359471000000 0.224614000000 0.189514000000 0.208585000000 
0.838593000000 0.019078100000 0.011390500000 0.014949000000 
0.230212000000 0.309432000000 0.276056000000 0.295125000000 
0.053915000000 0.475005000000 0.452151000000 0.466797000000 
0.305058000000 0.263486000000 0.228418000000 0.247834000000 
0.098258000000 0.427945000000 0.401814000000 0.418063000000 
0.914992000000 0.002680190000 0.001820070000 0.002799590000 
0.471202000000 0.170429000000 0.136004000000 0.153290000000 
