2.0 136.26364813798193 0.46083831915525764 
91.8062875415134 2.0 220.8902280570481 
2.0 192.0 0.14804534795740665 
2.0 23.31359139642241 0.0 
2.071981804676762 7.009331567592955 2.7989261953086766 
2.038055728544408 10.795432329685877 2.6652528179133728 
2.0 27.59497408905671 0.06017492094904853 
2.4657698346942034 4.225985192956052 2.3005502313135837 
2.0009639287426184 2.7351381564691692 0.8654188237648279 
2.1090812119625437 7.568990631742871 3.432454575290049 
2.0684852862821885 6.23268174196355 3.146543042940703 
2.0 8.348723002079693 4.096287625328502 
2.013657805437208 3.3306343043053803 1.8132899151504862 
2.019848767388023 2.418517165157837 1.4211046273119035 
2.0233502160139785 6.409754201492552 1.7157056208207055 
2.067189488733284 2.0 1.5586544767249366 
2.06091857056259 10.546122738980294 3.986453430530985 
2.0145831511819807 2.960357592144483 1.7603341383073512 
2.0227801459064283 7.262086761433757 2.6220843947401598 
2.5573060830330157 72.50004958536307 0.20639330802060446 
2.0912527710434965 4.915950141398477 2.970586484741756 
2.0309371796002624 5.399503981404358 2.390021480423122 
2.3674582053861806 62.74579110507153 0.44831282658009913 
2.00191011948307 4.345659343704714 1.3953116635258924 
2.0 2.0 1.1070219609834342 
2.0226483928650962 7.678965553068199 2.9542272019768725 
2.0204274908680078 2.559781666617967 1.3320403011576936 
2.0033276120963905 14.957747858051004 1.764536088434854 
2.188164331534466 38.31279173573444 0.23968092813066022 
2.0195600328391676 2.488688702611803 1.2662885007880804 
2.0019759681111418 2.8028120095609745 1.0809592774833217 
2.0 18.43783426949323 20.253748877372715 
2.0245446266600458 15.422986299683874 15.68674032103456 
2.0778630325783185 7.82534642062592 4.7402767757551985 
2.2933248847154495 56.527734060309484 0.7021086766055271 
2.0 8.489275656697128 4.621016390739747 
2.061926739681258 6.038908369015351 2.7925264055136627 
2.010587806625418 2.840466847357849 2.139796746732527 
2.0 2.0 1.4718789287846086 
2.556110887890958 2.0 0.9250546657230819 
2.213903582046281 11.841666030812533 9.633090327808965 
2.1309490199245387 8.199829305142325 3.700145161645951 
2.22610526265384 45.71946479957166 0.22246378168397507 
2.0669017825646194 7.9160923166587835 3.3730538534513173 
2.1515733869132547 3.754427943694045 1.2292471747942326 
2.001118080457525 9.29240456526469 5.750255674490626 
2.004920357833655 3.381036341943344 1.8688179900780333 
2.012709959114667 4.025599040898236 2.7752109664829945 
2.0 7.262204389785429 4.5011127420306725 
2.1104156610035 3.2444457096234203 2.2199382038655173 
2.2655016837246706 52.12046302707715 0.48660615040849753 
2.0049225373791812 3.9917661116085195 2.214383523612829 
2.0 8.593039082993416 3.51696147841408 
2.0907911531011867 2.0 1.1891871003802699 
2.001633962173975 2.0758102311319058 1.3391389336955806 
2.1344092695192445 3.5539187441974613 2.4114816748986843 
2.0258456204052533 5.628359066100411 4.117732897890105 
2.0 2.0 0.8916576738971465 
2.0 2.5722647253391706 1.148897763381278 
2.0 5.323186435226834 5.308787428109269 
2.0027589636025382 7.904275398311912 3.789619158031592 
2.066224027360187 2.768830531188846 1.6325052521493775 
2.0 2.0 0.8322667536294057 
2.0 11.372406810428124 4.357663522293246 
2.0136700903860874 2.0 1.0016043432445385 
2.0 10.49038713167641 4.887738663310768 
2.0109172453493205 3.1774340371597316 0.7661002338612378 
2.0 9.180378527006162 0.19279194141475386 
2.0297498785687735 6.0879827358390415 6.102101618351947 
2.0019597118836416 13.419207379337424 9.894282866157482 
2.322019200494699 2.8603475690694893 1.9962219798105574 
2.091872888510587 10.877255890339843 1.5486801071242184 
2.0251205244165007 9.352434517780047 2.6957463988439856 
2.0 4.892213435318044 0.9200319508129962 
2.019088077846918 8.911039108926248 8.696909188735875 
2.0580710623501255 8.67632616931709 7.258219696921298 
2.003870724857013 6.436029644138911 3.544930837418953 
2.0 10.80081403596599 5.101785298578289 
2.0424969780627045 10.21520039093734 12.284483882040128 
2.0 2.0 1.7462967926702193 
2.0003032376926524 11.392235570751115 6.854198774208445 
2.0855524526819407 4.958759620803229 3.2278717018543754 
2.0 3.150822464170453 1.918068155115399 
2.0 16.660921492255298 6.5834495146543315 
2.0 20.497900168002232 14.247453605695416 
2.001043760808578 9.385461973212266 5.897215069459913 
4.600972762033384 85.12395832516401 0.031152247663520427 
2.3499016636221635 6.988092258523562 4.325399222160964 
2.0 15.62688120592653 11.496468852202234 
2.055233202194381 2.9645637246334586 3.607595907425345 
2.165330233395569 9.434761028426395 7.86996239744423 
2.066978263212341 4.840743977949023 5.181062060608717 
2.07909193994165 2.9976890170417865 2.076954427797249 
2.0105228796280525 49.21340575402811 0.2944985333623422 
2.069594949281772 6.207746646440917 3.069039326638525 
2.272291685987122 10.92602520024065 8.03108984324475 
2.0857560781009647 4.5404379004155935 2.494481035597436 
2.0271275641329316 14.858719062229936 5.720532015759695 
2.1905114290190144 3.1063957390515453 0.0597753120363258 
2.020827022982216 2.0 1.6141418462917692 
