0.010165200000 0.153310000000 0.158709000000 0.176018000000 
0.009511950000 0.155602000000 0.161835000000 0.178912000000 
0.019449700000 0.107473000000 0.109110000000 0.125361000000 
0.007178310000 0.208367000000 0.213476000000 0.232184000000 
0.007298950000 0.179013000000 0.185554000000 0.203165000000 
0.007481100000 0.173516000000 0.180084000000 0.197504000000 
0.014720900000 0.118567000000 0.118954000000 0.134794000000 
0.010940100000 0.147479000000 0.153418000000 0.170702000000 
0.010980100000 0.135198000000 0.141025000000 0.157832000000 
0.007669930000 0.165649000000 0.172203000000 0.189741000000 
0.014198300000 0.126579000000 0.128559000000 0.144683000000 
0.007628920000 0.171558000000 0.178314000000 0.196150000000 
0.025221800000 0.094435900000 0.094137500000 0.110488000000 
0.008692740000 0.158624000000 0.165500000000 0.183187000000 
0.142837000000 0.004984330000 0.004862090000 0.005631590000 
0.035291200000 0.070984100000 0.070736300000 0.085776700000 
0.029087500000 0.087994800000 0.087393300000 0.104200000000 
0.031683400000 0.079136400000 0.078806600000 0.095071800000 
0.088459000000 0.016676100000 0.017196500000 0.022222800000 
0.124794000000 0.014832300000 0.014836100000 0.017472700000 
0.184603000000 0.000160783000 0.000165301000 0.000251013000 
0.066815900000 0.028667400000 0.029245300000 0.037096800000 
0.164038000000 0.000706697000 0.000699063000 0.000855089000 
0.021763300000 0.107301000000 0.108987000000 0.126735000000 
0.021803900000 0.100189000000 0.100454000000 0.116614000000 
0.026799700000 0.092621700000 0.092183900000 0.108691000000 
0.133515000000 0.013994700000 0.014112700000 0.016941000000 
0.049778500000 0.046408900000 0.046733500000 0.058011800000 
0.184571000000 0.000164748000 0.000169379000 0.000254918000 
0.026962300000 0.092059500000 0.091624600000 0.108219000000 
0.061895400000 0.033675700000 0.034297700000 0.043223100000 
0.024427900000 0.094905300000 0.094637600000 0.110947000000 
0.172982000000 0.000682775000 0.000691413000 0.000870415000 
0.023742700000 0.096596000000 0.096503700000 0.112852000000 
0.016370800000 0.118376000000 0.118687000000 0.134529000000 
0.040307000000 0.060087400000 0.060092000000 0.073528300000 
0.162618000000 0.000779751000 0.000761432000 0.000922239000 
