2.0 8.646084246836832 250.96145028373036 
2.0 11.351423265855084 238.6766016631172 
2.0 2.0 210.52163095236477 
51.20428908199841 2.0 129.4500847069408 
2.0 31.182903258317133 155.4115128273569 
2.013352610503599 23.306053497420407 172.65475758075485 
2.0 2.554678526005424 106.54657942420303 
2.0 8.111163959099986 152.0016464746691 
2.177042912942167 5.808679149632881 235.54743050688057 
2.0 14.781685715395312 237.64158875849654 
2.001660711004011 4.329712875538373 252.6461864939627 
2.3257917165692623 21.155114622328853 124.5989582336146 
2.0 2.0 3.111750608046833 
2.0 12.738969450084635 13.226063367878083 
57.99262079739359 2.6042734512606334 0.4136118546148424 
2.0 2.0 1.7823004019887918 
2.0 2.0 2.3170384238614847 
2.0 2.0 1.972581274181934 
2.0 2.0 0.8722296515006178 
64.5045222450398 2.7162056036939743 0.6417688944021902 
2.1647483591829895 2.018223738808522 0.031729830825921734 
2.308354489112177 2.0190851369745446 1.0834676039552447 
2.1507848492407513 2.0 0.2702251517221168 
2.0512100235400212 5.18014584556313 2.534580717399414 
2.4109490439581314 2.0018713500284675 3.98505914460576 
2.0159831321086137 2.0107732667837355 2.8338153323307664 
20.093961679165062 5.151316238958877 0.5701538776510491 
2.0 2.0 1.3640407266473744 
2.0 2.0 0.04737368594437896 
2.00827800442087 2.0472452916215524 2.771249845633772 
2.0 2.014738945038142 1.1661261379853332 
2.299053518923658 2.050938820545992 3.177277682396795 
5.571298798068152 6.794812308532021 0.035640633827746515 
2.0 2.0 3.4333357154212027 
2.119851259139658 3.0973059616306924 6.719327502734281 
2.009213182099114 2.0 1.5806922667318872 
2.0 2.0 0.28533218193694854 
