0.005019660000 0.171553000000 0.144781000000 0.151077000000 
0.009624960000 0.144911000000 0.120108000000 0.125839000000 
0.004617690000 0.178078000000 0.151364000000 0.157711000000 
0.229233000000 0.004874400000 0.003813660000 0.004002290000 
0.181913000000 0.011571200000 0.009268220000 0.009658480000 
0.213150000000 0.006993010000 0.005436100000 0.005734770000 
0.056539500000 0.069131100000 0.053940300000 0.057027300000 
0.072931300000 0.054286700000 0.042110400000 0.044396000000 
0.195014000000 0.009633650000 0.007592100000 0.007958850000 
0.042120900000 0.083637400000 0.065597500000 0.069407700000 
0.135508000000 0.024487500000 0.019259900000 0.020185100000 
0.059598900000 0.065491800000 0.051019300000 0.053908900000 
0.087207300000 0.046006500000 0.035733400000 0.037635600000 
0.027717600000 0.100229000000 0.079378100000 0.083987800000 
0.106977000000 0.035047700000 0.027310600000 0.028715000000 
0.078661400000 0.051130900000 0.039697400000 0.041822400000 
0.017559500000 0.122470000000 0.099149100000 0.104295000000 
0.235447000000 0.004086190000 0.003187990000 0.003366200000 
0.039423000000 0.085769800000 0.067382000000 0.071293600000 
0.188625000000 0.010815800000 0.008520840000 0.008920700000 
0.200922000000 0.008469350000 0.006798510000 0.007073810000 
0.007039070000 0.158290000000 0.132092000000 0.138165000000 
0.083379700000 0.047692500000 0.037018700000 0.039007000000 
0.012949900000 0.137054000000 0.112253000000 0.117913000000 
0.280050000000 0.000056940800 0.000005178410 0.000002959730 
0.080918300000 0.049536600000 0.038450500000 0.040514200000 
0.035815700000 0.088074200000 0.069256400000 0.073312200000 
0.027312300000 0.103020000000 0.082442600000 0.086829100000 
0.025651900000 0.105840000000 0.084862400000 0.089369800000 
0.005568030000 0.168530000000 0.141861000000 0.148110000000 
0.132316000000 0.025544800000 0.020073700000 0.021045300000 
0.006946560000 0.160249000000 0.134296000000 0.140428000000 
0.144688000000 0.021193700000 0.016777700000 0.017560800000 
0.218663000000 0.006182170000 0.004918830000 0.005137040000 
0.042915800000 0.081100100000 0.063496400000 0.067180200000 
0.155305000000 0.017715700000 0.014051900000 0.014683700000 
0.223286000000 0.005469660000 0.004326130000 0.004524780000 
0.011941000000 0.138575000000 0.114318000000 0.119851000000 
0.207039000000 0.007734440000 0.006042510000 0.006351950000 
0.057353000000 0.067421300000 0.052580700000 0.055566500000 
0.171497000000 0.013949900000 0.011129000000 0.011608100000 
0.011588600000 0.140147000000 0.115749000000 0.121328000000 
0.139432000000 0.022894700000 0.018065100000 0.018915600000 
0.010647800000 0.143066000000 0.118052000000 0.123869000000 
0.096147500000 0.041563200000 0.032345600000 0.033842000000 
0.045312900000 0.078823900000 0.061712300000 0.065283000000 
0.031517500000 0.096542800000 0.076933100000 0.081028200000 
0.066458200000 0.058810200000 0.045711900000 0.048232400000 
0.006265640000 0.164410000000 0.137879000000 0.144076000000 
0.047817700000 0.077553300000 0.060671400000 0.064163700000 
0.149757000000 0.019541400000 0.015451300000 0.016158200000 
0.017533300000 0.124834000000 0.101545000000 0.106574000000 
0.054605000000 0.070551300000 0.055054100000 0.058204700000 
0.110345000000 0.033045600000 0.025806500000 0.027122800000 
0.176879000000 0.012915400000 0.010343200000 0.010782300000 
0.013798200000 0.131501000000 0.107237000000 0.112718000000 
0.008168220000 0.150708000000 0.125413000000 0.131323000000 
0.006506440000 0.162551000000 0.136109000000 0.142276000000 
0.166843000000 0.015143000000 0.012046400000 0.012575100000 
0.022303100000 0.112549000000 0.089765600000 0.094990700000 
0.118808000000 0.029370900000 0.022997800000 0.024153800000 
0.076434600000 0.052514000000 0.040756700000 0.042958600000 
0.007892610000 0.152960000000 0.127516000000 0.133458000000 
0.061701800000 0.063427700000 0.049395500000 0.052179300000 
0.070741700000 0.056986000000 0.044251400000 0.046680400000 
0.261632000000 0.001326010000 0.000918913000 0.001019430000 
0.013631300000 0.133798000000 0.109326000000 0.114889000000 
0.053226000000 0.072559800000 0.056496400000 0.059426700000 
0.008893010000 0.147862000000 0.122820000000 0.128644000000 
0.050207100000 0.075892000000 0.059311500000 0.062737400000 
0.161121000000 0.016268700000 0.012928600000 0.013498600000 
0.254105000000 0.001804540000 0.001273190000 0.001403450000 
0.125034000000 0.028161300000 0.021931000000 0.022911300000 
0.270307000000 0.000608028000 0.000389560000 0.000421703000 
0.034483400000 0.090163100000 0.071013100000 0.075153600000 
0.092550800000 0.042826800000 0.033267900000 0.035027500000 
0.241014000000 0.003352560000 0.002578990000 0.002761570000 
0.015390400000 0.127524000000 0.103646000000 0.108969000000 
0.247287000000 0.002774730000 0.001977200000 0.002187360000 
0.029621100000 0.098565700000 0.077980000000 0.082540100000 
0.013383900000 0.134903000000 0.111018000000 0.116418000000 
0.023983000000 0.108376000000 0.086263100000 0.091289500000 
0.102480000000 0.037370600000 0.029077600000 0.030576100000 
0.099158300000 0.039707000000 0.030884500000 0.032487500000 
0.115408000000 0.031973900000 0.024896000000 0.026036300000 
0.007546900000 0.155429000000 0.129801000000 0.135819000000 
0.052774000000 0.073810900000 0.057636600000 0.060942500000 
0.005016800000 0.177496000000 0.150769000000 0.157123000000 
0.129427000000 0.026637800000 0.020895400000 0.021915600000 
0.014472000000 0.130099000000 0.105970000000 0.111388000000 
0.019065900000 0.119647000000 0.096605000000 0.101609000000 
0.090281500000 0.044298400000 0.034416100000 0.036240400000 
0.064554700000 0.061249000000 0.047650500000 0.050308300000 
0.020785300000 0.116825000000 0.093501000000 0.098897100000 
0.033071500000 0.092643900000 0.073045100000 0.077326300000 
0.032302400000 0.095619700000 0.075519000000 0.079936000000 
0.023175200000 0.109464000000 0.087159200000 0.092228400000 
0.021224500000 0.114658000000 0.091577600000 0.096882000000 
0.005688190000 0.166474000000 0.139879000000 0.146099000000 
0.020633700000 0.117945000000 0.094471500000 0.099898000000 
