2.312497451129121 9.161013494583353 33.00495420850145 
2.0 7.174088576855951 2.7582393812106716 
2.0357033215258866 17.352774870114523 6.967660608658193 
2.0293084192787565 2.2658766584245793 0.5595912613978888 
2.0 2.0 0.757486451506908 
2.002033716273376 2.9529286503380145 0.6269603977708376 
2.0299482571089054 2.0 1.4539631221387865 
2.0 2.0 1.3068884277697181 
2.0149889437300708 2.560502096353346 0.7043609638229068 
2.0146250582553886 2.0 1.6050278111011806 
2.3013646722112546 2.0 0.9770376676062299 
2.0013293059818578 2.07628977267503 1.4128326930764994 
2.0 2.1661487913602544 1.2195961400710464 
2.1615273040908725 2.2829714585485217 1.8039709705599103 
2.0 2.0 1.108725721351721 
2.0 2.0 1.2723197961203079 
2.1096043295674973 4.56037948609726 2.1491682634348774 
2.00794751524373 2.100396896000422 0.5269012301374205 
2.0100898084769523 2.390739564167457 1.6322993988327836 
2.2767040733582147 2.6972695571021306 0.730763254067293 
2.008566749193563 2.1382446050602693 0.6840807199708441 
2.028784828556286 9.259253553568575 3.2618610855901777 
2.0 2.0 1.23831053139196 
2.303575566943363 4.617845646301824 2.445415736306443 
2.0 2.0 0.12949763928094038 
2.0 2.0 1.2561251274607055 
2.0 2.0 1.6612597790468895 
2.054694120173055 3.688289881286947 1.875159324646787 
2.0 3.6984723781223785 1.9190397752956723 
2.0 8.95487404627696 4.221364319096519 
2.0 2.121141619694361 0.9914709135635102 
2.0 7.158859864597259 3.44528693852164 
2.174593881258608 2.2528412642170608 0.932768530072943 
2.0 2.0 0.6141639410244276 
2.0261595663952976 2.019209104022005 1.5812860792808747 
2.255759053768027 2.2749060974435817 0.8785278752098589 
2.0024224743863783 2.0254798888946253 0.5871571216052656 
2.0097146212542927 6.876059533192637 2.581341815898858 
2.000230270539248 3.2721821664481463 0.6498677392008289 
2.2574591480165833 2.074571006620155 1.4363162727366765 
2.0708284882971277 2.2636531573285903 0.8080678670068322 
2.161879528273477 7.493209260706545 2.611368384753049 
2.291480581555137 2.2407635357390174 0.9566730327283653 
2.196213332117261 4.160446097009893 2.6861666531591633 
2.2171500967301365 2.9684829601427696 1.1744984743265028 
2.0 2.0 1.555970448152251 
2.077931214752187 3.8308945030724786 1.7890646416840577 
2.4088699213994373 2.4068764991639253 1.3469325919509365 
2.1504864419562817 8.973642034257265 3.6840908585177257 
2.0 2.0 1.5367695075588887 
2.0 2.0 0.9079621735461325 
2.1481133154104635 8.658344296693263 2.2342136624754083 
2.0626653542920317 2.142024052796055 1.464409584630723 
2.0439693496088136 2.4538335693576863 1.0854608750532269 
2.002988092759391 2.071015608488642 0.7883252181306948 
2.0 5.241188745358691 2.330612745986459 
2.0973388391424614 6.6644058005872715 2.9613971763985 
2.2153461041325904 8.893875347609757 3.5221943333944266 
2.0 2.0 0.8301863645952625 
2.0 2.0 1.9723471134364696 
2.0 2.0 1.0439102276334362 
2.0 2.0 1.2896203412230056 
2.0970740631754086 6.820603426130603 3.0306635070666115 
2.0 2.0 1.395512937774502 
2.0 2.0 1.3313611955617743 
2.0 5.6274752700120185 0.3294489731814175 
2.0838837764431166 5.22462437730757 2.3722858818448467 
2.0 4.646313389463824 1.4996704056105803 
2.3099452642573843 7.42027304512768 2.845823744612777 
2.0 2.0 1.5236187736571134 
2.3477783942983357 2.0 0.8526714501410897 
2.005525637528388 11.734287503938484 0.34547780078669044 
2.0 2.912778481602488 1.0205556623327345 
2.7648542020757674 5.654461087706551 0.22174231833596236 
2.00229493209947 2.0381219803114305 1.6792713636756968 
2.0921703690331945 2.386079595383967 1.190795752704226 
2.5751122869742455 2.0085875962263735 0.46035072382526865 
2.2926389403930982 5.019158152640351 2.2423837175795605 
2.0482200159277864 7.688951061288728 0.4198231406591724 
2.0015214046433014 2.0 1.7848004041441634 
2.4993512064927517 7.0518980339524315 2.4817301160392478 
2.001437109957797 2.415730206995337 1.9066860119928863 
2.092080081676869 2.295884048838057 1.1339589107735866 
2.004463873618387 2.3943733459493415 1.160460151212362 
2.1247729298718165 3.4170444492562417 1.063336136824293 
2.2928939659579055 7.156639004060385 3.1626247779422947 
2.0 2.0 1.504234010830199 
2.4728090737357986 16.76731037187242 5.194017971739313 
2.0 2.0 1.00780263371474 
2.257966020162041 5.440649867843376 2.2956325739325054 
2.0948563763203962 4.841799474136311 2.0978650385002107 
2.0012655138670747 2.0558119862995134 1.2076888194362498 
2.374874947987841 2.0131393576961596 1.3719574984793506 
2.0 2.0 2.0330752083961676 
2.0361658960319944 2.081169508830926 1.7131351279456577 
2.0 2.0 1.746224310913015 
2.007962813923845 2.0 1.9290619443038117 
2.046816434938233 2.1050732166511135 2.0011043370621384 
2.0076480478670415 9.241126594656206 3.936491957260412 
2.0084220390317755 2.2321431784098325 2.0551784308195353 
