0.083245300000 0.589025000000 0.574217000000 0.579085000000 
0.075690300000 0.617161000000 0.604944000000 0.611071000000 
0.198331000000 0.251327000000 0.229498000000 0.255210000000 
0.660335000000 0.015994700000 0.012201800000 0.016842000000 
0.249436000000 0.210292000000 0.189417000000 0.214302000000 
0.075151000000 0.631101000000 0.617805000000 0.621137000000 
0.077695800000 0.611018000000 0.597676000000 0.604426000000 
0.560049000000 0.039664300000 0.031615000000 0.041008100000 
0.509289000000 0.055958100000 0.045749500000 0.057736500000 
0.069709300000 0.645974000000 0.634433000000 0.639441000000 
0.485227000000 0.064884600000 0.053850500000 0.066973400000 
0.377323000000 0.118349000000 0.102653000000 0.121822000000 
0.084832200000 0.582308000000 0.566653000000 0.571797000000 
0.689018000000 0.010938200000 0.008191480000 0.011509900000 
0.119250000000 0.342901000000 0.319951000000 0.344758000000 
0.498682000000 0.060217400000 0.049557500000 0.062312900000 
0.600163000000 0.028974500000 0.022447300000 0.029807500000 
0.178909000000 0.270449000000 0.248067000000 0.274340000000 
0.275591000000 0.186971000000 0.167394000000 0.191334000000 
0.174138000000 0.277916000000 0.255380000000 0.281622000000 
0.426730000000 0.089107700000 0.075624000000 0.091769600000 
0.573932000000 0.036247800000 0.028859700000 0.037604300000 
0.099916500000 0.395577000000 0.373691000000 0.396111000000 
0.251969000000 0.203275000000 0.182629000000 0.207623000000 
0.455513000000 0.075761700000 0.063383800000 0.078468400000 
0.288694000000 0.176306000000 0.157314000000 0.180826000000 
0.233577000000 0.218741000000 0.197857000000 0.223029000000 
0.298646000000 0.164003000000 0.145302000000 0.167858000000 
0.626921000000 0.022967300000 0.017929800000 0.024112500000 
0.131638000000 0.328586000000 0.305742000000 0.330935000000 
0.083222900000 0.596636000000 0.582128000000 0.587729000000 
0.613187000000 0.026274800000 0.020300200000 0.027135100000 
0.103095000000 0.371597000000 0.348896000000 0.372750000000 
0.094990300000 0.400165000000 0.378437000000 0.400676000000 
0.378635000000 0.112950000000 0.097450000000 0.115907000000 
0.414209000000 0.101753000000 0.087000500000 0.104597000000 
0.343107000000 0.132415000000 0.115476000000 0.135885000000 
0.764867000000 0.000768443000 0.000780200000 0.001255690000 
0.259941000000 0.196948000000 0.176594000000 0.201129000000 
0.142671000000 0.309732000000 0.286764000000 0.312599000000 
0.735355000000 0.002672910000 0.002367660000 0.003494540000 
0.201371000000 0.245408000000 0.223575000000 0.249314000000 
0.462885000000 0.072728600000 0.060771700000 0.075124500000 
0.418240000000 0.095070000000 0.081102800000 0.097996600000 
0.195020000000 0.253691000000 0.231606000000 0.257743000000 
0.405799000000 0.102728000000 0.088054400000 0.105708000000 
0.645886000000 0.018458200000 0.013867900000 0.018912200000 
0.306899000000 0.157020000000 0.138606000000 0.160849000000 
0.295225000000 0.170453000000 0.151482000000 0.174459000000 
0.115763000000 0.349837000000 0.327147000000 0.351591000000 
0.635739000000 0.020869500000 0.016057000000 0.021699500000 
0.101317000000 0.377749000000 0.355160000000 0.378697000000 
0.109129000000 0.364192000000 0.341354000000 0.365475000000 
0.750833000000 0.001826370000 0.001563540000 0.002328800000 
0.094628800000 0.424513000000 0.403756000000 0.424082000000 
0.081749900000 0.603886000000 0.590552000000 0.595620000000 
0.216546000000 0.231015000000 0.209511000000 0.235296000000 
0.674294000000 0.013257500000 0.010794600000 0.014582100000 
0.523378000000 0.051107300000 0.041532900000 0.052930700000 
0.329106000000 0.142590000000 0.124944000000 0.146245000000 
0.110975000000 0.357599000000 0.334654000000 0.358966000000 
0.123780000000 0.336387000000 0.313370000000 0.338363000000 
0.227078000000 0.223173000000 0.201793000000 0.227530000000 
0.089679700000 0.435336000000 0.414563000000 0.434118000000 
0.140490000000 0.315612000000 0.292797000000 0.318340000000 
0.185954000000 0.267568000000 0.245439000000 0.271469000000 
0.209582000000 0.241388000000 0.219681000000 0.245376000000 
0.722152000000 0.005747830000 0.004374130000 0.006339950000 
0.090281500000 0.430105000000 0.409247000000 0.429209000000 
0.325247000000 0.150494000000 0.132767000000 0.154524000000 
0.240826000000 0.214522000000 0.193588000000 0.218542000000 
0.706300000000 0.008031090000 0.006008930000 0.008677020000 
0.355704000000 0.127165000000 0.110702000000 0.130534000000 
0.226941000000 0.228322000000 0.206885000000 0.232117000000 
0.278155000000 0.180706000000 0.161215000000 0.184577000000 
0.071430700000 0.639173000000 0.626617000000 0.631797000000 
0.189387000000 0.261443000000 0.239427000000 0.265306000000 
0.342949000000 0.137450000000 0.120446000000 0.141339000000 
0.155568000000 0.301518000000 0.278795000000 0.304752000000 
0.435703000000 0.085124900000 0.071816800000 0.087814100000 
0.263841000000 0.192054000000 0.171923000000 0.195917000000 
0.150952000000 0.306122000000 0.283368000000 0.308975000000 
0.156035000000 0.295381000000 0.272665000000 0.298742000000 
0.589784000000 0.032894200000 0.026011700000 0.034222500000 
0.101242000000 0.383927000000 0.361640000000 0.384871000000 
0.372130000000 0.122368000000 0.106252000000 0.125839000000 
0.129885000000 0.333706000000 0.310882000000 0.335720000000 
0.088411800000 0.574628000000 0.558203000000 0.564213000000 
0.549510000000 0.043146900000 0.034865900000 0.044872800000 
0.393705000000 0.107901000000 0.092860500000 0.111080000000 
0.475677000000 0.069603000000 0.057831800000 0.072021300000 
0.074089100000 0.635338000000 0.622282000000 0.626182000000 
0.088888200000 0.438106000000 0.417491000000 0.436822000000 
0.168118000000 0.279583000000 0.256897000000 0.283266000000 
0.451077000000 0.078656100000 0.066069900000 0.081164500000 
0.138375000000 0.321140000000 0.298322000000 0.323743000000 
0.318792000000 0.154717000000 0.136574000000 0.158503000000 
0.444238000000 0.083568400000 0.070480300000 0.086471400000 
0.084825500000 0.587239000000 0.572089000000 0.577185000000 
0.540167000000 0.046632600000 0.037875700000 0.048583200000 
