2.0 44.35904019742252 23.458340313094624 
2.0 76.59024138817098 151.4731358287017 
24.262078453091497 2.0 2.732351214040307 
16.693273228958702 2.0 0.4683285986508632 
14.026315322593872 2.126278045378176 2.2915753658082876 
2.6518128418989315 92.68435320232751 46.28446762678253 
2.0 38.19669992051269 0.0 
12.813991939183012 2.068628066953363 0.7462244727126787 
12.135138794922973 2.448123743778596 0.9087188011263966 
2.880432094966346 83.36786756915872 135.7719755766825 
17.509725117111813 2.005593779353844 0.9880458100308168 
28.458000987089314 2.0174513706659067 1.4619548439390249 
2.0 36.6378030220878 19.36186721891 
14.528003479892952 2.0328298816505166 0.34483568574534396 
8.988919237947169 2.0 4.235835820420704 
13.069735599872484 2.1924477426168685 0.9353570113864689 
6.5748835456808505 2.4226064236723994 0.6394676164755693 
12.883985876505802 2.0 2.985784530040364 
38.27281605586012 2.1579226897956914 2.046744115506341 
12.741623176345122 2.0539616859296856 3.093051116029445 
20.690661843221047 2.057089779192861 1.185008697765456 
18.395644403261265 2.2325667613360753 0.7096353872496312 
19.618870526065763 2.0837553361864907 5.6219569814061305 
11.270879298194759 2.051293151862904 2.206244309434375 
9.113885280218325 2.08514267336187 1.0849131537401517 
53.673574366501974 2.261660579884941 1.954117867727404 
25.50238376121156 2.040491830734499 2.3326325969932205 
15.442928315427137 2.0166887006220042 1.8340646592427412 
25.132228239835435 2.0492017583685183 0.5601579388639568 
12.62557616583477 2.0136291235467856 3.9236183578304162 
2.0 38.221169516595175 37.75532096065168 
10.328151752795216 2.162116020954306 0.6040688345230321 
8.985036395920403 2.0 4.957166571176668 
9.395043419927212 2.0003813253543443 5.97133177947426 
18.48740301170607 2.438734778787591 1.4141994453863131 
11.562634711549562 2.0142759309468015 1.3032663147934036 
11.689469655228514 2.0956505513153276 1.5626717153254228 
2.0 2.0 0.033595558278263216 
11.618136737759087 2.0 2.1539264680237693 
9.422739514200316 2.1740303975544224 3.6070991974689943 
22.088698084996714 2.0 0.02857250602907202 
17.613037670936727 2.137756195899878 2.658806650278363 
18.791213980554225 2.329476843048666 1.0577905177089169 
21.849242116858996 2.0 1.2390162286766837 
11.660058492804204 2.0441142973399637 2.789575484684259 
23.153197253304654 2.4213788642164293 1.2906847179445733 
5.856755193662375 2.0 0.5089734575950349 
11.805268247332634 2.017867913447861 1.7621891720908534 
21.358387474782855 2.097774628604915 1.857875322232498 
12.157497007028388 2.0 4.414245045813603 
13.819145964139073 2.1859686297882432 0.5050938482365894 
8.976216731733057 2.1297213760406297 5.142504698259135 
8.618537495360302 2.104946303882172 4.761139884237121 
10.679101419573481 2.330704747846572 0.08961870981558817 
15.49248272661287 2.0 7.191760788250984 
2.0 78.27725600886038 41.74458799055215 
11.767251352092021 2.0 2.5048599278257693 
35.184203228771416 2.513969284786233 0.30784907396580696 
11.19073613188473 2.1678895574286923 0.8554389198476271 
11.591362124157937 2.0 1.6653424594513573 
8.792419820809515 2.0 4.607385009163147 
8.643297277361636 2.0 4.135066045550083 
9.626708848694232 2.000952815999084 2.4367743999893148 
11.880212722325519 2.0 8.388647300539791 
9.959006578016728 2.3295744170711377 3.726439503974179 
20.93158972556844 2.3721753582721035 2.9311025798116983 
17.896547893492084 2.3479262426012495 2.6362399356133586 
14.695154561645117 2.0 0.26094868364211976 
12.28684188545034 2.0 7.866143291289418 
32.708027567716556 2.137376579474487 1.7381846644350205 
20.02993303106676 2.4879889285828467 2.3225184957036293 
7.88597904509522 2.347168928189097 0.3116334441708084 
21.14165091151571 2.0512586185057597 1.5100749393380368 
20.277238147096185 2.039699989000349 2.4844429004697437 
21.268927751280117 2.17816077567651 1.9668300045580902 
2.7648696064751697 47.92331451997661 89.8543158878067 
23.647791550252915 2.331499581771352 2.841911597706823 
28.734693272757482 2.0891722337861216 1.620377889312545 
10.048736896002879 2.1288866312021026 3.5072637637923627 
9.605593779685275 2.0709265598527327 1.1592810035934167 
14.976836258427324 2.015352302442552 2.1216301809602878 
14.914787452498551 2.182657243666738 3.534657214239595 
13.298263514774106 2.065950193155174 3.3702628484732458 
18.70731019037966 2.3820555911456527 0.6874499917180323 
9.164969484015641 2.186718437910911 5.34122500439867 
21.91585952244033 2.1753797723465422 1.4729352230350528 
20.10762608220978 2.1445360849282666 3.99703679491605 
2.3947659228169282 22.394190527815994 18.96929372824417 
28.579316768219787 2.0 0.7922669016856652 
24.493713599906737 2.221823656484889 1.3628593723097533 
8.592118783500169 2.4617983903308898 1.044558499495758 
3.031534972528531 69.58397647330166 59.38630720555341 
14.554487897423822 2.0 8.440274992354205 
8.763718394186881 2.093493125623906 3.158283773898035 
18.758826293446127 2.443995091346732 1.0960589525861737 
9.613132082076415 2.1973925437290895 3.8290705665427245 
24.765419093274986 2.485692683715973 1.7390583666542472 
9.44522246584577 2.196647423726908 1.148937481075837 
2.0 34.995043183716994 23.540925382439188 
27.80198642351202 2.29012142805591 0.7726903293902332 
