2.9994937070212586 58.2140670788415 155.3380452685264 
2.2709690111304406 29.722110136148487 122.48246817907767 
2.591103409994876 32.66201776431875 167.5542843211532 
2.070592861534295 62.71773823506429 11.572293039465933 
2.0 42.644956555963915 174.7904200774901 
2.6449330319781326 44.60054269367622 165.22543307318813 
19.45521300725126 2.0 6.9630614831011854 
5.06066953279511 2.117586126025843 5.156927017804017 
14.84207239085331 2.0 1.0105053748366188 
2.8676599423139133 44.588457496734996 31.081688565228713 
19.242082412241523 2.2168921208803463 5.39170535393979 
2.237431867865794 28.178582797811902 8.805824413343853 
17.841078222419235 2.373424709975806 4.362657089282109 
2.0 29.10757085853701 2.78562414443887 
2.0 44.33796644118943 6.97244615351675 
2.0 2.0 0.28015618577150736 
2.0 3.93087114098369 2.0450763611896 
22.397757892579683 2.3701404176711063 0.06541784995086886 
2.0 20.959617872406557 3.2417658162550107 
2.0 4.452260846150192 1.9618249334977518 
2.00584257261986 20.532699797752514 2.2824746524911657 
2.0 3.9018483350544884 2.000826896785526 
2.0 2.4077974884973736 1.4363120138611127 
3.0734004264927544 42.18909876015861 47.81285940945679 
15.116984096196157 2.1045559687849655 4.331253693766886 
2.1264253893819456 20.23295667374221 2.307331828761718 
2.0 55.58715537033396 10.656686455954741 
2.013631268635778 45.008877101987935 21.996246633735936 
17.55799010775141 2.0 4.922501515100713 
2.0 2.0 0.9842901570164411 
2.1070409290302616 9.638322431602852 2.030240219812879 
2.4856776422241262 18.407843739246452 3.2952015137222936 
2.0 22.831254916290867 2.3485794637313235 
10.345253260234681 2.0 0.6947388470084723 
2.010448631470748 2.6546513911594634 1.6017286871421923 
2.0 26.458531327530373 4.6796863993506195 
2.0 12.752763146529539 2.606371212724386 
20.36795941252434 2.0 2.0997046141484095 
2.0 4.557812495568992 1.8514660674799652 
2.0 17.062053788031523 2.540330239436387 
3.2700000000000005 4.1647247455821 1.2462428848892069 
3.0690229788944055 2.0315015863811263 0.31609565674236517 
2.0 3.5422217172248045 0.7850133428503914 
2.0 15.388109319047429 2.4443250591476544 
2.0 28.21187018033207 4.233505181565313 
2.1340943753860446 47.026966379924275 9.734786532084541 
2.0 4.095400693282432 1.2190482698839613 
3.1360758348958306 4.239255298486701 2.642999125638049 
2.0675154661023254 15.416148519687475 4.022381894023583 
27.878481842337187 2.0 0.24530570275377883 
2.0 2.0 0.40367109294380105 
15.081506361682777 2.322457325338925 1.7465721103985192 
2.0541928380049397 14.756065670706235 3.6775924168750196 
8.443831100260448 3.265181984440272 1.9708615948534272 
2.227675726168003 2.0 0.9546321866091603 
2.0 21.577706805656778 3.1180146405496756 
2.0 2.0 1.459037229228734 
18.610507863616988 2.0 2.259723436190278 
2.0692433280877247 57.926835692118864 13.932322887235559 
2.0 62.300215836570075 8.714907113731652 
2.2749826398757422 47.00670158370478 13.395527499293186 
29.440163750664823 2.0978337638095415 1.7132890821695932 
2.0 30.813761265387637 6.536165003443299 
13.05034007886033 2.0 0.6871748801332076 
2.0 2.0 1.6701158487253998 
2.0 41.965510760532496 7.8196252916047735 
2.079693566862531 25.747998078101787 4.108990737051048 
5.424546502561473 2.0 0.783846475787044 
2.0 2.0 0.21563032242503422 
3.7148297790921943 2.0 2.0366170173937213 
3.2899981489256778 2.0 0.5368572405479146 
3.039216959194019 2.0 1.2895605293761339 
3.761244481357849 2.4939588892313393 1.4945847456753414 
2.0 2.0 0.99592879372342 
3.558410164536825 2.0 1.5604364479008386 
3.183139491621327 2.0 1.0361150654903912 
2.0 22.622077211618084 4.9435566086856895 
22.04820563654659 2.2736886456130305 1.8292194666650654 
3.5649026391833973 2.0 1.0005001103587645 
3.8937861676631087 2.0880090199497765 2.443318037722055 
3.6180806684406823 2.4349228188220096 0.5956840367926297 
9.003527278565176 2.119093081940768 0.6728087100566604 
2.0 2.0 0.8369061310523276 
2.3167409053299735 11.610020645712323 3.0270500307467865 
12.11625774169311 2.1675262040462067 1.3691291315451342 
2.0 2.0 1.1076120540002627 
5.4701022692792876 2.0 4.028057497506381 
2.088450220076214 17.605034401983335 3.5225116685706173 
2.0 4.567979249859623 0.01621792979852965 
7.038911899587325 2.6533094292008075 2.5442364299772464 
3.4464251874750835 11.5 2.7574208335728563 
11.039633376308993 2.1762063835811816 1.4783408072628532 
2.2370233750894717 2.335923838160811 0.43099171999805885 
2.039832844358018 28.489217294740417 5.344220815536412 
14.872536470203498 2.0 0.4605463060455064 
2.0 2.0 0.8915641007687913 
2.0 37.78042446774631 97.82287666787467 
6.978754479097872 2.0 1.6302345921565307 
8.69372640973759 2.1346787949502137 0.6501824217566967 
5.317891837965135 30.28637093351618 0.3665574510183074 
