12.47728967522175 3.3828286270989256 243.87582280228796 
10.131395115220531 3.3925483183909186 177.6738483482815 
7.798797020989436 3.405979163849469 170.58833757628523 
122.78838518292153 2.0 3.8049737637931287 
2.0 3.0894654357937537 1.9283742179372616 
2.0 3.4283897980445044 1.8880293061059623 
2.0651884951707578 2.0 0.986057168126627 
111.8890884430377 2.0 3.718283279201861 
2.0 2.580110027314255 1.7407305182736297 
2.1677909264990207 2.7252148746242475 1.6582845562246398 
2.1169162868953966 2.0 0.7927833922785621 
2.0 2.0 0.5956699056563686 
2.500827296116757 3.202812253866458 0.20312654419431864 
2.4632504887761977 3.0484517975043697 0.29851030130991885 
2.0 2.154837518616148 1.0855546954668833 
70.36436008315553 2.4573760005471073 5.965292058973542 
76.49800202530032 2.0140283023894514 5.252257683652502 
2.0 2.0 0.9060683333122551 
6.354730651964912 2.145238276263523 0.13611616741331592 
70.6160996574105 2.467460352704383 4.741835696873969 
26.65481290669172 2.035839963054982 5.325116785148551 
9.707882201407104 3.896512045661024 13.263221301551283 
2.0 2.0 1.120204423398114 
67.64118293144298 2.4624744760172135 6.0319026744533115 
4.915300987857613 2.0 2.543155291909428 
25.439335399127984 2.0763211182269457 4.423625127340674 
2.0 2.411358723528818 0.3814444144373885 
6.909599435971112 2.322529855168633 2.9062777133151205 
2.0 2.8609245848525 1.4888604950657247 
81.34732498198291 3.8894867913514704 10.238669938615379 
2.178096102222949 2.0 1.4369175778540744 
4.304667010757954 2.3423731915527894 2.2872389592616944 
6.801346954407478 4.360315133060541 0.347801038408157 
5.49321907365392 2.1760280480545324 1.6062247129530847 
2.0 2.8028793050740974 1.258087142690866 
4.862807933339122 3.0430649100571174 2.4982313388916793 
182.40858992053867 2.2856617878189605 2.96829083274615 
4.6287452085039185 2.278172475632105 2.314974996461835 
7.969148977623112 2.0 5.01145642418797 
6.495498883735405 4.234805868184619 0.4637358710805617 
3.296311066455255 2.368220581448481 3.356788011485507 
11.857616955923973 2.019814372716216 4.984340920193077 
2.0 2.0 1.8178421887240024 
4.278150223795496 2.386404730126725 1.372908747002553 
3.6038019125168863 2.1239824677504444 2.899496097368379 
4.748324200185838 2.0 5.094594205532306 
2.0 2.0 0.9379530804996219 
113.51509243973558 2.0281761130520497 3.156341138549017 
3.9136070833976957 2.192216615268384 2.021755582414639 
4.644793028019919 2.4776119692156717 1.5545940666533817 
3.6752865737023694 2.362300364367861 2.8848270475846864 
2.0 2.0 0.7732070487725236 
4.3632527036681354 2.8011643888304656 1.112022263593592 
2.0 2.0 0.7158879250842303 
2.2298975158003547 2.0479712174276816 1.2553086016464565 
4.8613720876756945 2.1003788808513995 3.752280514967733 
3.30432350548119 2.3723087770153106 2.8525664259334325 
2.0 2.0 0.7571120207604255 
4.977283244624917 2.172841729016598 1.9555529053356389 
32.213537629692794 2.713520036486003 10.046089287992162 
15.525476979044 2.475475735154271 3.9532832430683262 
5.511258865073351 2.0982962798310014 0.35038327302965244 
10.913302100722458 3.9630404514607855 14.377655073064698 
19.680873402377618 2.599872772868819 14.834428148672623 
2.0 4.056980949879204 0.6358517272899178 
4.28142792487252 2.078086379818552 2.9584474462148784 
3.35890756430521 3.1217704870346856 0.5857250123777699 
115.91006327007203 2.7760652375271095 3.6333740570787594 
2.0 2.0070449888606516 0.6661919237246912 
6.605693409009746 2.1654302313779383 1.403135790221949 
5.857853705415343 2.098333938850904 4.198103596737112 
92.90808486713932 4.215535928705023 12.858031320832039 
14.214683546797778 2.26200185001186 2.8369468799710886 
2.0 2.3405620276249044 2.325208416634271 
2.2305697526019124 2.007020151954546 0.6350482894076727 
2.0 2.0 0.026375599979857722 
58.86050170896892 2.1793585804634636 5.721276826440974 
4.707253268503632 2.483633084116638 0.10140288779111817 
5.356101286578957 2.319848090494371 2.410979351116289 
83.7750771389417 2.4643174737360813 4.942598931190725 
2.288509917732908 2.061911443244817 0.3460222202255023 
2.0 2.1491192684515594 1.1803307431873185 
7.986702464822228 2.211109803710347 3.3404574461093652 
4.816604684397858 2.943613863008795 1.189412679019309 
2.648394113321274 2.344425257008716 2.3597488243672426 
6.56224293650505 2.070668590914912 3.949386424727087 
3.975453732121648 2.3129478162027093 1.7713414347797893 
8.54249516015581 2.3463934896648397 3.838022957299499 
70.22083333106197 2.0 5.432363470065923 
2.0 2.1278196011133725 1.003780136000102 
9.651797502761404 2.122133812716188 4.6929119076814 
5.494911765339122 2.276022985882571 1.8251258501784835 
8.556959768853185 2.0666624439142782 0.7618715943962214 
2.0 2.475930162998532 2.319069673783287 
4.301780044711532 2.444349185825087 3.356974940421078 
2.4471453454666374 2.096754569742829 1.1704077510892803 
5.613696994457712 2.2547935765900786 3.25454910282813 
2.661581728495406 2.448502500883108 2.9199194875870766 
11.051790002957866 2.2653624370096836 0.7330956858129617 
22.955170236296752 2.2287714990867014 4.810662723408041 
