0.076063600000 0.615231000000 0.602718000000 0.608960000000 
0.080194000000 0.609769000000 0.596173000000 0.603133000000 
0.069462300000 0.644565000000 0.632934000000 0.637851000000 
0.077695800000 0.611018000000 0.597676000000 0.604426000000 
0.070654900000 0.641134000000 0.628901000000 0.633781000000 
0.382885000000 0.114881000000 0.099735400000 0.118851000000 
0.076507600000 0.612844000000 0.599939000000 0.606440000000 
0.075690300000 0.617161000000 0.604944000000 0.611071000000 
0.084230900000 0.585893000000 0.570557000000 0.575644000000 
0.074296500000 0.632957000000 0.619696000000 0.623343000000 
0.070567100000 0.642565000000 0.630490000000 0.635280000000 
0.081543400000 0.598517000000 0.584674000000 0.589452000000 
0.519684000000 0.056739400000 0.047540100000 0.060738800000 
0.516945000000 0.059240900000 0.049694100000 0.061924200000 
0.080466300000 0.600736000000 0.587056000000 0.592000000000 
0.251134000000 0.207659000000 0.187360000000 0.212223000000 
0.073673700000 0.636944000000 0.624066000000 0.628161000000 
0.161518000000 0.315688000000 0.293568000000 0.319357000000 
0.075261600000 0.629508000000 0.615965000000 0.619519000000 
0.099547400000 0.398172000000 0.376397000000 0.398646000000 
0.672947000000 0.013773600000 0.010439400000 0.014520600000 
0.525420000000 0.051297300000 0.041809900000 0.053110300000 
0.073903100000 0.634893000000 0.621832000000 0.625954000000 
0.275591000000 0.186971000000 0.167394000000 0.191334000000 
0.091254200000 0.433896000000 0.413230000000 0.432808000000 
0.670870000000 0.013928900000 0.010726300000 0.015043100000 
0.119971000000 0.360881000000 0.338257000000 0.362310000000 
0.541111000000 0.045890500000 0.037164100000 0.047521400000 
0.292260000000 0.170002000000 0.151101000000 0.174101000000 
0.087275500000 0.576074000000 0.560194000000 0.565496000000 
0.330851000000 0.143740000000 0.126259000000 0.147518000000 
0.082202900000 0.594833000000 0.580698000000 0.585419000000 
0.082862900000 0.591686000000 0.577318000000 0.581971000000 
0.500108000000 0.072972900000 0.060744100000 0.075798600000 
0.085181200000 0.577925000000 0.561931000000 0.567190000000 
0.657515000000 0.016944900000 0.013108900000 0.018064200000 
0.335973000000 0.143375000000 0.126035000000 0.147371000000 
0.526896000000 0.051223200000 0.041810200000 0.053189100000 
0.100965000000 0.387292000000 0.365140000000 0.388018000000 
0.148936000000 0.322990000000 0.300349000000 0.325614000000 
0.747403000000 0.001976750000 0.001765530000 0.002487090000 
0.098539800000 0.422749000000 0.402071000000 0.422629000000 
0.715011000000 0.006335140000 0.004862560000 0.007098120000 
0.505359000000 0.070671000000 0.058720700000 0.073563200000 
0.089445600000 0.451759000000 0.431098000000 0.449563000000 
0.095408400000 0.423552000000 0.402688000000 0.423063000000 
0.709567000000 0.007990740000 0.006029980000 0.008693320000 
0.571695000000 0.041607000000 0.035384100000 0.044500600000 
0.122614000000 0.347852000000 0.325069000000 0.349440000000 
0.088571100000 0.571397000000 0.554736000000 0.561103000000 
0.306558000000 0.166885000000 0.148562000000 0.171955000000 
0.405799000000 0.102728000000 0.088054400000 0.105708000000 
0.313438000000 0.159363000000 0.141062000000 0.163356000000 
0.351647000000 0.133838000000 0.117282000000 0.138196000000 
0.082079400000 0.597290000000 0.583365000000 0.588067000000 
0.603549000000 0.033120700000 0.027794700000 0.035963700000 
0.720129000000 0.005483910000 0.004521210000 0.006443480000 
0.744683000000 0.002581960000 0.002131250000 0.003197190000 
0.344931000000 0.137420000000 0.120495000000 0.141391000000 
0.174165000000 0.281147000000 0.258809000000 0.284741000000 
0.700400000000 0.008657980000 0.006497390000 0.009243030000 
0.118581000000 0.365442000000 0.343118000000 0.367037000000 
0.117892000000 0.368266000000 0.345997000000 0.369818000000 
0.071709600000 0.639163000000 0.626626000000 0.631258000000 
0.180057000000 0.270655000000 0.248296000000 0.274269000000 
0.224261000000 0.225187000000 0.203748000000 0.229447000000 
0.084075900000 0.589563000000 0.575000000000 0.579621000000 
0.616728000000 0.024754500000 0.018951200000 0.025467800000 
0.075663100000 0.629185000000 0.615756000000 0.618917000000 
0.267848000000 0.194886000000 0.175045000000 0.199274000000 
0.221602000000 0.240704000000 0.219377000000 0.245054000000 
0.123356000000 0.345657000000 0.323045000000 0.347599000000 
0.613885000000 0.028430600000 0.023152000000 0.030916400000 
0.733927000000 0.003970320000 0.003122300000 0.004684640000 
0.380885000000 0.116028000000 0.100209000000 0.119541000000 
0.214150000000 0.244285000000 0.222738000000 0.248628000000 
0.248072000000 0.207869000000 0.187260000000 0.211894000000 
0.327896000000 0.154769000000 0.137149000000 0.159749000000 
0.581131000000 0.038800700000 0.031823700000 0.042391600000 
0.534894000000 0.050726100000 0.041805000000 0.053500400000 
0.090799300000 0.438914000000 0.418233000000 0.437586000000 
0.473600000000 0.073275300000 0.061693300000 0.076485300000 
0.188175000000 0.268672000000 0.246632000000 0.272668000000 
0.111771000000 0.368972000000 0.346640000000 0.370415000000 
0.166935000000 0.286791000000 0.264280000000 0.290338000000 
0.369053000000 0.123227000000 0.107078000000 0.126575000000 
0.215457000000 0.242630000000 0.221344000000 0.247323000000 
0.418190000000 0.101325000000 0.087289300000 0.105557000000 
0.763796000000 0.000877597000 0.000844576000 0.001383550000 
0.238722000000 0.220246000000 0.199566000000 0.224891000000 
0.421790000000 0.101102000000 0.086837600000 0.104616000000 
0.206426000000 0.251416000000 0.229759000000 0.255667000000 
0.191505000000 0.258763000000 0.236623000000 0.262471000000 
0.092561200000 0.433623000000 0.412956000000 0.432546000000 
0.133683000000 0.329560000000 0.306768000000 0.331742000000 
0.466477000000 0.074031500000 0.062148400000 0.076820400000 
0.431254000000 0.089736100000 0.076375600000 0.093082600000 
0.170521000000 0.286458000000 0.264078000000 0.290084000000 
0.405972000000 0.101671000000 0.087322300000 0.105044000000 
0.105319000000 0.384375000000 0.362443000000 0.385450000000 
