2.0 55.6988126980651 132.76569443563756 
2.0 32.15470622193246 133.70607930682007 
2.966081185831754 80.28085011004697 102.02005635846612 
2.0 38.12717024957177 145.80383203614917 
2.842524027002747 61.6917237627999 86.53852109350782 
60.35408021056632 2.0167245407117953 1.3936504387802913 
2.0 43.19535963667757 128.0 
2.0 77.05797188103708 182.43362090874433 
2.0 36.67653648319914 22.21511305645356 
3.362132816469411 69.88467706943713 52.43648692180645 
3.2439858952386267 65.8884474777386 87.05476278550555 
2.002503342947933 65.8058463396431 32.403934281366126 
77.91698358504999 2.0197949636079304 0.8339835412407296 
113.43510522107877 2.0 0.9008336176456453 
2.0 67.96240173335181 36.31620096624478 
49.84800333735298 2.0 2.2745215596548096 
2.5603064025838895 65.40337924853966 64.83142409617273 
111.97591172492827 2.0 3.5568613111725504 
3.061239776736649 64.26195694870162 45.661625637467964 
19.90616800013256 2.0 5.71434777548934 
16.81043436815572 2.0 0.3876971666758138 
18.677461996353372 2.0 0.8414769468195455 
2.745204102058306 64.14862124934996 61.716514835222675 
37.10040169337577 2.0 2.0709755053613037 
14.834232900169543 2.0 8.001771401448337 
20.798654883700266 2.0109461675226434 0.3853111919062062 
19.347742811238618 2.0 4.612670353284982 
24.06697909009236 2.0 0.8178701827963137 
30.18535215430864 2.1889276248576985 1.8738100007548129 
2.0 39.107562370279936 16.050693242719213 
23.009476203887797 2.0 1.6196198572174918 
2.0 59.117262485077816 28.20436363892334 
2.4967853651612755 56.58359803203564 24.190605657871913 
2.0 2.0 1.0917951522785043 
2.1537226250584935 37.77812985865493 17.135123635968135 
24.461373121545797 2.0 0.43100560817178035 
35.39666629185234 2.1643138519575587 1.625807013796988 
28.7246409752421 2.0 0.8745272558756119 
19.91907358293004 2.1880874642756027 5.335858608835506 
30.739605010460178 2.0 3.7474268396642643 
22.70564411041666 2.0 0.01668863842962587 
20.27096013455941 2.1961453009820295 6.978139770335266 
18.146141039129134 2.0 0.2325397019863935 
2.0 2.2938667615176103 1.071036812335989 
12.251749056809542 2.3952977145491263 10.58867632180531 
16.704947629864087 2.1895777312952815 7.130114191799766 
15.013891598845568 2.187492854263419 0.27296495968808704 
54.967669047443614 2.7466333386189485 0.6970933240357978 
16.81602462276124 2.0 4.328645084165041 
2.012580123634162 20.527541995979476 17.793913050709158 
76.24236621434441 2.0 1.7200664457577024 
23.135442511668224 2.0 1.325690378595505 
26.648591152610642 2.1384568467831926 1.796666441806395 
62.90919751022114 2.4860468276856844 1.560780426744147 
2.0 71.05861139149002 30.455379667633117 
129.0 2.071538566228404 0.4285233909285322 
19.07029674901073 3.1235548153099026 0.1794637244878703 
20.670093203675243 2.265120742750468 0.11920300626422485 
45.6763643373835 2.408157474927852 1.585876725685913 
28.663141911092517 2.2731429645945114 3.122207093331857 
14.245160525232539 2.176587611368936 0.30702897074373336 
28.038805984545522 2.0 4.741890454208076 
26.512271719725636 2.0451048101315967 4.7678512526275325 
3.3519377249767968 63.622519506530296 76.64555477796657 
17.526964663352473 2.360052562274788 2.9882710483517245 
10.452405251275025 2.0000006164165973 2.4585186565903037 
2.0 58.158329441150286 22.037175032119315 
6.699099963909938 2.0803932858504943 0.5879437831545528 
3.209652570239369 77.95863033948432 41.078363575251814 
47.93121639619501 2.0267257772049665 2.086809426728787 
52.664105985916144 2.3592945014232285 2.5370526592467413 
23.58503339880472 2.0 4.258239802188716 
73.45837230419957 2.0222077975272037 0.5707475656841634 
9.908002142494984 2.1352919243324497 0.19888559561468677 
13.446390624611418 2.0 1.422935397713549 
32.25613146532706 2.0 2.6502597480994847 
25.04177465527752 2.064912905894307 2.2298926061799222 
67.93754273191425 2.445889946450235 1.7896243108329626 
74.25211588206713 2.0053631031498287 0.5697451444986595 
62.06979284788227 2.0 0.7637170004500575 
13.778458529001648 2.0 8.468854182788178 
32.01777865829791 2.0 1.0606104273707544 
33.19331360754619 2.0 2.9739574327304448 
22.612275388584163 2.3484187400619163 4.839002439267039 
18.88920262589085 2.002140051741795 3.226482931187502 
24.82737871560832 2.0 1.4695086360351084 
58.98037554425662 2.0 2.6027664395519707 
72.95346252900272 2.3798895444665775 1.2350260479416275 
2.307743487376457 2.0149777944687237 0.037534464157521985 
48.57873401647126 2.0 2.3923675647230027 
37.44772744814125 2.0 1.2476903111356106 
42.85276351360383 2.4303470622094716 2.7587684484525195 
20.00820513070508 2.0082657738846836 2.8319484403390076 
16.97253030873138 2.0701683546249026 7.920205589663126 
15.2645436708589 2.0 3.9668310471378274 
30.071554622025953 2.0 1.0470518033570357 
35.72857537804749 2.0 1.150613193107366 
21.279402765936226 2.3989376665952302 3.1864568039727423 
33.32449666736092 2.3608509541242624 1.2799828183763118 
24.008828455272955 2.4485988414857456 5.287703433003524 
