0.009773730000 0.375747000000 0.331887000000 0.335152000000 
0.008581640000 0.387922000000 0.344508000000 0.347266000000 
0.008365150000 0.390021000000 0.348171000000 0.350142000000 
0.007833960000 0.393802000000 0.351205000000 0.352868000000 
0.325991000000 0.026284400000 0.017404000000 0.018648700000 
0.014265500000 0.357214000000 0.312927000000 0.316124000000 
0.017191400000 0.329877000000 0.283913000000 0.286442000000 
0.252360000000 0.055283400000 0.033511400000 0.035296200000 
0.034748100000 0.258765000000 0.213158000000 0.215810000000 
0.319797000000 0.026374400000 0.014156700000 0.015378900000 
0.235076000000 0.065231900000 0.040789400000 0.042696400000 
0.039743400000 0.245199000000 0.199766000000 0.202492000000 
0.356324000000 0.014003300000 0.006975960000 0.007755690000 
0.409378000000 0.001280950000 0.000690057000 0.000796519000 
0.180783000000 0.095647200000 0.064722800000 0.066776100000 
0.365115000000 0.012229800000 0.006537260000 0.007073750000 
0.261914000000 0.051105400000 0.030570200000 0.032290300000 
0.009416580000 0.382726000000 0.340685000000 0.342750000000 
0.161170000000 0.111020000000 0.077420000000 0.079475100000 
0.167972000000 0.104857000000 0.071745600000 0.074138200000 
0.057602900000 0.215714000000 0.170874000000 0.173870000000 
0.017345900000 0.323756000000 0.277869000000 0.280400000000 
0.239201000000 0.064459900000 0.040807900000 0.042259800000 
0.173776000000 0.099377000000 0.067299900000 0.069619800000 
0.013951800000 0.360267000000 0.316761000000 0.318655000000 
0.209965000000 0.077919400000 0.050419200000 0.052456000000 
0.271597000000 0.045482000000 0.026614900000 0.028283200000 
0.216329000000 0.075347000000 0.048389600000 0.050437200000 
0.140084000000 0.121367000000 0.085651100000 0.087911800000 
0.168647000000 0.102274000000 0.069630500000 0.072006000000 
0.018257100000 0.319019000000 0.273211000000 0.275747000000 
0.230589000000 0.068627900000 0.043809200000 0.045351500000 
0.184325000000 0.090016600000 0.059791100000 0.062028100000 
0.015211100000 0.353193000000 0.309806000000 0.312792000000 
0.010582000000 0.372687000000 0.329586000000 0.332443000000 
0.339639000000 0.019787300000 0.010208200000 0.011230300000 
0.298273000000 0.035005000000 0.019580100000 0.021022400000 
0.415719000000 0.000536792000 0.000426180000 0.000475779000 
0.310190000000 0.028701200000 0.015978200000 0.017094900000 
0.258708000000 0.052628300000 0.032114300000 0.033451300000 
0.012715800000 0.361839000000 0.318560000000 0.321389000000 
0.218336000000 0.068831200000 0.043987100000 0.045760700000 
0.021897300000 0.305821000000 0.260079000000 0.262625000000 
0.105852000000 0.152105000000 0.112337000000 0.114931000000 
0.019071100000 0.312331000000 0.266547000000 0.269107000000 
0.018263800000 0.316615000000 0.270806000000 0.273348000000 
0.305328000000 0.030262300000 0.021559300000 0.021892800000 
0.114784000000 0.148607000000 0.108815000000 0.111813000000 
0.143785000000 0.118490000000 0.083105500000 0.085269300000 
0.076951000000 0.180663000000 0.137968000000 0.140605000000 
0.069537600000 0.194927000000 0.151192000000 0.153985000000 
0.288333000000 0.037053800000 0.021161500000 0.022460800000 
0.019774000000 0.311061000000 0.265297000000 0.267849000000 
0.022120500000 0.302473000000 0.256746000000 0.259274000000 
0.029006000000 0.281721000000 0.236014000000 0.238461000000 
0.063583900000 0.203899000000 0.159596000000 0.162483000000 
0.094800900000 0.168463000000 0.127618000000 0.130193000000 
0.036942000000 0.252642000000 0.207093000000 0.209779000000 
0.378572000000 0.007476860000 0.004453500000 0.004864120000 
0.071800200000 0.190871000000 0.147424000000 0.150141000000 
0.059449700000 0.210797000000 0.166183000000 0.169114000000 
0.025390600000 0.302342000000 0.257031000000 0.259666000000 
0.100504000000 0.154291000000 0.114113000000 0.116542000000 
0.025985700000 0.296624000000 0.250868000000 0.253191000000 
0.095350300000 0.160143000000 0.119336000000 0.121835000000 
0.046755800000 0.235675000000 0.190457000000 0.193207000000 
0.055840500000 0.219182000000 0.174699000000 0.177454000000 
0.276808000000 0.043901900000 0.025559300000 0.027155400000 
0.012345800000 0.368989000000 0.324751000000 0.327882000000 
0.093251200000 0.174709000000 0.133321000000 0.136066000000 
0.016031300000 0.338742000000 0.292716000000 0.295239000000 
0.153221000000 0.116779000000 0.081577800000 0.084126200000 
0.117194000000 0.142808000000 0.104081000000 0.106549000000 
0.384067000000 0.006662900000 0.003163450000 0.003594460000 
0.135949000000 0.135117000000 0.097996600000 0.100361000000 
0.240983000000 0.057468800000 0.035605000000 0.037214900000 
0.052527000000 0.233438000000 0.188477000000 0.191137000000 
0.115503000000 0.148111000000 0.108959000000 0.111261000000 
0.331622000000 0.023065600000 0.012391900000 0.013298100000 
0.347186000000 0.018360600000 0.009709900000 0.010520300000 
0.371464000000 0.010643500000 0.005194670000 0.005822200000 
0.393579000000 0.003018400000 0.001707780000 0.001885480000 
0.138866000000 0.125012000000 0.088447900000 0.091096200000 
0.095316900000 0.167861000000 0.126316000000 0.129048000000 
0.191493000000 0.084591500000 0.055701100000 0.057487500000 
0.124207000000 0.135607000000 0.097829800000 0.100226000000 
0.028106200000 0.284303000000 0.238563000000 0.240993000000 
0.030703500000 0.266927000000 0.221236000000 0.223857000000 
0.248325000000 0.057245200000 0.034913700000 0.036749300000 
0.349120000000 0.016056100000 0.008205110000 0.009001420000 
0.199664000000 0.079035300000 0.051402100000 0.053141200000 
0.282516000000 0.041024300000 0.023602500000 0.025144800000 
0.030094600000 0.272970000000 0.227227000000 0.229872000000 
0.016994500000 0.330191000000 0.284237000000 0.286773000000 
0.400904000000 0.001789210000 0.001282720000 0.001356350000 
0.191979000000 0.084782900000 0.055698600000 0.057848700000 
0.085494000000 0.175557000000 0.133354000000 0.136141000000 
0.042890500000 0.239787000000 0.194187000000 0.197313000000 
0.037921900000 0.246885000000 0.201404000000 0.204134000000 
0.053499200000 0.220744000000 0.175686000000 0.178719000000 
