3.3276148822093496 6.261040917016422 139.1648741781832 
3.0332312369745162 9.754933634944774 153.24571291471295 
3.599572999509089 8.262837561739849 147.74812453571866 
4.042162213990629 9.989998654393474 125.11974063077884 
2.0 108.94311512848775 0.44373589029066335 
2.8448089979608713 6.187948251451694 6.032285931492203 
6.080182713283463 2.0 7.447383831791527 
2.0 2.0 0.9328988094306965 
6.084387082079108 2.0 3.114830316608778 
2.050099359601007 2.0 0.6747820036959178 
2.0 2.0 1.0104052950064022 
5.731488610725554 2.126790874372223 2.832136568698554 
2.0 2.0 0.518991069226554 
2.0 2.0 0.1754938124690612 
2.547790775973043 2.0104179326593346 1.221098808195666 
24.6706894251135 2.0 0.37999581148168415 
2.0 2.0 0.8991251386989063 
3.9462293585010455 8.48325205486746 7.9894349172612555 
6.466602136354235 2.0 1.3338236692236496 
2.0781132828760462 2.3865047662064356 1.2918443866693081 
4.710990867458117 2.039887614976546 2.387165976264554 
6.3742786586386995 2.1032923429057395 6.414137848316559 
6.855279429976517 2.0498638604982125 0.9857734513355605 
2.0 2.0 1.2509559567413038 
3.538168739363176 6.88653605388307 5.905712151238201 
2.2194008692081675 2.011502586722583 1.1034162385657649 
2.0 2.02590508226293 0.8539710012125852 
2.0 2.0 1.0813431581544926 
4.248200011972469 2.0902498553161997 1.411904707050975 
2.0 2.0 1.275827480662724 
5.624187175461681 2.0 5.786249842110029 
7.334824125194938 2.0 1.0170804964569498 
2.4752606143796 2.0 1.1845809770789728 
2.0 10.411414922055052 6.137802596189774 
2.84467739025731 8.088696655399737 7.008559108676309 
2.0 2.0 0.5952162320711523 
2.326146745241799 2.0 0.7577293505658256 
3.058979893269787 2.0408139756423807 0.01659530417139731 
2.614440171283974 2.250087311230077 0.6956757527622988 
6.845498045266856 2.0846739676329937 0.8942776077032972 
2.6947459805925797 7.843564772493784 6.04028320798054 
2.6086992948695733 2.0 1.0276338791694375 
5.935396165201895 2.447825833842227 4.816713610419505 
4.049375750288016 2.117544879087143 1.6728084374071375 
5.57851133020605 2.0935328021723247 5.241605947404173 
6.116275327122083 2.0 5.547516997486017 
27.468600522831224 8.751114538831033 0.22151458712512992 
2.0 2.0 1.6774357835154383 
5.1130943913091595 2.220214988650777 1.3828018353205924 
4.772368527370032 2.1085583369609116 1.936274743040606 
5.141470134771445 2.0466571386294237 2.1058080491078788 
3.8085732072686316 2.01069651926823 0.7675059629821541 
5.633770194178145 2.0965546236479 5.138249932047846 
5.640316373199408 2.0421439901817253 4.630406425072634 
7.5856724349189255 2.0 3.8538999385662 
5.321218527810096 2.067362015733547 2.2160949237307457 
8.159885296021455 2.2648662409435207 1.8431366994824696 
5.955901962119202 2.0 2.9742677786769622 
4.829990960975426 15.1452810824833 0.2719919807565595 
5.252198011164017 2.0001769934099287 2.0478971562412807 
5.313247647008799 2.478286171958888 2.311644679566506 
9.007172196952286 2.0 4.551399589350538 
5.113690950836164 2.0 1.674824631889512 
7.608628384483952 2.0436975852394395 4.460779441654103 
4.80923435548075 2.0002151981961314 1.7345317198634003 
5.558248721746295 2.0 2.66291698964765 
7.783413289610817 2.1939473615879743 2.4391164330352413 
2.1913463887661 2.289379401437762 0.8394110020564407 
5.494592966902669 5.0148439893256995 9.849143680524072 
9.15144576451114 2.1864804078702464 1.9173906465108086 
6.138612611109571 2.0 10.409408997951386 
2.313235060960962 2.1093125659795 1.3875904902582696 
3.8576464687070766 2.1573063540935014 1.591707050059708 
2.4475079734533396 2.0852010942821066 0.37740398774211753 
12.125133697338722 2.0791165457223126 1.5230895121324841 
2.6739533552105113 2.0892717687011846 0.9424822347408375 
10.836643842541697 2.0 2.6351463637179093 
7.472082616943073 2.4042822245151 1.6139747116962784 
8.334050123343594 2.2146129194652495 0.611836106417309 
10.486994057517808 2.026333154049359 0.5379323288260632 
2.0 2.0 0.4601139233814481 
18.878223161798797 2.002114895254849 0.1516216778535583 
2.0 2.469950615617226 1.4568199338839154 
2.8271332455702343 2.0987573060533653 1.8034375154412352 
5.148146363675153 2.0031620537032855 1.1274124580748086 
3.7319852465974144 2.1105661806099474 1.5285540346510151 
7.726354265859924 2.0654246560358813 3.9370124359503746 
6.433605579787825 2.0 3.287180803525887 
2.337823202317741 2.0 0.9469575296199491 
3.8441160937133985 2.0137085578061584 0.5354828504792888 
4.67534232864134 2.008035744974649 1.0931678800002231 
2.0 2.0 0.8168093058408038 
5.569342596823165 2.0002994092370074 3.4542840640431507 
6.353725506129975 2.0007962032493376 7.506380685634486 
30.290754824175895 2.0003326487079356 0.13357581408087582 
2.0 2.0 1.149650642693507 
3.8165785402609957 2.4110931469842303 1.9057447078644938 
5.407503965067703 2.0 2.7759980792595806 
6.079137405985463 2.161972647571107 2.864177232359656 
5.489636470896281 2.2239838833287378 2.448859692946831 
