3.1220181311036077 22.075101688823977 188.3195638762066 
2.054400604975493 17.601744526220976 229.10200045137387 
2.312638797170033 18.34012015412738 19.883367687514806 
2.346357824663563 31.193231590406565 15.904160476312112 
2.0 21.51915840544421 15.138291198784701 
2.082216753068279 22.190280390031702 20.977600897235483 
3.2707707828553505 16.919884807955786 172.19441074983519 
2.0 17.08737301650453 13.851741670928897 
2.0 63.4117159817512 0.009400658006192497 
2.3776877564505003 45.985163631912656 1.6003066870646343 
2.34554809523791 15.757097767119646 9.038661266218638 
2.1274655696505054 26.800964740390526 0.0528845743224447 
2.0 6.074058423076108 0.8887459439156178 
2.0 30.12192784006526 1.156261680907022 
2.0 2.0 1.2501250040481446 
2.096425161068132 29.209195262201632 0.9214279223591927 
2.1258741302038167 39.64377865551442 1.4633096674460249 
2.0 66.54465994686781 1.2167881889761176 
2.161068704087201 157.73785670369904 0.3716074737084846 
6.841117111775232 4.786156552216575 0.17646265704224362 
2.483089954806335 8.78875307198836 13.187801697232398 
2.0 2.0 0.07900379693150611 
13.363615162633382 2.0 4.635992641043426 
2.330155026585377 58.25762243919928 0.9604200756802408 
5.3523300272687075 2.0 3.278571555888135 
13.344143056255152 2.0 3.5015626846939996 
20.247500428551938 2.0 4.648893013465264 
2.0 42.3918798553712 1.222422464697933 
8.118902785584778 3.630307279647191 0.6702471465864335 
2.2662608623115967 30.844177979051295 17.56236539609781 
2.278297660434268 75.28988814119239 0.8773718665372705 
4.29562006694338 2.07436516077423 3.543088880565718 
14.027489459614387 2.0 4.743503915247148 
2.0 18.23511162962028 11.258479125033375 
2.0 41.16596185005455 1.5991709105624343 
2.4527004395567786 2.6631025468318743 1.4469291936089843 
2.0 2.0 1.886118520138305 
2.1244788429891046 42.79801438605195 1.1471441434271468 
3.2331661462455763 2.830366107033991 2.3156671295804276 
5.681642498595374 2.1118857732161045 2.6005512608499055 
2.2579243244186427 9.437656970589591 0.6214404794998042 
4.138417919397153 2.4302967492101706 3.097385997294462 
9.152055955198033 2.333004378946833 3.766611431338176 
2.0 8.810640746470169 0.8279945704520131 
2.428798941589517 32.9032291616449 1.0552117481668475 
2.891581425356141 2.6675302597994426 2.2029859292463194 
6.635686155672332 2.0 3.1431260462042934 
2.380096524669466 44.862415567055145 0.6618670628520806 
4.713471651484717 2.12866378735887 3.571391162679465 
2.07566943145179 32.57145419091496 1.322236657855101 
2.0 69.80071498120272 0.26172357127019685 
12.632464006549096 2.0 4.395617825586907 
7.027938156760943 2.0530898290173982 1.3777773700797202 
4.872531028538341 2.5253149684279412 1.9521910947147858 
2.0 21.23717439021767 12.68077204516665 
2.536026296583264 8.272841170137882 0.017904020963414036 
6.418901456769894 2.199679408732829 2.7220546419321283 
2.4933504205617556 4.072294613383544 1.3968803138924983 
2.0663582182362523 17.359115344528462 128.28172351976204 
3.329823110338019 7.368475320061833 1.0565396657323003 
2.209448804725237 17.038471950512136 0.7351900349729349 
2.114045360830538 25.47109260304468 1.2393352398375692 
10.335007195979173 2.110021450371495 4.070773750380562 
2.0 2.0 0.8031923192301451 
2.7775714412527304 3.147393076528216 1.827562870685812 
2.0 60.91365646489166 0.6555132147648095 
3.6212200955700373 2.0 2.8715566349448167 
7.473696259863853 4.021376623574417 1.6671448397349375 
6.628296676195114 3.5845627027782543 5.961398422897055 
2.4807087044869016 32.22519895145069 0.9895753298608289 
2.0309762652055987 35.344087207107975 1.1547350841340844 
8.888607417644991 4.364928531626976 4.32769975727242 
33.207298521599036 2.1307437115291425 0.17727659942615423 
3.0518452697141805 2.0 2.900134713977526 
5.954600599010243 3.5837528416839626 5.282703711135829 
5.412751074056543 2.0 4.374062392438682 
4.955903423538718 4.000811335092969 1.162925977131315 
4.121612918975691 2.7842846360014892 3.498589645570038 
2.058404679252726 19.570256223268586 0.3643270121933323 
7.938872069398245 2.0 1.1947896602193249 
2.4360401212712137 26.6796188443992 26.640195363965603 
2.0 41.841701635865974 22.901434344235717 
2.605506045631903 4.071050431436285 1.5790319196109375 
2.068886871601782 22.017882840631742 0.79530199891092 
3.064933037189347 2.0 2.7888345761263555 
4.54903648259688 40.44868223359209 0.3134474343542464 
4.133530610367923 3.056105695563195 4.131607296368663 
2.368261751305124 20.931629294719283 16.868557043363488 
2.4315087106793234 25.108597160216064 1.073596775360149 
3.9360739344831113 2.0 1.1462213823509386 
2.0 68.81008000193904 0.7138584935650013 
2.0 34.806845917529344 20.65204489321065 
6.22483179929931 2.6397302877709294 0.8567071421302177 
6.505930592785008 2.0 2.837699973195214 
2.482663833713322 26.522150670008266 15.000583890847867 
2.0 30.660945374420898 0.7648037968940351 
2.2956452665893208 23.280394682315848 9.132271102892133 
2.0 94.42465548053097 0.4054838710630883 
2.0 35.92784649207794 0.39536886460570575 
