2.0 3.148425451244747 0.013346799068933546 
13.965452950065803 2.4195056088867797 0.40663454530799054 
5.050308574992174 2.0 2.981172279705111 
72.11023156823245 2.048763973537495 7.01860786961296 
17.789978662180715 2.2801013661819347 0.3389653562500297 
75.6109107247975 2.0 5.484947030532572 
2.0 3.5262482616182265 1.3091354015976444 
2.6749485944430678 3.0609915105295293 1.293598651693634 
64.2940747707386 2.0 5.7015577940131905 
4.5467533446436885 2.154689577616951 2.9446841812047913 
2.0 3.5764978590989185 0.2858463047646953 
10.38256674637215 2.328941674287953 0.45074805604414636 
2.503391423863979 2.0232249605288017 1.6320779046582532 
2.0 2.0 1.7159237584055147 
4.2273403818063695 3.4234007015026697 1.3145219661559941 
26.480505030638646 3.756202029354884 10.076708368211337 
5.676593735543166 2.3639938038871957 4.489533119601308 
6.985529909206719 2.6287486902331763 1.4886563957056462 
2.0 2.233345090097735 1.1406790913040634 
66.38322860418023 2.0113741375710106 6.025155844677089 
6.482779821510816 2.316079112850263 4.680538891161821 
7.742649299961 2.6521574823120675 1.5676446754556295 
2.0 2.0 1.2307281287584777 
2.0 2.0 0.7689833304328341 
2.0 4.1408337756090035 0.11985242156014891 
2.2619744110487674 2.8176704960642427 1.3964355143732958 
74.3560458737401 2.0252149899023024 5.263487292330254 
13.378407869939158 2.0 0.2784706409281229 
8.887534914947054 3.9169573302344594 11.195293374025741 
14.338047861651132 2.3063373300317616 0.391117373982513 
26.2039606004968 3.66529985963395 11.25239235243282 
4.826197827380201 2.106551670722675 2.857466088035099 
4.569576817694356 2.0 4.4313914643983985 
4.763230481326737 2.2550883222566664 2.0824441340157342 
4.188428337191701 2.142737337365473 2.531671018729173 
3.747270643494982 2.0923290703860093 1.9052007160569977 
29.93668206039286 3.9714191563974373 12.486743975436077 
2.9849448111025105 3.362385332474256 0.23914811124142904 
4.574377617304966 2.1892179849311653 2.4190582445750897 
2.0 2.0 1.096553366505482 
2.0 2.0 0.9664513199762297 
58.581592086485536 2.0 4.503345555962791 
3.7766929725331764 2.2728160361701173 2.046335287860564 
35.22294648912002 4.295630526801027 15.107387233612235 
6.807326151094452 2.0 4.676423809865563 
3.810998272881461 2.294256869988332 2.212996079025087 
24.989833352781506 2.38073356780328 0.726653917850149 
5.139447305218853 2.0 2.273952335684232 
2.0 2.5710439043973867 0.9936973039965684 
4.655799510115608 2.322659796633186 3.1450467775302395 
55.24419740429384 2.0573816016499786 4.975923908227173 
19.258257963644947 3.728623946260462 9.109737195281145 
4.5202577331751375 2.3549257762965046 3.070449123480358 
4.612884260395441 2.461452474170387 2.3604940418042886 
2.0 2.196038189712427 1.3722062816740639 
5.153023628755424 2.240049359964272 1.8179666478294336 
5.023206126265501 2.2579553459061312 2.762752113023712 
2.0 2.0 1.2002383332607978 
9.785319437297535 4.294782283693586 13.238265421615962 
4.741544698094804 2.0 4.183279651228153 
5.1424981097760085 2.0 4.623762869826833 
3.7274566284588224 2.105638386221834 1.1862653939004404 
3.7332440858266285 2.0 1.7826778399686942 
8.666794185686964 2.0850867888781943 5.387677888907181 
44.82471212340846 4.225143323105688 12.005044573266478 
19.921896495894803 2.0674149490870994 5.116361344906874 
8.707314461868783 2.7674667600548277 1.0068089123390611 
71.23716763475923 2.4266736583359503 5.370544095421966 
11.403377908698948 3.8267309814103694 10.112896140821677 
84.08823640084492 2.0 3.763605062551883 
2.199099491085028 2.0 1.4277029952301463 
3.0407696183086204 2.2588285300224147 1.4885531753539745 
29.474954721317427 3.752391528862806 11.947359316433037 
5.083635374448555 2.073917909230471 2.6219096628266296 
2.0 2.352543282047125 0.8260085759456484 
73.26049079161207 2.016282678111151 5.092693420119485 
2.0 2.0 0.8727201775052238 
2.3062650801317868 2.02699233978816 1.32054307540818 
5.013015398841899 2.0 3.7458601995770886 
2.0 2.3567955210084044 0.9201321160520768 
4.963621817629859 2.320789660671187 3.27289233509843 
3.8933208273121434 3.1714377668349876 1.8133003091551396 
12.591092572770512 3.01322428881757 11.947995828981501 
76.86414956414202 2.0 0.4138757476953536 
5.067471208404354 2.2915204781172 3.3657601529531744 
3.920433936557286 2.01943292267833 1.6494810915166016 
6.215249593467433 2.1202695235774964 5.146754153612952 
7.311052187076073 2.1715916653531715 5.298586056939746 
4.926720712269785 2.3635527802203917 2.14882344376618 
17.78333710498815 2.0 0.5352751937204201 
4.21063739366674 2.055325648115126 2.5846052703443725 
10.732391127799021 2.0 1.452302918856816 
5.049948880760871 2.2284520270609853 2.2192901809942054 
2.0 2.331124894295146 0.6848727375291885 
4.0386778011847575 2.211361872760363 1.9773823758614828 
6.782694354329513 2.2101955039508994 5.021528411437151 
4.933728380978723 2.2057449926150223 3.488360620481431 
5.236670602123999 2.2184492539755167 2.688988620949967 
2.0 2.0 1.022649015181066 
4.391851703960286 2.0815304065240317 1.998858739163731 
