2.857724799142703 61.24574502158184 150.1153859302609 
2.0 2.0 0.8601095412635118 
2.7678815204330824 38.36335341491255 78.31867153815983 
2.0 2.0 0.4947709828839403 
3.2657924399385587 44.579702574590414 30.317247055343316 
5.893458194488462 2.0 0.2691601669021182 
2.0 2.0 1.215618790459921 
5.921281347949628 2.0 0.982078742112201 
2.0 2.0 0.3827327207475916 
6.192266067984886 2.015557386884994 1.3174014702033479 
2.0 3.1023453536716152 1.54367943917758 
4.453854847142696 2.108216357999037 1.6417991120685171 
2.301281536023292 8.71521172925198 2.5818364872073487 
2.0 42.04862492202547 7.267625471008035 
2.0 2.2408702834295595 1.665673915020094 
2.0 41.08592849496601 7.720839627680039 
8.372049940898389 2.0 0.9466149593960375 
2.0 18.163234791222884 3.9374420707456883 
2.0 2.0 0.7535923048880679 
2.0 2.0 0.3193675817897912 
4.815101746102602 2.0 0.9066617555670167 
5.443856582803301 2.0 1.2868022354924213 
5.307558439860702 2.0440591504045056 1.074847562458462 
3.8969088283922924 2.372502121749421 1.837974938913588 
2.0 55.42577250335791 19.623876252937134 
2.2013630306966565 2.2355627071900255 0.465318135785735 
2.0 9.25389702615903 2.2021620619930937 
7.53466709612114 2.0 1.6902828063486672 
2.0 30.812531004730438 5.352775163167498 
2.3056119313244015 2.019132935391448 1.6086761133366418 
2.0465729417962706 2.0 0.053955265461210766 
27.18740305491398 2.0 0.06636543529734713 
2.24067372086653 2.3392330109405655 0.8922486571217966 
2.0 19.254730015472678 3.1073377890684064 
2.0 2.1676083949702254 1.3923934037616583 
2.0 2.0 1.1692688876173583 
28.89713893052182 2.0 0.03836203804254829 
2.437534260077321 18.189203028178433 3.3389304980096015 
2.0 2.0 0.6720708699236562 
2.163903869423 13.573870839744922 2.707326304620754 
2.0 2.0 1.2453731896707687 
2.0 12.667334715595677 2.647193535548554 
5.055844624496775 2.0 0.7796855864367351 
2.0 2.0 0.35599341545041874 
2.0 9.387395930797158 2.5244594492961454 
2.184614940864872 30.18951678920556 6.860752288013284 
8.17659352010579 2.0393257119417427 1.4067403566631738 
2.0 12.98735013106128 3.244152889260742 
2.0 28.86900035331545 5.85459479273836 
6.462419374277186 2.0 2.222329168854153 
2.144343788087118 23.483918709168265 4.566466866592527 
2.8014332080966073 2.0 0.7695016181184879 
6.319393744093663 2.055543229409395 1.4554204663860308 
2.1910857603943343 15.259746012744861 3.0102645657699534 
2.00716792562757 2.222151172504647 0.5627288723089008 
2.0 57.31975078260868 8.4726758052117 
2.0 18.219086033201034 3.4602105580273546 
2.2542856793678485 43.003955466724705 83.98624013645836 
2.0 42.7574498560078 11.550071941172778 
2.1580295469237187 11.705258804295372 2.466383817637144 
2.21905187297345 17.5579942043528 2.390639260683908 
4.562520425127076 2.0414736518707937 0.5486293665133375 
6.111261751873095 2.0 2.103516065840026 
2.0 2.0 1.4289102106370597 
2.8346872372807557 2.0 0.5160692477718687 
7.136021087772603 2.0 2.164239625024956 
9.842539881269676 2.0 1.1720215080737175 
8.060003787055166 2.447286113850411 2.6634255788904095 
2.0 39.918420264517025 4.711646339770729 
6.709216556034726 2.0113385890815523 1.8535384392120862 
2.0721348493356806 41.03443784422878 6.241419428892874 
2.159301011719847 72.51702609745328 14.05702194583319 
2.844430925599988 2.0 0.6182120369717184 
2.0 2.0 1.3004827916673556 
2.2043912181875527 42.629461703144685 9.708583823641543 
2.0 2.3768679435777944 1.0569657952971543 
2.1240016238155643 17.88109204925399 3.7765284034840407 
8.211042776925968 2.086121840943864 2.006625258895002 
2.0416428532827573 22.965739337381176 5.157472663563832 
3.495557125876792 2.0 0.7030978255114153 
2.676055233562542 2.1168349356688734 1.1025616186647644 
2.0 70.14272757420927 30.5859541291491 
2.0 23.25183416962818 4.221121870967291 
2.0 3.080878638728923 1.8982156509263417 
10.726511558704946 2.0 1.9350714357598449 
3.875989769471329 2.3819869656062123 2.803756260291767 
11.15091172479908 2.0302425725932713 1.5907990943383263 
2.0 2.0 0.4125558079918973 
4.858351060125396 2.0 0.6855736052048746 
2.0 2.252695249241219 1.0703485859439468 
2.0 56.39855037453589 12.327145307695032 
2.1001060064054182 15.035328861665707 3.65372919384999 
2.0893764065530904 21.748042231516305 4.074480903570001 
2.0 56.490792655222435 26.299454577866157 
2.0 2.0 0.9249737859664813 
10.596815049412625 2.0 2.4775820489380584 
2.6184568359348637 74.13873450934223 51.73822400948796 
7.083090211767465 2.033039551412597 0.22469754625558158 
7.861277018060242 2.0485009959113167 1.3773675177904083 
8.264847171949393 2.0 1.6459980386100672 
