2.0 9.355234584729427 185.1316376798423 
2.0 14.720274415387127 73.40815694675707 
2.0 5.755581050751575 116.13481696888942 
2.0 20.95440123159427 113.94022153483887 
2.4612024575483247 2.7244552150973904 22.931152022072624 
2.0 8.010961288172178 256.0 
50.71009613764759 2.0 56.83139830102877 
2.0 30.274444364017164 106.06635447331061 
2.063023703903464 6.223059377653494 8.485380517772814 
2.0 10.027078559352624 8.22217838129911 
2.0 2.3281550234454875 1.1923720858609634 
2.0 5.246677922910414 0.2024351763312605 
2.0187292040680025 4.004304723336103 0.42311112242978577 
2.032273851857525 2.72304993948212 3.9975705727689785 
2.0 2.0 1.3081496235473729 
2.4411343932712573 2.0672116410065127 1.4429305220589035 
2.0 2.0 1.5048130515110802 
2.2754235286948625 3.6318777153962074 0.10784052866870122 
2.35075003094229 5.864056830848452 1.0280551604575976 
2.24733090837733 6.221991670078967 1.3302446237172134 
2.0395446272131337 4.482510504604905 5.249921316635809 
2.018301432996179 2.0 1.2040801067035372 
2.011310367344994 2.5488282720476065 3.188675924404323 
2.0 2.0 0.6389622141752289 
2.2917196159843023 6.196931186093087 7.13321589815331 
2.0 7.620460514436045 0.3486029363228265 
2.1558057948418985 4.092881049968695 1.5575135089406213 
2.0847901204670842 2.7568028055285216 4.567181186854723 
2.005871691582866 5.5661014016760175 5.071697872855816 
2.006881773748696 2.573783863572152 3.2583167980593233 
2.0 23.485808131566817 209.37337148250637 
2.0 7.854014092805677 0.30441572540371653 
2.000729876956906 3.7681117101445283 1.8601656852509318 
2.0 3.647815896959834 2.142977521238321 
2.0 3.952654261087552 2.015298908911982 
2.0377721000727798 4.165837903721228 4.705194084933113 
2.0843403240310017 3.0846236554084276 4.803976038316521 
2.120954147534675 2.0 1.3910259568038106 
2.015331931594271 2.701051650973941 3.619221908157008 
2.3451073765563115 2.0848846076798835 1.3717209130350605 
2.005558780252388 5.5161656643282555 0.8295791444621452 
2.0 5.942806514945401 5.854183400921437 
2.3735949889040175 4.022274715537461 6.3284497170953795 
2.1329079099291253 2.427381230547696 1.340521261874022 
2.037079480414441 3.892938566032148 4.080130655703294 
2.930991756544778 2.226275816663804 0.4969255382867308 
2.315393756165664 2.0 0.11797894581202772 
2.0026545037721304 3.7168849718612385 2.0869052629903733 
2.005361188031131 6.0913164277481044 1.552245579445204 
2.0078922243376387 3.6589071751531073 1.737549791463279 
2.079033600038167 3.460809449015586 2.632306971669418 
2.097706528720289 2.3189722673803033 1.5412571457137991 
2.233072541594473 2.25496989344838 1.08977930269888 
2.0017611536757136 3.5155570756933128 1.7054526922534339 
2.2677542131365374 2.0 1.2464292087887359 
2.081017008003132 3.6808039850932697 1.9255872135878778 
2.0 4.4425706965809315 0.5065972598896112 
2.1315796158880485 5.7020828236041945 1.1893184757089736 
2.1842423407948823 2.307742490384061 1.1320170423260507 
2.032553115099452 3.9590948923263842 0.7330482266883424 
2.0 3.522594389639514 1.662893492136706 
2.0971530578161826 3.964459757248225 0.9545930402716643 
2.9810365891034594 2.0 1.151204198084272 
2.0070435335301706 3.589623622785892 0.7577564145226492 
2.0 2.0 0.666902747097798 
2.8929456824383033 2.2591983292888695 1.1563471421250044 
2.036112805293925 12.77852444367483 8.985617167439926 
2.0634254890305717 4.405383022896859 1.7927571433243548 
2.0 8.93534241981817 0.7868765469677124 
2.0 3.5097436195294405 2.0658892293358626 
2.1950628727635126 4.2447339237837705 0.4497723166482246 
2.1179351558975847 3.663351277296698 0.9440736051191116 
2.092333020911223 3.7688678322530444 1.7882874467072387 
2.0574221712801553 2.7238717236153116 2.9561903416431345 
2.0067476672911284 3.6565499797431924 1.4871000206433391 
2.2602533842998467 4.100383864064099 0.9235376479600964 
2.1992695628017356 2.0 0.34044814613048197 
2.2496358621000554 8.813637760165111 0.9680245060506067 
2.0 11.26147644617619 11.957666751457154 
2.0983949762514604 4.1645221928881915 0.5473587545192462 
2.015808580530286 3.779147203658206 0.38412933889842016 
2.020239781857752 2.0 1.0469083383027729 
2.00142953548303 4.731504895631575 0.6478956225276953 
2.0021111279284862 10.259584912362882 0.3657141307944667 
2.071905816224189 4.2347359705870184 1.1791597260064215 
2.004816008560876 8.714525021745258 0.7477792526340772 
2.0567717444233313 2.0 0.7448215741122616 
2.0953112692705105 14.59272273551009 10.407385861438899 
2.430721148513376 3.9477131953233604 3.755616295505419 
2.204868628202214 2.0 0.20598947160836367 
2.0034379761834336 8.519792580808607 0.2338422693945456 
2.0 7.5965634064916845 0.1867492421738861 
2.000403252223343 3.6763638832438534 2.2222653338048546 
2.337163325590567 12.50525923059461 14.611292895282133 
2.0701208411063425 2.0 0.6970572558529526 
2.0 3.790811102463631 2.363019700771718 
2.1043383600833008 3.5380987664610632 1.514969631702162 
2.0 6.008151578208716 1.5403829017737647 
2.1407208600370367 2.0 0.8934758479108456 
2.0201245215969297 3.9692273310859996 0.7276784812712909 
