0.007481100000 0.173516000000 0.180084000000 0.197504000000 
0.007298950000 0.179013000000 0.185554000000 0.203165000000 
0.010940100000 0.147479000000 0.153418000000 0.170702000000 
0.010980100000 0.135198000000 0.141025000000 0.157832000000 
0.010165200000 0.153310000000 0.158709000000 0.176018000000 
0.007669930000 0.165649000000 0.172203000000 0.189741000000 
0.014720900000 0.118567000000 0.118954000000 0.134794000000 
0.009511950000 0.155602000000 0.161835000000 0.178912000000 
0.008844380000 0.159250000000 0.166172000000 0.183891000000 
0.007628920000 0.171558000000 0.178314000000 0.196150000000 
0.007178310000 0.208367000000 0.213476000000 0.232184000000 
0.045289000000 0.052207800000 0.052444300000 0.064689800000 
0.099429100000 0.011046400000 0.011335200000 0.014470600000 
0.079680900000 0.019152100000 0.019657500000 0.024853500000 
0.159895000000 0.000824179000 0.000793916000 0.000939155000 
0.027685600000 0.089204700000 0.088600400000 0.105296000000 
0.032070200000 0.077111400000 0.076754300000 0.092649900000 
0.017909000000 0.105877000000 0.105604000000 0.121475000000 
0.151382000000 0.001771120000 0.001792220000 0.002253630000 
0.148737000000 0.002598310000 0.002583020000 0.003015210000 
0.062956300000 0.031650400000 0.032404800000 0.040444300000 
0.037620100000 0.068238600000 0.068846400000 0.082477700000 
0.169556000000 0.000406603000 0.000379180000 0.000436460000 
0.067354200000 0.029042000000 0.029603700000 0.037475900000 
0.143323000000 0.002319870000 0.002446570000 0.003210350000 
0.022674600000 0.098613800000 0.098674200000 0.114849000000 
0.175378000000 0.000218389000 0.000183146000 0.000206713000 
0.038346300000 0.068658000000 0.068471400000 0.083225900000 
0.024674900000 0.093257900000 0.092949800000 0.109466000000 
0.116682000000 0.006720150000 0.006901800000 0.008822730000 
0.184292000000 0.000171209000 0.000174928000 0.000261466000 
0.017794600000 0.107599000000 0.107273000000 0.122981000000 
0.036199600000 0.071794300000 0.071470200000 0.086556900000 
0.024032100000 0.094963100000 0.094695800000 0.110998000000 
0.041508200000 0.057620300000 0.057681200000 0.070720300000 
0.017320600000 0.112141000000 0.111995000000 0.127667000000 
0.056751300000 0.036425400000 0.037043600000 0.046606000000 
0.016236800000 0.114076000000 0.114023000000 0.129723000000 
0.010819000000 0.151599000000 0.156207000000 0.173581000000 
0.049158100000 0.046766900000 0.047163900000 0.058578600000 
0.111520000000 0.007606090000 0.007988610000 0.010570900000 
0.112562000000 0.007434880000 0.007809670000 0.009818680000 
0.117790000000 0.006126010000 0.006484640000 0.008656740000 
0.072395800000 0.025577900000 0.026132700000 0.033249600000 
0.139003000000 0.003674760000 0.003704010000 0.004399370000 
0.130142000000 0.004090090000 0.004224930000 0.005192810000 
0.084230900000 0.018321500000 0.018882900000 0.024384600000 
0.007782940000 0.165332000000 0.171873000000 0.189335000000 
0.080938300000 0.018436700000 0.018928900000 0.023946000000 
0.069083700000 0.028332400000 0.028878700000 0.036586600000 
0.153826000000 0.001534190000 0.001508940000 0.001752100000 
0.055814300000 0.038119900000 0.038690200000 0.048566300000 
0.062502900000 0.033167300000 0.033786800000 0.042618700000 
0.076230500000 0.023091600000 0.023602900000 0.030094300000 
0.053864000000 0.040806600000 0.041315600000 0.051684100000 
0.019262800000 0.105651000000 0.106857000000 0.123120000000 
0.096465100000 0.011936200000 0.012237800000 0.015573700000 
0.079295600000 0.019788000000 0.020367300000 0.026238000000 
0.165793000000 0.000601463000 0.000593871000 0.000742637000 
0.102335000000 0.009862600000 0.010114700000 0.012899700000 
0.032634700000 0.076279000000 0.075987100000 0.091855100000 
0.078226100000 0.020398200000 0.020998100000 0.027019600000 
0.071765900000 0.025918700000 0.026452800000 0.033632600000 
0.015626000000 0.114609000000 0.114574000000 0.130209000000 
0.023123700000 0.098456200000 0.098511400000 0.114709000000 
0.033298000000 0.074501600000 0.074261400000 0.089858400000 
0.026675700000 0.089293700000 0.088772400000 0.105535000000 
0.120666000000 0.005722860000 0.006036510000 0.008030320000 
0.038404500000 0.061087000000 0.062985400000 0.075603900000 
0.023375000000 0.095714900000 0.095480100000 0.111746000000 
0.044717800000 0.054096200000 0.054257000000 0.066760100000 
0.065293300000 0.029603100000 0.030329300000 0.037919300000 
0.034229800000 0.074121600000 0.074565500000 0.088911700000 
0.019319500000 0.104702000000 0.105806000000 0.122040000000 
0.010645400000 0.152425000000 0.157247000000 0.174669000000 
0.067170100000 0.029584300000 0.030160900000 0.038196500000 
0.020515400000 0.100685000000 0.100521000000 0.116860000000 
0.026194100000 0.092206400000 0.093819900000 0.109387000000 
0.020278500000 0.101385000000 0.101150000000 0.117311000000 
0.157863000000 0.001359740000 0.001429060000 0.001842220000 
0.084318200000 0.018075400000 0.018569200000 0.023881900000 
0.013898800000 0.124108000000 0.125508000000 0.141776000000 
0.092025800000 0.013730700000 0.014045900000 0.017777300000 
0.076785100000 0.021051900000 0.021607800000 0.027254500000 
0.033824000000 0.073224600000 0.074751400000 0.088316300000 
0.106691000000 0.009061340000 0.009493680000 0.012546300000 
0.092570800000 0.013251000000 0.013559100000 0.017172100000 
0.042839500000 0.057030000000 0.057109300000 0.070038700000 
0.021982200000 0.098590000000 0.098476800000 0.115085000000 
0.009003160000 0.157847000000 0.164427000000 0.182047000000 
0.074385200000 0.024010400000 0.024559900000 0.031326100000 
0.108179000000 0.008410800000 0.008648080000 0.011092500000 
0.087335600000 0.016068100000 0.016607700000 0.021538300000 
0.039035300000 0.062402700000 0.062395300000 0.076304900000 
0.013793500000 0.136228000000 0.139376000000 0.156886000000 
0.010145700000 0.154290000000 0.160298000000 0.177169000000 
0.105478000000 0.009181180000 0.009410960000 0.012016100000 
0.028595900000 0.077374000000 0.078156300000 0.092962400000 
0.008536340000 0.163383000000 0.169318000000 0.186631000000 
0.059667100000 0.035465400000 0.036080100000 0.045413500000 
