2.0 22.8024272081321 189.103117301415 
2.0 31.143273546206167 128.0 
2.0 8.039330835750008 110.1204973793072 
2.071439440523698 6.287829035472171 116.50369067532223 
2.188973936592697 8.606925303279304 124.49390276436029 
2.0 14.754171863376431 154.45985145818153 
2.0 3.4433033706656317 177.65247519030783 
2.2523225619026324 11.416195719954207 131.4066624164963 
2.000065576090969 12.785555444906656 201.15952808274596 
2.0 20.521332773533885 256.0 
47.776974240259385 2.0 0.0 
2.149749019570004 2.020788396935117 1.4479896675632937 
2.8730538574051203 2.0362684485232334 0.7126759934596107 
2.5540091616469365 2.0230146772620787 0.8935833438301528 
3.031417941190021 2.026552068093028 0.25913503675446015 
2.0 2.0756820027060474 2.4303733186342633 
2.0 2.055372013968429 1.9233093346860528 
2.0 2.6251506014135613 3.5090249783688563 
2.879210395405691 2.0646202978588986 0.35377434926543927 
2.0467197677179643 35.36124832123486 0.2800512076664785 
2.772795814457017 2.00488457573958 1.1183248349211927 
2.0 2.7042023210141757 1.6773676682570056 
2.0 2.0300562028742277 0.19914488335948022 
2.1164491843388085 2.0241675291144436 1.091845292020401 
2.0 2.0773787372538854 0.4286022473199328 
2.0 2.0 3.733794087223515 
2.0 2.0 0.15955128364876647 
2.0 2.1144663816779534 1.7349200559678566 
2.008155617719839 2.019045756032589 2.9512913878493627 
2.6346765247785324 2.0 0.5847102333486607 
2.0 2.0 0.055662888951611894 
2.1697361237555493 2.6301669431832564 3.792762229531825 
2.0 2.0 1.798069712811344 
2.01738699642218 2.1234958143195115 3.193563156724995 
2.0 2.0 1.5364732065622368 
2.174689848763866 2.8451871035308938 4.59740341746207 
2.1278125995986783 2.0268665413636064 1.2070022337264688 
2.2150081719040267 3.019729962022744 5.003063547203727 
2.1826368820569466 9.940654650253986 8.068366280482964 
2.0654185868274415 2.0656902165467534 1.3666293844180766 
2.044091811114102 2.0615253113596723 0.6520198241778157 
2.247641476092182 5.5107320182116 0.5637002765578701 
2.0 2.0 0.6071617467857188 
2.018092194506879 2.106252298105923 1.031540331276723 
3.144637706070706 6.155811046250669 0.4003555403565596 
2.269413506075414 6.074269541431955 0.4474604433998558 
2.0217572636048566 2.0713802850775367 0.9042963690009748 
2.0 14.999737792720222 14.55289286208856 
2.726749659812882 2.0 0.8795866410735979 
2.0 2.0 1.081313779238736 
2.6255964534941585 8.927981244548858 0.27591697628731826 
2.0622778109835496 2.2073124009224694 1.2339472493269712 
2.0358283796427488 2.0094983940017035 1.1552161019749922 
2.0239329899653424 2.0785183135852905 0.9947260059010723 
2.040681727353831 2.3805767874754755 1.273965206683884 
2.0 2.0000110638351765 5.2621161151200955 
3.378468494008212 2.156395034641326 0.7310387348165185 
2.3027039920380767 2.008914987170413 0.931553739491215 
2.1589114561424925 2.005019096194104 0.25421581797325893 
2.5840444423894606 2.1202054792172236 0.6817750600045325 
2.176791920366006 2.0 1.9058775521763336 
2.0 2.1176247034840237 0.9384665633216974 
2.2648127696300158 2.07283696049332 1.03901795949455 
2.1067349123907557 2.5101292363554273 5.135709613320932 
2.0 2.0230951936582815 3.674034524759968 
2.107196060967206 2.1863914949301204 1.8554683733666986 
2.306133167782339 2.2644778185514363 2.4356716497986994 
2.3595876870209738 2.0 0.5892372433974762 
2.074910029952596 6.106085057386603 1.4737891458124555 
2.0 2.1692269483661595 3.2699929455386787 
2.1234675276912047 2.4169591122828007 1.4834844166796708 
2.819004339662744 2.136575708930191 1.0918892650741685 
2.2060945025432015 2.7488889029078822 1.7763521420702766 
2.0 2.275480039409988 4.930228402593574 
2.0 9.706202827630062 8.986216268771813 
2.441872353974709 2.015976682827241 1.1004798280533608 
2.004149352844375 2.5318025294932798 2.8206580911595176 
2.0 8.520414943240933 1.9625299914466736 
2.228268949221993 2.5314406441191166 2.928661215100503 
2.0 3.428620188730033 0.3355428738972024 
2.0448186176860617 2.234387375011825 0.897373188209178 
2.0 4.117928271086219 5.20470208065291 
3.480249508693993 2.118306945728929 0.7817592699940459 
2.659540900237613 2.0156894132138343 0.936515904746944 
2.0 8.83653628192067 1.6242941479474382 
2.078041248904163 2.027264825250812 0.6946182946459416 
2.5646853939980923 2.117875398205985 0.7673169150136594 
2.0 2.191040128697556 1.527801486849011 
2.048218882316672 2.9147985533198364 2.6105297369125426 
2.0 13.164767367534996 11.16638431517713 
2.4586397437137424 2.012943648221972 1.0102130039741204 
2.6701652551506116 2.1537265514272117 0.6435866124563885 
2.0002106662722894 2.039583624489969 0.8561484685943248 
2.097059807732242 2.240020059977542 1.620614131318035 
2.0 5.417923154669825 8.12352928397272 
2.322134516157768 10.629684955655687 9.753689357254 
2.6506850172530942 2.151227802267595 0.6652023362267012 
2.0 3.784511353529572 1.8124168461823782 
2.0 14.743207061761986 9.551935828591647 
2.2019216251004057 2.0928741516333256 1.1901643767791839 
