2.0 90.02108556057476 200.7299241425549 
2.0 30.026102245359056 223.43925113800924 
2.0 45.92696618895764 220.54923375230237 
2.0 65.48662728664343 189.31755907158694 
2.6521495279784126 43.22563843674227 209.93911669489563 
3.07043376018213 39.5091653414749 253.6667953310556 
2.0 56.96780864618791 199.23417436195535 
3.46453313916479 79.51642723917541 189.50336290005328 
3.4896530475342553 37.52096387485206 208.6754375649347 
2.0 32.31798753580545 227.4944198246438 
3.4459625354570704 31.850523581790945 155.191272521098 
2.0 35.6551071192757 158.01883854284378 
2.1460193617297914 55.19022115835337 202.23067601122872 
53.53897529383926 3.300389850263299 3.6498407694943467 
2.0 34.39538649374434 232.24501246539754 
2.0 34.8410892315288 256.0 
2.0 31.872629920876765 101.83643352441459 
2.6385577788940218 30.724162499331193 205.19420058598536 
2.0 42.89614902891968 142.3234150999242 
2.0 93.32561539087182 19.11364964731206 
2.0 40.73059443558272 85.56861733518107 
3.2101879637463058 64.40676528250694 195.9794447855986 
119.36420287584343 2.0 2.0508807017013164 
2.0 60.6696793623811 36.57163473935576 
2.723156852616696 74.36253190516832 128.0 
68.2226327442999 3.336528266605117 3.4038441724606665 
2.0 80.44448294648822 26.20195163606101 
2.0 79.72392767465819 15.919125206560437 
2.0 94.58724916027325 43.467055498853306 
75.09168526016586 2.043925001868646 1.4638820524516918 
2.0 60.79094380265366 32.35452426073 
60.41977974351052 2.7189341917286005 4.187808605176307 
61.859747926475066 2.0 4.4387438734000115 
3.1952694593348525 34.104616519088665 0.0 
83.90509129065363 3.1153346724532254 3.898785372355519 
80.21716191670042 2.029346809629716 1.1279191180427086 
44.94628401123936 2.5122169451646665 1.5680320324556574 
38.91694734766455 2.0 5.15797986797415 
17.788044255215958 2.0 6.414432183547398 
88.18831563711348 2.44561104240836 4.209878135846426 
129.0 2.0 1.1542325664608857 
39.76344193910538 2.0 1.0441462210962724 
48.564323418844054 2.841392149858368 1.6037415756691837 
9.981186574983688 2.6139238779689657 1.3753794733990932 
27.69079699070666 2.0 2.148741588464604 
39.77882266904164 2.0 2.734205728603704 
38.264613398384135 2.353663497928724 1.4025120632557166 
72.46935536326583 2.4054745444814545 1.95677522050481 
37.394193826483566 2.0 2.7368480067354435 
2.0 23.94045639509104 25.34150149853471 
47.89470441635413 2.011895525796259 2.4145155750075293 
2.0 93.49232099983449 15.738304543043888 
42.96442348017629 2.748222519505349 3.5562915133723703 
24.712737671386748 2.0 2.2769855222650124 
46.54762589513126 2.0 2.8032564127404016 
17.479718082489335 2.0 6.410466466578085 
36.719153260858015 2.0445425172183476 3.227550646797829 
2.0 29.874623918304025 103.99824358868142 
2.0 39.641604222309255 97.07678700003689 
6.989198051093378 2.0 7.317355642531086 
38.0365696362609 2.0 2.4014578722464264 
61.14991155736257 2.0 1.2585538832637724 
31.339357877079024 2.0 0.7924551811481049 
37.84757872894218 2.0 2.20261170219622 
10.023577503761388 2.297008073700031 2.3642149522535596 
114.21525591187242 2.4058270707969953 0.7670964554284911 
90.99268272939203 2.12641354630771 0.6139056728532355 
2.0 2.0 0.09894171338245117 
70.160578984615 2.0 0.9108954023547255 
63.18731692921333 2.419436993456369 0.15584581373438233 
2.0 88.37843716830483 15.019805633228776 
45.70329132812402 2.0 0.5965512285410166 
13.078428851050859 2.0783366075638763 2.98733242333659 
36.88465593023665 2.4829985417197666 1.924191128488392 
22.280306230793947 2.038237448062431 5.324890930269731 
39.786475738266816 2.0 0.7329705856509365 
20.16091189739248 2.0351983642595246 2.89055897882846 
2.0 2.088698901424408 0.3601618352920468 
61.206322628533236 3.1808178744659754 3.325028482431195 
19.11227818754824 2.0402228716120323 5.9315033423616415 
39.877910750304146 2.3788339880928806 2.9123579500398433 
11.260712024367034 2.1573943690743187 3.316130219024063 
4.3109359133295415 2.0013267881899233 0.4067291100081394 
11.499214132135831 2.30715003228635 0.842675509749211 
9.712487248699155 2.0 7.289889297531153 
11.583343217458227 2.0 0.8729394849455332 
2.0 2.1261244666135957 0.604387322575316 
98.85498138998902 2.3629064637491144 2.0047314001485947 
6.900961625855835 2.1101561688001547 2.595958938381398 
47.07026858436506 2.1858898139216185 1.7352437282011781 
41.461284562648444 2.0021605256345345 0.12255162515602058 
53.306097214610205 2.940620186025849 3.5321748380574665 
11.836377665037588 2.0 7.38166646369836 
42.23167063875504 2.0 4.858220534603845 
21.06728413824862 2.245839799622905 2.772861770081112 
15.502605420184883 2.0529264697907124 4.663840604525797 
2.0 2.0 1.3913286041256185 
