0.030094600000 0.272970000000 0.227227000000 0.229872000000 
0.009773730000 0.375747000000 0.331887000000 0.335152000000 
0.007833960000 0.393802000000 0.351205000000 0.352868000000 
0.259935000000 0.048367200000 0.029186700000 0.030642600000 
0.015549700000 0.348330000000 0.303550000000 0.306744000000 
0.008365150000 0.390021000000 0.348171000000 0.350142000000 
0.164947000000 0.101913000000 0.069465100000 0.071443500000 
0.072283300000 0.189964000000 0.146566000000 0.149281000000 
0.057472700000 0.216909000000 0.172000000000 0.175003000000 
0.416244000000 0.000535514000 0.000424933000 0.000474675000 
0.047633200000 0.231003000000 0.185599000000 0.188679000000 
0.352252000000 0.015220100000 0.007722710000 0.008436880000 
0.062771300000 0.205036000000 0.160697000000 0.163583000000 
0.026004800000 0.284798000000 0.239061000000 0.241628000000 
0.121480000000 0.136731000000 0.098641800000 0.100983000000 
0.023794200000 0.300984000000 0.255766000000 0.258257000000 
0.009332180000 0.382905000000 0.340863000000 0.342928000000 
0.276363000000 0.041299000000 0.024230700000 0.025615600000 
0.024968100000 0.289510000000 0.243774000000 0.246346000000 
0.158310000000 0.107040000000 0.073645900000 0.075665000000 
0.053499200000 0.220744000000 0.175686000000 0.178719000000 
0.183328000000 0.089691000000 0.059648700000 0.061492200000 
0.269246000000 0.045322900000 0.026698600000 0.028028800000 
0.325568000000 0.024203800000 0.012817500000 0.013987100000 
0.220024000000 0.068125300000 0.043457900000 0.045211200000 
0.283754000000 0.039740400000 0.022816700000 0.024094600000 
0.215411000000 0.071570500000 0.045693600000 0.047367000000 
0.040834900000 0.243523000000 0.197859000000 0.200953000000 
0.382395000000 0.006458440000 0.003173840000 0.003561820000 
0.088159100000 0.171631000000 0.129775000000 0.132547000000 
0.049871400000 0.226639000000 0.181357000000 0.184471000000 
0.015987900000 0.345321000000 0.300413000000 0.303603000000 
0.392124000000 0.004211200000 0.002060950000 0.002333430000 
0.124719000000 0.134304000000 0.096691100000 0.099086700000 
0.016024100000 0.338756000000 0.292729000000 0.295252000000 
0.043269600000 0.238651000000 0.193324000000 0.196086000000 
0.306838000000 0.031096600000 0.017250500000 0.018359400000 
0.360726000000 0.012394500000 0.006164770000 0.006777910000 
0.170941000000 0.098277200000 0.066583000000 0.068509200000 
0.204742000000 0.075882300000 0.048956000000 0.050672000000 
0.111809000000 0.143756000000 0.104783000000 0.107150000000 
0.234786000000 0.059636600000 0.036849600000 0.038363900000 
0.289122000000 0.036837400000 0.020885400000 0.022138000000 
0.108687000000 0.147862000000 0.108342000000 0.110752000000 
0.008834360000 0.386036000000 0.344133000000 0.346143000000 
0.177976000000 0.093095000000 0.062500600000 0.064357400000 
0.051526100000 0.223959000000 0.178824000000 0.181906000000 
0.207787000000 0.073633200000 0.047303100000 0.048966900000 
0.069370300000 0.194147000000 0.150427000000 0.153241000000 
0.131897000000 0.129129000000 0.092227700000 0.094574200000 
0.034748100000 0.258765000000 0.213158000000 0.215810000000 
0.013507400000 0.363173000000 0.319103000000 0.321576000000 
0.199664000000 0.079035300000 0.051402100000 0.053141200000 
0.144835000000 0.117224000000 0.082079100000 0.084220100000 
0.082700300000 0.173612000000 0.131488000000 0.134086000000 
0.104531000000 0.151908000000 0.112008000000 0.114457000000 
0.143635000000 0.120572000000 0.085445800000 0.087541400000 
0.372052000000 0.009228220000 0.004603890000 0.005117430000 
0.193225000000 0.081942000000 0.053724800000 0.055454200000 
0.068164300000 0.199566000000 0.155970000000 0.158615000000 
0.335848000000 0.019952900000 0.010391600000 0.011275500000 
0.024111300000 0.294741000000 0.249005000000 0.251572000000 
0.241150000000 0.056802600000 0.034783100000 0.036279100000 
0.037920000000 0.247692000000 0.202200000000 0.204915000000 
0.037165200000 0.253324000000 0.207756000000 0.210450000000 
0.032908400000 0.263266000000 0.217581000000 0.220250000000 
0.150322000000 0.111755000000 0.077500000000 0.079581700000 
0.030703500000 0.266927000000 0.221236000000 0.223857000000 
0.017359700000 0.328998000000 0.283055000000 0.285593000000 
0.016824200000 0.333083000000 0.287100000000 0.289635000000 
0.315464000000 0.028476100000 0.015437000000 0.016722800000 
0.015125800000 0.351110000000 0.307906000000 0.311387000000 
0.029698800000 0.274327000000 0.228567000000 0.231190000000 
0.075464200000 0.184989000000 0.141954000000 0.144664000000 
0.018685800000 0.318350000000 0.272543000000 0.275072000000 
0.019593200000 0.309112000000 0.263361000000 0.265912000000 
0.190531000000 0.086174000000 0.057002200000 0.058918900000 
0.116465000000 0.139697000000 0.101267000000 0.103590000000 
0.128255000000 0.130939000000 0.093812100000 0.096183300000 
0.080374700000 0.177021000000 0.134605000000 0.137256000000 
0.135288000000 0.123853000000 0.087701900000 0.089903100000 
0.021112900000 0.306712000000 0.260966000000 0.263520000000 
0.095350300000 0.160143000000 0.119336000000 0.121835000000 
0.097328700000 0.156111000000 0.115700000000 0.118161000000 
0.014161100000 0.357215000000 0.312810000000 0.315916000000 
0.250233000000 0.052974500000 0.032397000000 0.033944500000 
0.225961000000 0.064838400000 0.040644800000 0.042237200000 
0.061029000000 0.208622000000 0.164106000000 0.167043000000 
0.046968000000 0.234766000000 0.189575000000 0.192318000000 
0.344152000000 0.017765900000 0.009137490000 0.009942590000 
0.017476100000 0.323510000000 0.277633000000 0.280168000000 
0.091620900000 0.163329000000 0.122119000000 0.124668000000 
0.403605000000 0.002596850000 0.001245660000 0.001431640000 
0.012688600000 0.367506000000 0.323426000000 0.326289000000 
0.089664900000 0.165684000000 0.124332000000 0.126887000000 
0.076951000000 0.180663000000 0.137968000000 0.140605000000 
0.011642900000 0.370930000000 0.328051000000 0.330278000000 
0.296405000000 0.033433400000 0.019053900000 0.020249100000 
0.011382600000 0.376658000000 0.332470000000 0.334799000000 
0.027914000000 0.282898000000 0.237132000000 0.239720000000 
