6.201842619805088 2.0494900644116827 3.454601699759716 
2.6676260335317195 6.265974754912787 11.536234929131616 
3.9579480215710907 9.599575790302387 24.173703651059007 
2.557528368648982 2.0 0.8694695859195916 
4.846026043637718 4.721103730611218 5.857189074379971 
3.549507397902771 7.669098750163083 18.011864078757245 
4.5148639515180875 2.2530168002896085 1.25575114009788 
4.644036711470345 2.2795213995622183 2.0404239717110704 
4.524450980928484 2.0 2.4063603182814375 
2.0 3.3815105775652325 0.04567980933769911 
5.382535439207416 2.360375955744748 2.6211007527618495 
8.338168380221699 2.0 0.5172986531198267 
4.99567354690107 2.0352466207555433 2.231722517340307 
5.794776785908737 2.0105978165591005 3.850407657440177 
5.203985171023852 2.269435076258501 1.5273653282221644 
9.80131378856709 2.1298247573951703 4.467489561183721 
3.859408363477708 7.830257725437349 8.014876639604756 
2.7540171360380263 2.1098156009709497 0.8138722835254655 
5.79440162910342 2.0 4.023865345171334 
5.015151142865945 2.0 1.298750557158365 
4.790740156461638 2.102247221245907 2.4474524355545215 
4.935766452075669 2.0601582292951113 1.1676202737331292 
5.070034799515307 2.0 0.8294991147769668 
2.0 2.3876608112969384 0.6460006540812797 
3.189882430148303 2.229445194086795 1.0210042643472168 
5.352573310578805 2.054569248070814 0.7835689934824723 
5.136581583219736 2.0 1.0414818069050478 
5.151379203150736 2.0 2.8524877815973824 
2.750018736224154 2.2730343783594105 0.3796315060712816 
2.628600795649877 2.4296151828179853 1.8440307596868322 
4.74648397747762 2.2346635300196973 2.558336841782298 
5.387223710581094 4.500923792878894 5.634165881055475 
2.6242329153341464 2.1877836482706665 0.3165453507216285 
4.28874729145259 2.1623942347914276 1.5162165952810018 
6.071283872182878 2.10917658076807 10.417158724405823 
6.205399900194328 2.4768192323673994 2.7138427753240655 
4.716325673803366 2.2574459751753615 0.6974768795289155 
7.534061804309642 2.011668990229473 0.4630545331566372 
5.0727756056786895 2.016109413396957 1.2268389270338773 
4.874993852120971 2.2473460258208218 1.0584462195837665 
5.3123995528834556 2.2313450739237157 1.5922768259493285 
4.908628100054188 2.283789042710025 0.9410304160685317 
5.131097158095111 2.0 0.7550733872402269 
4.981498688071343 2.0099326227452856 1.6224936783402764 
4.062469135208105 8.131737101345404 9.072982398043475 
5.187956273828564 2.0347416516542634 1.1900387774496877 
5.2044916966512815 2.1008677437301353 2.5187248637873365 
4.660525754734411 2.1818528525643544 1.0482332004301271 
4.998801563612841 2.480731220700774 2.096312325916255 
4.440112026237412 2.0917447318976987 1.476749830461447 
5.936241967595547 2.438890315328901 3.111899448646437 
4.062168784390372 4.781899314718505 7.490643892546136 
5.053087810171092 2.0130797177577624 1.088274047350406 
5.455409357942439 2.0 1.3721039231108705 
4.931366248752854 2.0 1.859681753973402 
5.023733488585864 2.446189935926643 1.659590268329612 
5.771171099792487 2.1033843072718907 1.4052321288651204 
2.575276855744149 2.01603825684664 0.43601471936789105 
4.6446120589393 2.0170555990051966 1.1157870571156328 
5.55358005257552 2.0416748917685674 2.168266396101054 
4.687023622573 2.0 0.5776452915064749 
6.303632796070471 2.366543201399573 4.226877233839246 
4.59402844615978 2.0 0.9160978364985999 
6.045160869119713 2.0 2.8754298086901686 
5.7834816212095355 2.0154551848813576 2.9832364980123347 
6.47310473873433 2.3839920915367068 3.196511261729656 
4.6998786274925255 2.0 1.3273639432974704 
6.405199916328403 2.2018441452293516 3.2889056184736436 
6.106054707816768 2.0129805838240347 7.241052266291842 
5.832457464193997 2.333358923455963 8.12431758995568 
2.0 2.195608081478937 0.6929214446494436 
2.0 7.509280197520261 6.0741555100237274 
6.431152661296614 2.114063990343414 3.498723272309558 
4.621984776476818 2.2659454761155664 1.9841377427046474 
6.352910182512089 2.001759715443787 5.729705255783026 
5.574625890898687 2.224257454370774 5.019324708906361 
3.860130874289699 2.148612181799926 1.1539177827716394 
4.503183074043284 2.1934697187040415 1.5514249569406768 
4.232396990964766 2.3340070430676043 1.4957669595443503 
5.230871445290422 2.069640080780196 1.8935364671039387 
4.944937680043385 2.054456134132544 1.4264335791211924 
5.9379014814632125 2.0 4.861933044036217 
5.208534519979172 2.142708287443315 1.728703548689575 
4.514699594673886 2.191877167092953 1.6877466182184757 
4.867436974809014 5.164869055082967 6.637505558368138 
2.840854884612676 2.1193276709611077 0.902401042048252 
4.995466388949122 2.095668159929632 0.9887283141043829 
5.252879001909674 2.0 2.292240585021736 
5.978414215758837 2.0 2.651053751651319 
5.012921970566624 2.0250438106598208 0.5523745307143884 
6.353087284732351 2.216602221013027 6.360838647692566 
4.700523808946659 2.3106087802990647 1.7617254116705217 
4.403696365704013 2.118817973169624 0.2451000013197078 
3.218611007399316 7.245110303982659 6.325933228089122 
4.711978997569003 2.300768147601175 1.7841542131329358 
4.7180170467646265 2.1717244310081645 1.93722141784228 
3.789935460380482 5.930459813948673 7.141086727852305 
2.780025362456711 2.021745522843643 0.7431594163575733 
6.481691192160662 5.425505702081416 9.825291071562157 
6.2156978368489595 2.1124657007641967 3.7708011196175466 
