0.008891580000 0.453309000000 0.434348000000 0.436329000000 
0.041555400000 0.308622000000 0.287699000000 0.284471000000 
0.008605960000 0.474575000000 0.454902000000 0.454365000000 
0.008580680000 0.482081000000 0.462487000000 0.461376000000 
0.426713000000 0.024522400000 0.019318500000 0.020975500000 
0.346967000000 0.050512100000 0.041410600000 0.043254500000 
0.319268000000 0.069933600000 0.058428400000 0.060619500000 
0.444905000000 0.020684000000 0.015819300000 0.016646900000 
0.492324000000 0.003301960000 0.002381470000 0.002638640000 
0.037384500000 0.318815000000 0.298190000000 0.294836000000 
0.010887600000 0.441997000000 0.423018000000 0.424817000000 
0.374157000000 0.044445900000 0.035821400000 0.037325200000 
0.399178000000 0.039577500000 0.031681800000 0.032518800000 
0.329705000000 0.064756200000 0.053971800000 0.056158100000 
0.252662000000 0.111361000000 0.095753300000 0.097080700000 
0.049601100000 0.294746000000 0.272484000000 0.268230000000 
0.230272000000 0.121579000000 0.105500000000 0.107047000000 
0.232873000000 0.116721000000 0.100919000000 0.102510000000 
0.391587000000 0.040995400000 0.032859100000 0.033645900000 
0.043268200000 0.304265000000 0.283107000000 0.279254000000 
0.029431800000 0.352315000000 0.334039000000 0.329899000000 
0.276647000000 0.090454400000 0.075993300000 0.076127000000 
0.016304000000 0.416099000000 0.397004000000 0.396672000000 
0.383050000000 0.042771900000 0.034794900000 0.037087100000 
0.436413000000 0.021236600000 0.016545800000 0.018026200000 
0.365891000000 0.047905900000 0.039090000000 0.041041700000 
0.013346200000 0.427164000000 0.407949000000 0.407877000000 
0.502454000000 0.002692240000 0.001899880000 0.002175940000 
0.021014700000 0.408373000000 0.389262000000 0.387772000000 
0.035496700000 0.322350000000 0.302232000000 0.298599000000 
0.134011000000 0.189299000000 0.169035000000 0.167815000000 
0.400965000000 0.029964100000 0.023977500000 0.024051700000 
0.282455000000 0.086902800000 0.072019500000 0.072593800000 
0.088462400000 0.231042000000 0.208740000000 0.206694000000 
0.024012100000 0.366224000000 0.348044000000 0.343715000000 
0.474936000000 0.010479400000 0.007702120000 0.008091310000 
0.105320000000 0.213457000000 0.192268000000 0.191824000000 
0.030561000000 0.346636000000 0.326026000000 0.321448000000 
0.184795000000 0.143928000000 0.125015000000 0.123656000000 
0.058220400000 0.272401000000 0.250273000000 0.247799000000 
0.021337000000 0.404468000000 0.385483000000 0.384903000000 
0.023907200000 0.367289000000 0.347283000000 0.342722000000 
0.298900000000 0.079728300000 0.067365300000 0.069550400000 
0.353061000000 0.049369900000 0.040802100000 0.042831700000 
0.012835000000 0.431576000000 0.412379000000 0.412198000000 
0.195033000000 0.133643000000 0.116004000000 0.117215000000 
0.510142000000 0.000546665000 0.000345276000 0.000388180000 
0.023345000000 0.400143000000 0.381102000000 0.381373000000 
0.200148000000 0.134799000000 0.115696000000 0.115059000000 
0.016043700000 0.419661000000 0.400501000000 0.400445000000 
0.039662800000 0.313386000000 0.292572000000 0.289296000000 
0.054929300000 0.280439000000 0.259921000000 0.257551000000 
0.210351000000 0.131553000000 0.114034000000 0.113037000000 
0.481647000000 0.005852680000 0.004302490000 0.004699760000 
0.053570300000 0.288337000000 0.266009000000 0.261819000000 
0.243844000000 0.113092000000 0.097709300000 0.099590800000 
0.116068000000 0.202764000000 0.180740000000 0.179073000000 
0.014966000000 0.422386000000 0.403385000000 0.404060000000 
0.077063100000 0.249478000000 0.228678000000 0.227313000000 
0.046435400000 0.296541000000 0.274180000000 0.270891000000 
0.012123600000 0.435229000000 0.416055000000 0.416676000000 
0.223796000000 0.123221000000 0.106169000000 0.105317000000 
0.336149000000 0.061707100000 0.050494200000 0.050861700000 
0.010165200000 0.447630000000 0.428469000000 0.429879000000 
0.086095300000 0.241797000000 0.219626000000 0.217222000000 
0.057086900000 0.275493000000 0.254836000000 0.252508000000 
0.033109700000 0.327339000000 0.306874000000 0.302666000000 
0.461344000000 0.012003300000 0.008773350000 0.009405190000 
0.031705900000 0.334853000000 0.315281000000 0.311344000000 
0.315008000000 0.073096100000 0.060451900000 0.060856800000 
0.018929500000 0.411343000000 0.392417000000 0.392805000000 
0.189652000000 0.141090000000 0.121553000000 0.120816000000 
0.453485000000 0.015113300000 0.011145100000 0.011576000000 
0.088288300000 0.240457000000 0.219372000000 0.217712000000 
0.068874400000 0.261916000000 0.240962000000 0.238807000000 
0.072846400000 0.256282000000 0.235620000000 0.234172000000 
0.071044000000 0.258004000000 0.236949000000 0.234844000000 
0.400398000000 0.035350300000 0.028388800000 0.030363200000 
0.045820200000 0.298596000000 0.278608000000 0.275971000000 
0.451425000000 0.019032600000 0.014355900000 0.014837400000 
0.144039000000 0.170685000000 0.150985000000 0.150933000000 
0.049894800000 0.288638000000 0.268331000000 0.265802000000 
0.323106000000 0.065903100000 0.054066400000 0.054472600000 
0.108125000000 0.214867000000 0.192363000000 0.189974000000 
0.024559500000 0.355532000000 0.335011000000 0.330616000000 
0.416635000000 0.027226000000 0.021565300000 0.023075700000 
0.009372710000 0.454079000000 0.434825000000 0.435175000000 
0.257472000000 0.108737000000 0.093744000000 0.095631000000 
0.306490000000 0.073331800000 0.059592200000 0.059625800000 
0.137918000000 0.181300000000 0.159785000000 0.158439000000 
0.079557900000 0.249811000000 0.227638000000 0.225151000000 
0.161246000000 0.147325000000 0.129003000000 0.129284000000 
0.302502000000 0.079110900000 0.065813500000 0.066073500000 
0.108274000000 0.212566000000 0.191691000000 0.190106000000 
0.258959000000 0.100703000000 0.086501700000 0.088791700000 
0.259783000000 0.094085700000 0.080382800000 0.081886400000 
0.064164200000 0.263506000000 0.240744000000 0.237418000000 
0.023370700000 0.377656000000 0.360034000000 0.355570000000 
0.152482000000 0.169440000000 0.148384000000 0.147218000000 
0.100911000000 0.228683000000 0.206420000000 0.203319000000 
