2.0 17.68943381788933 231.55311433805878 
7.248844551604846 2.0 4.008202039872074 
2.6988237143207847 20.654704585889004 128.0 
2.788792460298113 36.515233196922146 76.8425916429735 
2.0 75.1375265778515 0.4163682342431617 
2.0 2.68623970986713 0.8276765997852883 
2.0 29.507502035153294 0.8814872365393764 
8.623136550576145 5.59117948299365 0.3460659172722934 
2.0 27.38950231770545 0.0769698623045656 
6.730722294504326 2.0 4.306513268955037 
2.0 13.392842829987686 26.441184698402814 
2.0 63.35108197113931 0.7019821462567439 
70.1348999554318 2.0 0.5488623991705937 
2.0021955102989795 38.92098318552622 0.8241053889302163 
2.0 2.0 1.3335886142495426 
7.433626753469104 3.2399170031117723 3.220735676415112 
2.0 45.85825739877302 1.3209937538815941 
3.154097761640557 4.392892890734645 1.3350027172910444 
129.0 2.0 0.6286246839793903 
6.314182704384054 3.220663802625674 3.546404037053604 
10.734361141383946 2.0 5.433410157643168 
7.721676686310492 2.5561434056201193 1.0605690497760851 
2.042036628272366 17.191436340407236 12.323813007047782 
2.119692618566664 9.175138010597955 0.6785333009166402 
2.0 12.904349167052665 0.4493485941057188 
2.0 33.943368204926585 0.6841493606243558 
2.0572843520127306 20.657749040680972 16.10650613247757 
5.60680343815204 7.077487017701863 0.022609111703408402 
2.0 30.39048392874748 9.588694537543917 
9.70413391156323 2.0 4.308011392232293 
5.646439306698337 2.0 2.0158168612205434 
6.942126035711339 36.89183095700538 0.42546026940345927 
3.884134046725828 3.8558360798022395 1.0245955815943741 
3.9331818278067665 2.2803722023467703 2.59170547518473 
9.186198301340465 4.10324694406762 5.107345285562218 
18.742522745761992 2.0 0.2888481767030555 
2.8052861643491487 3.6345690929188073 2.1382386752332887 
10.11533368817436 3.666897068207274 4.116469484064602 
7.112944701028344 2.7513348148980974 1.501096898580625 
3.4518798278592095 2.698561406738045 3.0686321182753162 
2.0 18.216234398420923 9.332412346019346 
6.80260601271509 3.712843184785844 5.149997177748052 
2.0 23.769685730529062 0.9712006758505982 
2.989951236014295 2.8257514148844947 0.8245044726248378 
2.0568961507137735 21.778688187354703 17.431241884152364 
2.0 2.7921924063050394 1.4830124132206208 
2.0 2.6201286436524756 0.017192359760514364 
2.0 7.563180898307031 10.716168330925214 
4.139436826021932 2.385088892262811 1.5168730692059407 
2.3894457191338816 15.801054692361761 13.801781931672009 
7.021858099757928 2.0 4.157872478952349 
6.341959014261232 2.0 3.4752543108277765 
9.106676698865567 2.71563328032276 1.3784966006841248 
2.0 42.403753612071284 0.15075409108039217 
7.094003863914738 3.0234344487433282 3.1194596213565124 
2.0 31.562451797273848 1.1712267202284452 
3.782651000636289 2.0 2.2069289514413994 
2.0 12.71204806494491 15.72688393741182 
5.089658048089907 2.0 2.8624556875970586 
4.146271967380391 3.966888734235477 3.2702151346135864 
2.0 17.360209014938263 19.68639334465714 
8.691498074140108 2.636950440692848 1.2969101948091466 
9.893194501953703 2.8061781655416613 0.8298434578933267 
2.0 17.38968277335003 28.29671711115133 
6.5797880799867325 2.253120261043453 2.633878177989569 
5.833007166353838 2.0 3.3517867762824984 
6.415000187487568 3.0680681268380026 4.1569579383865864 
4.123592081404713 3.210919272353672 0.3483739604823768 
8.538117242217117 4.012505229714754 3.968315853715151 
7.174046357903043 2.3126876246605583 0.9671559261711753 
2.0 11.632823779527213 12.734423861254152 
3.850176188396535 2.0 1.5680764822544067 
8.642301445539356 2.676376779409139 0.3712932285865591 
4.694550224005425 3.463536410299409 2.4543700233927788 
5.920767392081104 2.0 3.061897264326785 
4.673350592683186 2.043107679064702 2.9995497012070964 
5.73648333845595 2.148863861737869 2.9886840990834473 
2.0 6.6430724211873144 0.6263612767650993 
5.881972022380085 2.0 3.965974654579032 
12.474152974362893 2.0 0.4162505316635252 
3.2645969737549025 2.214742430594752 1.9026157632675404 
5.9960726265246285 2.0 3.6910224038691153 
7.807820795421704 2.5638951237624195 0.8588291922537007 
4.434410077463452 2.9940698420163834 2.186042187183518 
6.996332585027847 4.367414992538257 4.617751438452161 
2.0 34.574348287724625 0.4580006359617912 
2.0 36.546754570886534 28.367295322389243 
3.35557700249962 5.84333282775925 1.2348370154556871 
3.958230109825039 2.5891285453904405 0.9585739527772486 
4.015920986229002 2.2842383135832516 1.949317390446466 
6.628295542861942 2.0 2.7446475387335383 
2.761979614127374 3.0194612011353663 1.610811189797032 
6.520072023559043 2.0 1.0066209794254517 
6.4547043599237925 2.0 2.280255347271886 
3.3602344026936195 4.719273200722216 1.1760411699197166 
3.2371321398634283 2.3721880561210567 1.2300280818302105 
3.8508809500026433 3.1528922750734885 2.841522159740298 
8.802937249448265 3.6928683297925415 5.78573213820525 
4.337599418292909 2.3515445337750847 1.8257124780411655 
7.173421487335285 2.5097635973733703 2.2634029286925523 
