2.0 44.41439119178564 81.76532062507859 
2.03350755755421 33.579285950281076 128.0 
2.015028451541202 42.72648553856469 256.0 
2.0 37.689984924631574 115.63911183077221 
2.0 34.8645970302244 133.83382495674908 
2.0931754209259315 69.69120759587473 106.3001870282354 
3.393099362831376 56.47344441659218 72.83243176399398 
2.708422738695307 73.16258488333484 106.18987422900005 
2.1740597427261728 65.57046446013945 22.191080456214664 
2.0 55.12781888733588 128.0 
21.004195781017522 2.0 5.870912122037794 
2.018856486072094 88.26198212874773 31.256311433688182 
2.0 45.88498734568752 89.50031907370345 
2.0 92.23260322789537 30.35866971837529 
2.0 67.79249938119983 0.26895706915431106 
21.132969927501396 2.0 4.632692669327753 
2.1462973218481585 21.049390262888522 21.71558814129248 
2.701748307141968 58.3108452846776 96.41340835355496 
2.0899912623586747 54.67365123614156 100.40608426085538 
2.0 57.38726027220915 27.34263903334359 
2.0 21.443649959753564 17.080932091285774 
3.4850945306136047 57.844429760628344 51.534432890539804 
2.0 112.86447805767403 0.3651793046567011 
3.1915036874518976 40.980533057803186 91.46948268265535 
14.859169396611575 2.0 7.400523700759464 
2.3326857187832197 47.36963669858014 102.26277938744214 
3.306525542282526 35.80259877243054 89.24101845345461 
3.0145251455593636 56.61215022185143 45.25441014181152 
2.3079191657823914 55.79734312040278 24.05940822581399 
2.5012388112302704 60.18157295598574 84.65412088299868 
2.0 85.97328967864735 0.24581611575130413 
2.815108875845541 67.58628990043144 41.677689529473454 
3.2730314994014202 54.85751719044455 41.675124220874245 
2.987298531741221 27.779007145164602 12.811611753013036 
60.116974335932895 2.0 1.9450513267475174 
16.388958921270344 2.0 8.095113040746995 
3.003926638630104 62.159675796740046 98.54213097430852 
2.634272559732814 66.00869126695268 86.91271861800038 
3.114071336380121 44.32747616792687 83.73247319218595 
2.540202281274185 46.087954371176465 74.17803494508676 
3.442753071006962 85.97292521076793 98.50446249177409 
2.0 73.6632624566099 100.18153848131136 
2.7363105456917594 57.34856451681217 68.1081078119366 
50.232781577000736 2.5882181712762677 2.6686668549329844 
2.6247638612744897 47.803225462384006 93.5184368042105 
2.1778310701271417 37.80431064227152 24.060666600160886 
2.6166655526577633 40.00712136808352 81.81905524910843 
2.0116927905001196 57.52089260906094 32.029358959608345 
2.3487504479104806 36.56111393138518 85.12343633166884 
29.96751287281198 2.0 2.351777472297989 
2.6366388586955227 78.64361881808706 112.3676353955434 
28.248152575768458 2.0 7.1195319878675924 
2.6173421682533196 59.985838764806054 58.96841411507625 
2.1559442332417826 75.20045304979601 29.335640556778046 
2.0 36.13547093476346 16.690655387525634 
3.1970994669257395 54.724040990708694 40.29940060252491 
77.91561708725533 2.397733972106561 3.713516069981788 
94.79741883972942 2.0 1.7411756000778098 
3.309186197021957 56.813550406634306 64.18140031927982 
2.64340906121548 48.11303483168625 84.7754517669365 
2.1940741131555925 37.523711121546455 20.987842363021677 
3.324158789767856 45.11001160604309 98.45983469918927 
2.552549533083661 61.063208260824744 46.67824989527091 
17.867382880682566 2.0 2.893716390022842 
2.1613053042297508 36.99860918931156 17.07624651529983 
3.2784042797129302 61.447045885649416 59.81151456951065 
128.01750874252048 2.0 1.5959749154687302 
3.2829277065902835 43.20239247469137 96.2578472103979 
33.72887771642259 2.0 3.137896785700688 
2.6574781776480556 38.65867500032331 86.15357618646772 
2.285532711869972 47.05556754145426 92.8212131734858 
88.8851045107445 2.0 1.3822416404218476 
23.991969255418688 2.0 5.288658414074767 
3.397962448097135 64.27216237351838 55.62190721763102 
2.978264895703643 57.70173327359479 55.49930860383417 
2.0 42.251238820812304 94.60098873609738 
32.746718665735926 2.0 0.13257651668037873 
2.0 62.76219995099131 96.47279426251959 
44.53168998912443 2.0 5.039557739571103 
3.1798355264542906 58.298543084969126 50.063643810638446 
7.080716776322572 2.0 27.299833395295817 
3.2452992869654116 61.58220832392607 60.52012871854013 
2.0 67.33922161602668 36.19612070964387 
58.902030433289326 2.0 0.5826763002563313 
65.55266356736185 2.0 0.5153159016699409 
152.70570991273814 2.347801945730363 1.6719068392337026 
60.51159745766719 2.0 1.1595990352036694 
48.62858979787708 2.0 2.258507396773748 
3.1194137672534152 58.45210981220224 80.69298429449793 
3.0452672021052347 81.88688629029119 110.79323525538851 
36.9446001821978 2.0 4.7806097697791685 
24.66470802101762 2.0 2.863376229142304 
30.2736445695536 2.0 0.6784349083823136 
3.3169105948368376 55.666246199302066 50.57783862458558 
59.3781299919125 2.0 0.1984884248764034 
3.0404457478397475 55.80880936747329 86.41029506811859 
65.56987968804307 2.3644889868210432 1.7303138443842627 
122.80475340817148 2.0 2.4380261151876503 
8.987799368798903 2.0 2.206854598132594 
66.07752464812836 2.0 2.077365737816545 
