2.0 22.968469927248172 24.966704408008056 
2.0 8.74355665336536 57.70330273724446 
2.0 5.522637771518248 0.0 
2.0 15.076319056322031 34.6859456518857 
2.0 8.373103611887913 0.0 
2.0120727422125526 9.255951660293208 0.8747836468502955 
2.0 2.7523353359257805 68.74508113222856 
2.0 21.067430246544173 0.0 
2.0205995387510476 3.663081623091471 5.020506660051769 
2.0 12.933128698546854 15.330193711814466 
2.0 12.90987610097305 9.904318628289605 
3.4379997680410996 2.0 1.0308147678840252 
2.0 2.0 0.08837039892682101 
2.160140095004564 2.0 1.4360723083303417 
2.01962193156005 9.615505752854475 8.23447404209719 
2.041875731877023 8.255107930412624 0.2143468953968526 
2.0 2.0 1.0187748747085064 
2.0030180212150754 2.0 1.80854122957237 
2.333955750565642 4.2503239509020325 1.059367553658809 
2.018813889114282 5.7840397663275365 1.224225280723561 
2.0113820526847013 2.0 0.131212492544444 
2.007888234719569 2.5871131336821995 2.8362937651164946 
2.004238172579066 30.93171863375519 16.941398272188486 
2.1370092865931447 2.8850573829076955 3.7748240333209195 
2.0357084504696368 4.485741653908217 0.7665416807374327 
2.0520454984089453 5.992616456599157 1.3606831798281913 
2.213244556334281 3.262235812269115 4.87359891584207 
2.038115695095283 4.042329748542533 0.41219691270625197 
2.0768632345585267 2.681486697188034 3.052132774642975 
47.9981263253525 2.0 40.04579122167602 
2.4045701150028203 4.127809741926409 0.9302912442232525 
2.2502747026469008 3.7526652473094577 0.6215308372118465 
2.2355586233190006 3.8617281812757325 0.8161654927123778 
2.1071216704157467 3.9565061165223643 1.9098352433730585 
2.018998168732999 6.264372771761158 8.373154867134335 
2.434345384627366 2.0 1.3529187219946701 
2.2918101531568187 6.371972038457424 5.239171193229123 
2.068852889910985 3.8144857997718375 1.9629719826323888 
2.416027269927006 6.397874197074367 5.9953419354176845 
2.092355907286476 4.279865608425473 1.4788442410476175 
2.0846224181838258 4.071701744506463 0.46515444213347734 
2.106160583617274 4.229847814669589 1.5175463288482816 
2.016521163527102 2.0 0.642087360979767 
2.1208675459611617 4.204737013294039 0.5207206382931198 
2.03296424483199 9.525033622998901 7.405666851462116 
2.1561028733415766 3.9038775324581554 0.7315653537387612 
2.1807937304233596 2.603742947113899 3.9814382739504683 
2.0 4.270706484175638 4.0775081184149755 
2.018724533877789 9.916473337674292 0.46261913904234286 
2.0 31.104905845689075 14.783821980542282 
2.140725541801721 4.34466910184923 2.153824224651997 
2.965033574388433 2.242645168359525 0.8804212554416019 
2.252028032534486 3.8915661076070536 6.122159469367695 
2.0576156615788186 2.9889365726900126 6.91030960545004 
2.142904945988869 4.216601496047223 0.36465823565135047 
2.0122363429271592 6.190980367908756 1.3907410790314643 
2.024908977870862 4.43676299285141 0.6717961756944684 
2.3507014498037346 5.5236481014870265 1.6390567575786967 
2.3594897526922893 5.743934205843466 4.621012873698026 
2.0 4.476877857592648 1.583912223316734 
2.0 5.430356362755354 0.31298443658371694 
2.182090095806672 9.192042151085815 0.4227856028386381 
2.4113146804683385 6.304126636160202 6.336659970376531 
2.2140620542568845 4.461456130317667 1.8016696862655004 
2.283560019020307 2.8336269808439107 4.48762691264922 
2.1858179149689514 3.8860302106653597 0.1722246120898685 
2.3172423869929757 3.7541014313423635 1.7428773015201426 
3.3895345403179786 2.3203834820963682 0.1500337198808131 
2.145196587827721 4.344783586732621 1.7764636456919558 
2.0 3.3458322024179936 3.2803951145683516 
3.1071919106394974 2.0 0.3417582581544263 
2.0 2.0 0.6182265239840935 
2.398710161909561 4.13822613006376 0.8835829932028088 
2.36690875437053 4.2638253353185185 1.1844661597402402 
2.0006789669183145 2.4652184929818537 1.3918115042358818 
2.0 3.401384347036581 2.5743861075363776 
2.0426190930593697 2.2921232758228784 1.3835466217579884 
2.037812891001383 3.5844621971442256 0.8395613052988302 
2.0 5.602347645981103 1.4930097356425165 
2.903499873878639 2.293284055486236 1.0506929076716274 
3.3682727370402312 2.4531775287904973 0.23946907422906 
2.0550508054271237 15.21684915113949 9.664896070260223 
2.0 2.0876006329045005 1.4235151943247815 
2.0830926533618674 6.1159553582097 1.1127182647884175 
2.0956954619601538 4.192484359623872 1.0356797071897539 
2.2230581689720346 4.2727844993903386 0.7928275773786919 
2.0399653782132985 3.5036279808865354 1.8896139424737155 
2.3120720241035664 3.780616045300521 1.8341175328824422 
2.048998974915524 4.36011783940798 0.6560871809280422 
2.0 3.9859041509984845 0.26038702162717775 
2.1511880563592194 5.452305260162278 1.06602036610863 
2.3441089469900596 2.0 1.287359713405091 
2.1253928585679263 4.416102897812374 2.1104639585788587 
2.0320649392652337 2.032408934520357 0.660427442621166 
2.23629996068458 10.618043682728104 11.315414938675143 
2.0614499434381353 2.0 1.264069898014491 
2.234403672100665 5.615549727722515 0.694787876058963 
2.0 6.089542950523944 1.0913253375465868 
2.095712403113447 3.8198770611778308 2.044417369510159 
2.3784010101570776 6.435786453830739 1.3586197740598858 
