0.656384000000 0.084575600000 0.064545200000 0.073311700000 
0.016738900000 0.546025000000 0.531937000000 0.535751000000 
0.841297000000 0.018961700000 0.012237900000 0.015901000000 
0.676734000000 0.080579600000 0.061212100000 0.069671700000 
0.815410000000 0.029566200000 0.018281500000 0.023212900000 
0.915644000000 0.002683510000 0.001822810000 0.002801580000 
0.338493000000 0.244459000000 0.209800000000 0.228331000000 
0.779598000000 0.045696500000 0.028064500000 0.035110700000 
0.017010700000 0.529363000000 0.513862000000 0.523297000000 
0.213112000000 0.324256000000 0.291786000000 0.310857000000 
0.857730000000 0.015753500000 0.010131400000 0.013484600000 
0.379651000000 0.218197000000 0.182267000000 0.201301000000 
0.125466000000 0.395299000000 0.366558000000 0.384129000000 
0.438606000000 0.186228000000 0.152136000000 0.169553000000 
0.470711000000 0.166753000000 0.132530000000 0.149590000000 
0.025029200000 0.516398000000 0.498614000000 0.509750000000 
0.636836000000 0.096495500000 0.068982200000 0.081154800000 
0.512416000000 0.145307000000 0.112432000000 0.128241000000 
0.351568000000 0.233497000000 0.198340000000 0.217065000000 
0.031870800000 0.505485000000 0.486417000000 0.498617000000 
0.597550000000 0.113369000000 0.083550400000 0.097227600000 
0.451839000000 0.176809000000 0.142282000000 0.160393000000 
0.184282000000 0.342932000000 0.311138000000 0.329853000000 
0.367702000000 0.220644000000 0.185622000000 0.204613000000 
0.178261000000 0.349480000000 0.318002000000 0.336662000000 
0.491322000000 0.154912000000 0.121393000000 0.137790000000 
0.608692000000 0.108304000000 0.079192100000 0.092428000000 
0.256184000000 0.297060000000 0.263371000000 0.282413000000 
0.096848000000 0.427511000000 0.400197000000 0.417264000000 
0.264637000000 0.290919000000 0.256808000000 0.275633000000 
0.329660000000 0.250430000000 0.215266000000 0.234531000000 
0.462736000000 0.173365000000 0.138857000000 0.156366000000 
0.241417000000 0.303624000000 0.269515000000 0.289055000000 
0.163377000000 0.361243000000 0.329645000000 0.348591000000 
0.619543000000 0.102048000000 0.073747800000 0.086389000000 
0.342444000000 0.239471000000 0.204273000000 0.223068000000 
0.359983000000 0.230483000000 0.195396000000 0.214199000000 
0.206992000000 0.329549000000 0.297251000000 0.315976000000 
0.442775000000 0.181606000000 0.146671000000 0.164457000000 
0.066923600000 0.454199000000 0.429876000000 0.445381000000 
0.578577000000 0.121226000000 0.091565100000 0.105435000000 
0.593743000000 0.118720000000 0.090237600000 0.102813000000 
0.109932000000 0.408317000000 0.380429000000 0.397558000000 
0.270168000000 0.287308000000 0.253262000000 0.272275000000 
0.696642000000 0.069813400000 0.047573800000 0.057425300000 
0.300835000000 0.267535000000 0.233021000000 0.251700000000 
0.102607000000 0.416077000000 0.388692000000 0.405622000000 
0.239310000000 0.308093000000 0.274964000000 0.293910000000 
0.054204900000 0.473446000000 0.450835000000 0.465132000000 
0.784353000000 0.032060000000 0.021723000000 0.026689500000 
0.278678000000 0.281922000000 0.247789000000 0.266775000000 
0.173581000000 0.353808000000 0.322610000000 0.341171000000 
0.389744000000 0.213214000000 0.178458000000 0.196656000000 
0.065308100000 0.460017000000 0.435786000000 0.451233000000 
0.708493000000 0.063469300000 0.042532700000 0.051709400000 
0.149334000000 0.375574000000 0.345665000000 0.363667000000 
0.870851000000 0.011905300000 0.006948360000 0.009520810000 
0.547480000000 0.132458000000 0.100880000000 0.116368000000 
0.020369100000 0.522212000000 0.505447000000 0.515774000000 
0.234215000000 0.314925000000 0.282716000000 0.301070000000 
0.531386000000 0.139193000000 0.106884000000 0.122312000000 
0.058641000000 0.466308000000 0.443154000000 0.458044000000 
0.027460600000 0.510742000000 0.492169000000 0.503690000000 
0.695327000000 0.073290800000 0.050511100000 0.060640700000 
0.828758000000 0.026231200000 0.015133500000 0.019616200000 
0.156714000000 0.369696000000 0.338585000000 0.357436000000 
0.042711700000 0.485547000000 0.463946000000 0.478059000000 
0.050085500000 0.479905000000 0.457562000000 0.471824000000 
0.886417000000 0.007678680000 0.004747260000 0.006592910000 
0.099356200000 0.420566000000 0.393491000000 0.410300000000 
0.138471000000 0.389699000000 0.360883000000 0.378429000000 
0.406870000000 0.203420000000 0.168732000000 0.186622000000 
0.393153000000 0.203371000000 0.168651000000 0.187119000000 
0.286773000000 0.273213000000 0.238363000000 0.257889000000 
0.191756000000 0.338681000000 0.306686000000 0.325533000000 
0.038692000000 0.493322000000 0.472695000000 0.485860000000 
0.143729000000 0.379643000000 0.350009000000 0.367934000000 
0.732483000000 0.060360700000 0.039285700000 0.047933100000 
0.036731700000 0.499748000000 0.479375000000 0.492332000000 
0.309218000000 0.257998000000 0.222948000000 0.242277000000 
0.086217400000 0.437948000000 0.412092000000 0.428351000000 
0.301289000000 0.265834000000 0.230810000000 0.250515000000 
0.736099000000 0.049413300000 0.034977800000 0.041626600000 
0.200568000000 0.335406000000 0.303402000000 0.322414000000 
0.757146000000 0.051637800000 0.033241100000 0.041264400000 
0.408611000000 0.199325000000 0.163807000000 0.182272000000 
0.120398000000 0.401065000000 0.371949000000 0.390193000000 
0.564541000000 0.126956000000 0.095771600000 0.110477000000 
0.218736000000 0.317868000000 0.284897000000 0.303965000000 
0.074470500000 0.447955000000 0.422661000000 0.439080000000 
0.080525400000 0.443666000000 0.418280000000 0.434301000000 
0.141031000000 0.384134000000 0.354048000000 0.372156000000 
0.502504000000 0.148060000000 0.115898000000 0.131927000000 
0.088879600000 0.432213000000 0.405722000000 0.422690000000 
0.422544000000 0.192903000000 0.157560000000 0.175815000000 
0.911498000000 0.004258580000 0.002414150000 0.003724610000 
0.324322000000 0.253553000000 0.218200000000 0.237925000000 
0.645049000000 0.087814800000 0.062567200000 0.074151400000 
0.684713000000 0.082663200000 0.057779900000 0.068188400000 
0.481534000000 0.160689000000 0.126765000000 0.143508000000 
