2.9067504037944745 158.47199608708877 0.013533852189720086 
95.3168428902872 2.0 0.0 
2.0 71.15746400218889 0.08351243700044864 
3.9577032360868887 97.0 0.4036702463458527 
2.0 69.58993713441303 0.49378318483776873 
2.490585695610101 2.0 0.027013170060625313 
2.0 7.902648837753311 2.3466955319324203 
2.0 2.0 0.7143807002714643 
2.0 23.308495358167328 0.0 
2.1690163091101993 8.993402601798843 3.3303534098645704 
2.0 61.36722893937221 0.25751881332634374 
2.0 2.0 1.9963093408845425 
2.002858687253665 11.076488158478318 4.671393366143416 
2.3209502695553503 4.802567548175105 1.7614735611327004 
2.0268692608435748 2.0 1.5837057190075554 
2.0351007695015553 12.187128246142667 17.44188123394809 
2.1211469823397566 2.0 1.0818591538176947 
2.002124105025841 2.0 1.4268263658447267 
2.0 5.912404118612176 2.2097937504879326 
2.063021373773407 10.593717797525796 12.677690461081715 
2.0151693789036114 2.0 1.1970673814118462 
3.3811195716948284 2.0 1.6435674158831637 
2.0 6.136290500911663 3.558413113672218 
2.01893530448748 3.07194319385529 2.0377413218846625 
2.204928438296456 6.093841872998199 3.659029006755728 
2.0 2.0 1.4978742479630611 
2.1313826081901874 5.934949483556823 1.1675569702989033 
2.006433471552166 10.07966782446824 2.9482809118635056 
2.4044343848560015 8.000405926677924 5.461964111183182 
2.005056980836439 7.106062116026288 2.8853830754737566 
2.3547633406235646 5.028610442951434 2.351173202629578 
2.0000176519285295 2.0 1.6362334175224096 
2.2555979432062903 5.47738290888711 2.9670920170865784 
2.0065189198315325 4.931736511546827 3.846655361254127 
2.2062167862026087 2.0 1.1174200217582109 
2.1021416103260315 6.056856721338375 2.281123289641326 
2.3183415271815586 4.787364767125195 2.147655859671797 
2.4371108674779585 11.412048762629139 3.422657271445216 
2.0 2.0 1.6991570601906716 
2.2240219300747435 6.098149109600002 6.625409383883475 
2.0424169367333413 5.373262953180275 1.2655875409297894 
2.0 22.554980716515566 1.2890244329479845 
2.0 11.191043947381619 5.026600214957327 
2.129419370031557 8.373596147961422 2.8243464195681693 
2.0003273007123115 2.782807670817883 0.9032957317908582 
2.0 6.606819477698053 2.6241107601207743 
2.0 11.086882214009993 5.252033148548558 
2.1677308621671405 11.016043626839659 3.1295145437020593 
2.2655227044624193 14.59650139051613 8.06230261534514 
3.3481641635142676 66.12985370045766 0.21631707722433224 
2.1245337594890574 8.279597451252489 2.751866395854532 
2.068104497009233 5.7534953299394065 3.7355902152308915 
2.3124224323767835 9.0051414024319 2.032475802906215 
2.1888031143759763 10.35825577069312 6.989943419008978 
2.0 3.325669177355457 0.8567338688098816 
2.0141364132771793 11.418042943908183 4.263546423499255 
2.4813659186646686 34.36376055367436 0.2076759182503487 
2.5133231624007535 2.0 1.3048673849757355 
2.020474690153261 17.80487863890392 20.491194059564883 
2.0 11.615295665740765 3.2724245592446186 
2.440720168754112 2.0 1.3820441165484478 
2.0000811321942336 5.65482400267201 7.426975038104764 
2.1948177267649362 21.80270406413249 14.157760784007548 
2.2391930281372203 3.211260998925339 0.9306753452652168 
2.036315107753748 51.570569229260755 0.4314633574611602 
2.0 4.936990721834787 4.002978791206769 
2.1975629414079907 8.724281260108924 9.378895463044074 
2.17946872931816 10.933556469030597 8.486632479967147 
2.0 31.109124193127805 0.05695475364019087 
2.004099489072004 11.261827736319944 5.385855943486018 
2.0 12.679499153580647 4.578826105669345 
2.0 9.017457343385358 1.9296714823277954 
2.0 3.1746389299145763 1.8980069767470833 
2.0 5.326359079556216 2.5985548034708446 
2.1918597673545634 6.277128434580792 3.499541352098805 
2.0 12.718753326274449 10.15563881527752 
2.027600789517472 11.21044540399445 4.3508780350022285 
2.178976507770174 2.008528054643968 0.8249746362269219 
2.0 14.158810071137088 11.276167563903241 
2.050696329075513 5.076877938051845 2.434121696809801 
2.065408637674232 11.153957648404067 5.983831796959246 
2.0 2.6347294241533192 2.4567211355903824 
2.0 161.35968434608486 0.11550459335500274 
2.0 9.238805366890036 3.4856630807671123 
2.1591789599316895 2.9689881158937146 0.7607451658586002 
2.0 2.0 1.8470672964779182 
2.1408439263833237 5.427658343361927 4.705631587522147 
2.0 2.0 1.2879797165995297 
2.0 5.667261424483716 3.184153904321366 
2.254954607372514 9.130892670609258 6.406187746010389 
2.247913425519219 11.325106928309332 6.259566264759342 
2.1098209782081323 7.725450033590972 4.3555715235162555 
2.071627636549912 2.720606948683321 1.457594703692822 
2.269052086486186 8.988661094722936 5.742237735924249 
2.0 2.3136935710512647 1.7871502696759987 
2.2006209534637153 7.349487926128237 0.112773956810031 
2.20964511191636 4.329710631131045 2.3637674325048392 
2.0883355228403633 2.7182501382678175 1.032093722319636 
2.3126485811097965 8.409689080513274 0.9978358360407329 
2.0 2.0 1.541238130959656 
