0.012155500000 0.485693000000 0.439513000000 0.436075000000 
0.008337500000 0.536079000000 0.491943000000 0.488946000000 
0.044289100000 0.357815000000 0.287699000000 0.285358000000 
0.011959600000 0.526633000000 0.477663000000 0.475032000000 
0.107841000000 0.253591000000 0.188139000000 0.187127000000 
0.010750300000 0.530362000000 0.482438000000 0.479706000000 
0.269082000000 0.094758500000 0.054520500000 0.052696300000 
0.012629500000 0.484609000000 0.442960000000 0.439524000000 
0.180080000000 0.165902000000 0.107171000000 0.104490000000 
0.134801000000 0.210950000000 0.144321000000 0.141472000000 
0.013882600000 0.471354000000 0.428539000000 0.424590000000 
0.054725200000 0.327871000000 0.260199000000 0.259407000000 
0.191239000000 0.152597000000 0.096784600000 0.094196500000 
0.013891200000 0.464790000000 0.421332000000 0.417826000000 
0.362621000000 0.049844800000 0.026846500000 0.025929200000 
0.440779000000 0.023721100000 0.012571300000 0.012401500000 
0.485309000000 0.009464830000 0.004699500000 0.004596160000 
0.065115500000 0.314611000000 0.248420000000 0.247288000000 
0.016232500000 0.447786000000 0.400400000000 0.397580000000 
0.024912400000 0.408141000000 0.351402000000 0.350069000000 
0.273385000000 0.090581500000 0.051624500000 0.049897900000 
0.023619200000 0.416861000000 0.362102000000 0.360576000000 
0.035398000000 0.378029000000 0.315517000000 0.314751000000 
0.138770000000 0.204701000000 0.138852000000 0.136063000000 
0.090931400000 0.273852000000 0.206667000000 0.205692000000 
0.278574000000 0.086238500000 0.048605100000 0.046991000000 
0.031582400000 0.386710000000 0.325950000000 0.325042000000 
0.074943100000 0.297597000000 0.229780000000 0.228833000000 
0.094291700000 0.268254000000 0.201270000000 0.200187000000 
0.158670000000 0.190308000000 0.126110000000 0.124532000000 
0.141894000000 0.196106000000 0.131716000000 0.128866000000 
0.099228900000 0.254944000000 0.186042000000 0.182384000000 
0.215485000000 0.133033000000 0.082053400000 0.079694800000 
0.066884500000 0.308376000000 0.241000000000 0.239730000000 
0.253052000000 0.102722000000 0.060075500000 0.058142000000 
0.097666300000 0.263019000000 0.197217000000 0.195908000000 
0.333196000000 0.058873800000 0.031001200000 0.029911600000 
0.256737000000 0.100109000000 0.058194100000 0.056269900000 
0.188107000000 0.158880000000 0.101614000000 0.099000300000 
0.469392000000 0.011693200000 0.005072630000 0.004958230000 
0.323703000000 0.062620900000 0.033298000000 0.032121500000 
0.049547700000 0.341301000000 0.275471000000 0.274478000000 
0.350806000000 0.051341100000 0.026361400000 0.025441400000 
0.042070900000 0.357512000000 0.291342000000 0.290402000000 
0.085481600000 0.280188000000 0.212228000000 0.211477000000 
0.209272000000 0.137747000000 0.085391500000 0.082965700000 
0.198768000000 0.143921000000 0.093655000000 0.090756700000 
0.220163000000 0.130190000000 0.079899800000 0.077546600000 
0.202818000000 0.142384000000 0.088975700000 0.086459700000 
0.029350800000 0.394431000000 0.335391000000 0.334267000000 
0.077850800000 0.292678000000 0.224625000000 0.223664000000 
0.409504000000 0.028275000000 0.013311200000 0.012904400000 
0.310597000000 0.068897500000 0.037189600000 0.035905500000 
0.020066700000 0.430960000000 0.379224000000 0.377188000000 
0.380714000000 0.038868500000 0.019112600000 0.018465600000 
0.022064700000 0.422607000000 0.368958000000 0.367239000000 
0.018822200000 0.443035000000 0.393716000000 0.391307000000 
0.370037000000 0.043399800000 0.021616400000 0.020874000000 
0.247774000000 0.108312000000 0.064085600000 0.062073800000 
0.022041800000 0.426614000000 0.374303000000 0.372467000000 
0.012985200000 0.474744000000 0.433313000000 0.429387000000 
0.300537000000 0.075500400000 0.041535000000 0.040070200000 
0.045462600000 0.347273000000 0.280575000000 0.279511000000 
0.116642000000 0.242042000000 0.177479000000 0.176479000000 
0.543466000000 0.000605479000 0.000263428000 0.000356393000 
0.070451700000 0.303401000000 0.236048000000 0.234769000000 
0.024339700000 0.413997000000 0.358825000000 0.357311000000 
0.019129800000 0.437229000000 0.386938000000 0.384688000000 
0.450919000000 0.018755800000 0.009627820000 0.009403440000 
0.340855000000 0.055096100000 0.028617600000 0.027621900000 
0.397576000000 0.033203400000 0.015970000000 0.015444000000 
0.112461000000 0.246746000000 0.181253000000 0.180199000000 
0.288678000000 0.080876200000 0.045069900000 0.043546000000 
0.246578000000 0.113008000000 0.067338800000 0.065260500000 
0.130854000000 0.216298000000 0.148384000000 0.146358000000 
0.172332000000 0.179207000000 0.116882000000 0.115075000000 
0.027099100000 0.402215000000 0.344326000000 0.343111000000 
0.458048000000 0.013643000000 0.005956550000 0.005827940000 
0.422365000000 0.024369600000 0.011276200000 0.010942500000 
0.229329000000 0.122808000000 0.074427000000 0.072165800000 
0.028566400000 0.400665000000 0.342637000000 0.341396000000 
0.037624800000 0.370246000000 0.306743000000 0.305708000000 
0.040945100000 0.364050000000 0.299770000000 0.298552000000 
0.014463900000 0.460275000000 0.414264000000 0.410764000000 
0.235737000000 0.116735000000 0.070098100000 0.067924600000 
0.081975500000 0.285164000000 0.215498000000 0.214570000000 
0.053903600000 0.334175000000 0.267302000000 0.266413000000 
0.061806200000 0.319158000000 0.250421000000 0.249592000000 
0.059952300000 0.323152000000 0.257197000000 0.256149000000 
0.033115900000 0.381701000000 0.320170000000 0.319232000000 
0.123199000000 0.226764000000 0.157571000000 0.155561000000 
0.030488500000 0.391623000000 0.331814000000 0.330761000000 
0.125379000000 0.223062000000 0.154314000000 0.152326000000 
0.503346000000 0.004807320000 0.002023290000 0.002017330000 
0.516761000000 0.002925420000 0.001268790000 0.001291610000 
0.162888000000 0.182252000000 0.127483000000 0.124157000000 
0.015970700000 0.451287000000 0.404924000000 0.402072000000 
0.539229000000 0.000699105000 0.000340879000 0.000414432000 
0.175009000000 0.168400000000 0.109141000000 0.106423000000 
0.123099000000 0.235479000000 0.170883000000 0.169850000000 
