2.0 43.06340665936812 159.2362047263426 
3.1668045055809273 58.979259455074 132.92499026014056 
10.677461838659543 2.0 2.9090357420532555 
2.643086987299128 32.273674441239265 0.0 
2.0 11.993885304814592 1.9971812472715555 
2.6580402937711867 37.03443013371695 0.0 
2.0 2.4592759699355353 0.9446752031995262 
2.0038310636345984 73.72064189202406 32.1388090982986 
2.0 2.0 1.3558649229773838 
2.0 2.0 1.6642596184571516 
2.2378019110928777 57.07446765377049 18.63737762704701 
2.006861742861865 14.227728420735577 2.844478880072244 
2.0 2.0 1.279906017722569 
2.337219046761036 68.18270497948372 13.878438771617729 
3.8994238794679053 2.0 0.6372218084709447 
59.983144868992795 2.0 0.34361400175340795 
7.734288431476435 2.0 0.2801806924196954 
2.1127645301156353 17.808577427408373 2.6615288443725875 
2.318503156960954 46.41979364086132 9.47687262258924 
2.0 29.557539818172746 5.387535469887352 
2.0 2.0 0.9212826569421125 
2.0 31.372991475680973 5.98839569185653 
2.0003205523153196 17.74226460151923 4.051148549795658 
2.0434050812063926 2.0 1.6186525405369951 
2.0 11.054881918352432 2.188152537169926 
2.0 2.0 0.8947143580085077 
2.491024923307693 21.542277674029272 4.417408700609485 
2.109436319597176 14.06314760445013 2.394852701445166 
2.0 10.703565833804133 2.121409738796166 
2.00868328161553 3.6481513955738514 1.4835091082925889 
2.0 2.0 1.559460403021117 
3.505800778044155 2.0 1.924092146559218 
2.0529973168919278 2.0 1.1644453230350789 
2.0 12.92428988879347 2.5838151964852907 
2.1602531961646854 2.4051872660606577 0.9921754222402948 
2.125906456829789 13.119334632369323 2.0855078442241606 
2.0 2.0 0.7269665264832224 
2.0 2.0 0.9783041729098492 
2.004297366952812 2.0 1.313377783585382 
2.0 2.0315033153207036 0.3406373351213472 
2.0 2.0 0.7531631717442665 
2.0 17.95612535125159 3.0410951608182017 
2.2405725941943633 2.0 0.6804903964159046 
2.0048965133964227 13.449963658209127 3.4456930525308866 
2.4268308274609036 9.68092837238 2.226352030943713 
2.0 2.0 1.1894680783097549 
5.030678942509861 2.0 1.1951702391333772 
2.003846396645731 2.2411962150382103 1.1478209958980272 
2.0 2.0 1.2155782707696117 
2.0 30.705843499923947 4.64906975413804 
2.0 11.34549871243524 2.365440924721411 
2.0141147171893783 2.3589039195342103 0.5099568218323183 
2.0 2.0 0.7865438894164517 
2.0 41.94887595366464 6.982360148843458 
2.396511933708048 2.0 0.5918026122014579 
2.0 42.4832099342725 6.236590226793305 
2.0 34.75609739838747 8.716166906493612 
2.0 2.0 0.6228477241018814 
2.0 2.0086219518596473 1.0216078233081833 
2.0 43.89950794981141 6.543060741348906 
2.0 74.2966019550619 20.061962687148096 
2.0278963753842643 2.1091896251744044 0.8307862587565231 
2.0352510308206018 12.91166757102826 3.198072075114861 
2.0 12.324422767607006 1.8812320111186043 
2.102381941027701 2.0 0.021785376383222754 
2.0 13.332531304020927 2.496950280223162 
2.0 41.92105243837525 5.663760089056075 
2.1043541253651394 39.40349777838534 7.734663651283272 
15.01002390904137 2.0 0.3536237853528079 
2.0 2.0 0.7042844147728826 
2.032183522939131 2.2119730801958943 0.5487744303804469 
2.0 10.92297383076139 1.924324532546847 
2.2669881141549197 2.186185556399916 0.8633205316610948 
2.0297149641104464 2.0 1.0513354879349444 
2.1062662171722173 2.9346979131820903 1.6943129096616358 
2.0331125419365392 2.6256100822623503 1.4320678353910377 
2.475046434607911 29.5722638569738 5.0013459705818 
2.0378014227653027 2.3043868548024076 0.36222112414315877 
2.0 2.0 0.4758254845047909 
2.0 2.0 1.106662589646499 
2.0 41.15803195087915 4.862404937474938 
2.0419148036831243 20.850661925366303 3.7642529559157096 
2.0 19.01555558909666 3.5828087513609184 
2.1328773810917903 43.41382721712974 13.003593709074151 
2.4011776312684128 2.0 1.0689168842551817 
2.0 8.894790295835335 2.2931071157720644 
2.032362616150161 16.713710903132323 2.91863784947748 
2.014701271495616 11.051809579669088 2.6903976097441022 
2.0 19.95539817203361 2.7447861506443902 
2.0367046586103412 21.903539307049016 4.164929131419424 
2.0 3.1164276422562027 1.7733579261367183 
2.0048391979969726 29.522186999967403 4.456929438852953 
2.0001919419748195 3.4132026131494344 1.7448878869741993 
2.026253173815246 2.0209094748440855 0.233304145845455 
2.319016059899597 2.0 0.19118921092444063 
12.661825186766048 2.4950809256434616 1.3960997621844737 
2.2723028900346884 59.25051237849442 9.854685520080103 
2.0 2.0 0.09563049772388554 
2.0000163541279936 2.30638802034559 1.373901919206517 
2.005561893989918 10.88043846077468 1.8232113174261064 
