96.48843473997255 2.1995116303834923 163.74681362974357 
2.3214749719699297 188.65048091164334 0.5006781304353922 
2.0 97.0 0.14740155903749455 
2.342939752463137 192.0 0.9023173543322313 
2.0155330510679175 33.890516985464274 0.07247572034336303 
2.4095780841844494 66.32286211105205 0.3515372563876662 
2.4391483928236823 49.206407457890585 0.38844771755093177 
2.0 44.104070172179284 0.3987536864599215 
2.0 22.659126817768595 77.58775948496373 
2.0 28.16377317278923 5.9301423510666496 
2.0247775744925423 2.0 0.7653494221898658 
2.162264324685012 6.349857632374146 6.502980600375352 
2.015193247688959 2.0 1.565336853556472 
11.61154591958647 7.0826365904195825 0.16322349659842816 
2.0311544368704135 3.3970888407905155 0.9068664787484232 
2.100531909807906 2.0 1.323168670671775 
2.0365306014304982 6.025968664482534 2.840881140791293 
2.1215268061829438 6.47897038234115 3.8902352634916513 
2.0180181582860004 7.915699205947421 4.411178561682689 
2.0261879104172698 2.045854692816846 1.3605434836043937 
2.0458650824047804 3.0635653965377463 3.794464569573118 
2.0 2.0 1.8257492042998995 
2.0 2.0 0.028340789801838184 
2.0 6.220674090635695 3.3201404242613055 
2.0 8.715483302888984 2.9195114323942883 
2.266269884265719 5.643000689280349 2.3769758668060015 
2.0 5.840969279653857 2.321396458976753 
2.0082527498471783 10.70593804967617 6.298986848547089 
2.14995135743644 17.521801540209452 8.677721769886503 
2.054957270470691 2.0 1.1195668973042183 
2.017359535190657 8.478913525766096 1.3145377235174793 
2.0 5.2111464514999835 1.1902571168881053 
2.0014866321816775 5.606189311194968 11.719028793381263 
2.0062402129721413 3.9577518434276913 1.9880354855696376 
2.044385887868218 5.6106871653554 3.6018579321659048 
2.0050308941621204 2.0 1.3963801832919642 
2.0 2.0 1.4806830056427918 
2.019194830807538 2.5804161285469744 1.9310206400756758 
2.1863692555201943 2.0 0.7246937982422739 
2.0293381987322077 4.316378207939737 1.9115554404622723 
2.0239685464716115 2.895591045416029 1.1051537131241056 
2.0 2.0 1.6250831254872555 
2.0 4.156506763403383 2.2344892305256154 
2.0 17.395460478658617 17.766395155030285 
2.0063868830493177 8.96309645373725 2.559637612966057 
2.0 8.834707408913587 2.243219194826901 
2.0 9.135321726535587 5.11089208012937 
2.0 2.0 1.5199563129926592 
2.227877262389078 7.569681337130566 2.5554471989496066 
2.0 5.277324995695718 4.433633521800909 
2.0245471612179418 3.0045012459216105 1.8678259285518117 
2.0 3.7418502665512072 2.570481123359831 
2.079792030447725 15.003098638840855 9.11410012284056 
2.0779648307045515 13.518687352124626 8.052902652253806 
2.0 9.664620911773111 7.566874007625653 
2.0 5.635110401755108 3.151288319202683 
2.0 2.0 1.6984366115458653 
2.0561032039616043 3.26089061542604 0.8364552352658203 
2.0654542089155568 5.132823002824298 1.2143135676508776 
2.3366072058111085 3.9373875227835686 3.457659761917951 
2.0441513493977457 2.5255381931397736 2.5965450443093916 
2.137615569729491 4.952514403577929 3.8281395182024527 
2.106787235039002 3.4075715502662023 3.079241971057071 
2.010106844659915 3.0507375231015867 3.952391774779206 
2.0057366043886926 8.762389323489918 5.914200823281876 
2.223870815752658 6.08019245846146 2.449923501778375 
2.088327497368797 2.0 1.2416444347906126 
2.7023506794687204 2.0 1.761207565279986 
2.0 8.177792684558755 5.315750359573728 
2.0 4.308756432897017 0.9891397471850238 
2.0439054614964176 6.281692379017291 4.074757124918809 
2.0309829298404467 6.288625917628494 3.0767637411398496 
2.2766979653669086 43.56893722112587 0.32725565742981755 
2.0 2.0 0.956853683295595 
2.0276696887328294 10.370478417443175 3.5156983788989162 
2.026205371581538 4.110513768712778 1.7306451821325997 
2.1079556057176263 9.749142384168309 5.227707658629091 
2.2077599230236595 8.715643702306355 5.448977709657733 
2.471374202623384 6.191345652740159 3.7425110175107643 
2.122029333509326 5.971133943334578 1.7002871651584135 
2.173876797611521 16.62441139056933 9.845239658465271 
2.054588112054566 20.566942052595405 22.67693669433284 
2.0 5.594541534789868 2.9806411781806883 
2.0715871171813682 6.668672090584388 2.229347661438878 
2.0 2.6634990494348703 2.04934395752661 
2.0558289227594466 3.473056019088004 1.058020292642473 
2.035660022626125 3.2983886224481918 1.1627339441415872 
2.397986417332402 5.797975749786402 6.679301412106937 
2.0 10.456357187940988 7.1204932103304515 
2.0 13.817827539233539 0.0686404276581114 
2.0464769620695598 7.773561628144337 4.818962165979947 
2.0057016169784525 2.0 0.8771882845882591 
2.39020948227348 3.2782779839859817 3.1572323339705988 
2.0 15.589492662572503 11.05486475412545 
2.1039299900827086 5.900862879609262 4.568754716681688 
2.102464781145788 4.290187317572667 2.018546281757013 
2.166507441878852 13.19827881914302 4.889234256709983 
2.002635939002862 15.224941669040783 14.673651347091969 
2.016581032588864 6.030925311803662 2.758030533344704 
2.004987409603379 2.402319544737498 1.444244128661346 
