0.011813200000 0.479319000000 0.431214000000 0.418567000000 
0.021091900000 0.374391000000 0.320417000000 0.306622000000 
0.437927000000 0.005397410000 0.002609990000 0.002635900000 
0.015170100000 0.443195000000 0.392392000000 0.379297000000 
0.011660100000 0.485208000000 0.436858000000 0.424425000000 
0.011728800000 0.479364000000 0.431184000000 0.418749000000 
0.020248400000 0.380768000000 0.326689000000 0.312788000000 
0.430605000000 0.007646460000 0.003965190000 0.003860650000 
0.072392000000 0.234160000000 0.184488000000 0.174815000000 
0.011155600000 0.488588000000 0.441086000000 0.428741000000 
0.020120600000 0.414537000000 0.362781000000 0.347731000000 
0.129864000000 0.161115000000 0.121637000000 0.113527000000 
0.139059000000 0.151730000000 0.113785000000 0.105470000000 
0.312248000000 0.042844400000 0.025619800000 0.024821500000 
0.158864000000 0.138504000000 0.099532700000 0.094120700000 
0.387927000000 0.018925300000 0.011165200000 0.010555600000 
0.394262000000 0.016716000000 0.009411580000 0.008989640000 
0.012502200000 0.452105000000 0.401624000000 0.389073000000 
0.275443000000 0.058983600000 0.037081900000 0.035607900000 
0.143000000000 0.144495000000 0.107771000000 0.099897100000 
0.231345000000 0.085368000000 0.056801600000 0.054095700000 
0.371451000000 0.023392800000 0.012844900000 0.012701500000 
0.120868000000 0.175400000000 0.131993000000 0.124595000000 
0.281095000000 0.055064100000 0.034232900000 0.032897700000 
0.319225000000 0.039690700000 0.023474700000 0.022777500000 
0.328387000000 0.035425800000 0.020597000000 0.020073100000 
0.244785000000 0.075077700000 0.048978600000 0.046752900000 
0.338675000000 0.032700700000 0.018814400000 0.018390300000 
0.262290000000 0.065239500000 0.041639900000 0.039881800000 
0.056328300000 0.259360000000 0.208012000000 0.197367000000 
0.034295600000 0.318348000000 0.266020000000 0.253090000000 
0.017934800000 0.423750000000 0.371984000000 0.357016000000 
0.177226000000 0.121886000000 0.088514100000 0.082769200000 
0.048242600000 0.281377000000 0.228918000000 0.217534000000 
0.165197000000 0.133770000000 0.095585800000 0.090408800000 
0.134289000000 0.164069000000 0.121281000000 0.114464000000 
0.051609000000 0.278667000000 0.226420000000 0.215162000000 
0.202925000000 0.103183000000 0.070754700000 0.067125200000 
0.017162800000 0.432552000000 0.381055000000 0.366525000000 
0.045389200000 0.285684000000 0.233096000000 0.221538000000 
0.092127800000 0.212559000000 0.164627000000 0.155860000000 
0.102665000000 0.197298000000 0.150758000000 0.142680000000 
0.359741000000 0.026694300000 0.014947400000 0.014697200000 
0.016255400000 0.439382000000 0.388137000000 0.374081000000 
0.290575000000 0.052133600000 0.032156800000 0.030943300000 
0.256372000000 0.068822200000 0.044324900000 0.042393200000 
0.409760000000 0.012091300000 0.006205190000 0.006210280000 
0.127769000000 0.171611000000 0.130345000000 0.121693000000 
0.152054000000 0.141477000000 0.102011000000 0.096438600000 
0.206479000000 0.097576300000 0.068639600000 0.064381300000 
0.078305200000 0.222449000000 0.173741000000 0.164445000000 
0.234426000000 0.079770100000 0.052550400000 0.050108700000 
0.052004300000 0.270258000000 0.218958000000 0.207611000000 
0.137751000000 0.155177000000 0.116565000000 0.108796000000 
0.062912500000 0.245762000000 0.195293000000 0.185067000000 
0.058201800000 0.252632000000 0.202058000000 0.191403000000 
0.146700000000 0.145489000000 0.105395000000 0.099585800000 
0.056119400000 0.265214000000 0.213471000000 0.202589000000 
0.192945000000 0.110793000000 0.076839800000 0.072831900000 
0.013936500000 0.446118000000 0.395299000000 0.382450000000 
0.019042500000 0.418992000000 0.367242000000 0.352241000000 
0.032998600000 0.338325000000 0.284489000000 0.271623000000 
0.127930000000 0.168066000000 0.124941000000 0.118145000000 
0.377979000000 0.021178800000 0.011533000000 0.011427000000 
0.033560800000 0.334065000000 0.281086000000 0.267992000000 
0.215497000000 0.091977100000 0.065426900000 0.060902200000 
0.478517000000 0.000321915000 0.000192399000 0.000185177000 
0.101773000000 0.203101000000 0.155745000000 0.146991000000 
0.069717400000 0.238127000000 0.188351000000 0.178311000000 
0.030777000000 0.342813000000 0.289732000000 0.276655000000 
0.093969800000 0.206468000000 0.159239000000 0.150744000000 
0.110727000000 0.184943000000 0.139975000000 0.132418000000 
0.220429000000 0.088450200000 0.059243400000 0.056345100000 
0.115926000000 0.180777000000 0.136055000000 0.128736000000 
0.028426600000 0.348559000000 0.295089000000 0.281674000000 
0.174562000000 0.124284000000 0.087739200000 0.083067100000 
0.084912800000 0.215660000000 0.167189000000 0.158081000000 
0.024047400000 0.362402000000 0.308418000000 0.294890000000 
0.184516000000 0.114624000000 0.082559200000 0.077251400000 
0.418707000000 0.009570780000 0.004834120000 0.004848340000 
0.249250000000 0.072725100000 0.047195600000 0.045077000000 
0.402000000000 0.014144700000 0.007384840000 0.007373450000 
0.016839500000 0.433059000000 0.381572000000 0.367085000000 
0.267439000000 0.061798800000 0.039113700000 0.037528500000 
0.105846000000 0.190588000000 0.145001000000 0.137151000000 
0.349608000000 0.030087700000 0.017101900000 0.016752700000 
0.199237000000 0.102844000000 0.074031600000 0.068766500000 
0.026310900000 0.356167000000 0.302451000000 0.288965000000 
0.462724000000 0.001778810000 0.000847726000 0.000847678000 
0.041135800000 0.290417000000 0.238585000000 0.226539000000 
0.066785300000 0.240992000000 0.190719000000 0.180503000000 
0.304538000000 0.047658700000 0.028955100000 0.027929000000 
0.171398000000 0.127657000000 0.090571300000 0.085703800000 
0.449861000000 0.003548450000 0.001706310000 0.001699920000 
0.023706900000 0.365744000000 0.311687000000 0.298108000000 
0.026706700000 0.350842000000 0.297328000000 0.283841000000 
0.022351700000 0.371014000000 0.316898000000 0.303198000000 
0.037851300000 0.309490000000 0.257292000000 0.244602000000 
0.474661000000 0.000698724000 0.000392495000 0.000382402000 
0.076100300000 0.230767000000 0.181126000000 0.171358000000 
