2.0 18.699093720682775 207.19050185011645 
16.693133181974815 2.235094471887637 6.665459076923078 
2.0 2.0 0.27532802230723563 
15.1318020772892 3.159798115529707 128.0 
2.0 19.513556864733133 184.7927520993694 
2.0 18.209364080748617 256.0 
27.363363613160654 2.168352295954572 7.047698506457367 
10.053618476594988 2.0495510817376204 0.28483759428607924 
17.111711723726394 2.0059088406356747 2.1884673984669925 
2.0 23.159237040391186 150.3962593609761 
25.4449823310448 3.083712709078724 9.543003186522789 
2.0 3.388848304853557 1.7061057083825375 
2.0 3.8174661440087325 1.5545145979346309 
2.0 2.1058988994555556 0.7965043869133268 
2.0 2.0 1.5224790193960587 
40.95489292299543 2.3702510702712525 0.5056947931316583 
14.899331039766277 2.056808009035937 0.44035620391244756 
28.343219553084666 2.5434990287586867 0.0 
2.0 2.0938393744560564 0.9305305437971645 
2.0 3.9161757343669787 1.5087987813866004 
2.0 2.0 1.1288487367659292 
2.0 2.160482767219895 0.5938498974404283 
17.410568013097187 2.2264405080181815 1.6840631879071724 
2.0 2.0 0.8961444745246734 
2.0 2.0 0.7660224418024233 
2.0 2.098388405965258 0.7279639787830502 
2.0 2.0 1.051456554923213 
2.263528078814365 2.0601558539488267 0.7016345495361537 
2.0 2.043551898897995 0.9752159836056862 
21.475355390237386 2.2210353006956227 2.485927039580007 
3.9533440469455634 2.1074555251667 3.838447303934026 
28.161766650495146 3.301952198006904 12.104141001100004 
2.0 2.8168587863663705 1.3757447183462272 
22.594221877173837 2.0 2.744460228028587 
2.0 2.029276719539809 1.4793778912076516 
2.0 2.1392288777890758 1.7315433904858253 
30.62673336215222 2.009254895734887 2.667265415252214 
2.0 2.0 1.258728261363175 
24.535299010504154 2.709843941148665 16.43333730803966 
23.409150104684326 2.0270127937311173 2.813216358186548 
5.91875948097019 2.243456815912513 2.056521567683303 
3.7207732130824986 2.0500628927537785 1.9610842801346422 
2.0 2.0 0.6371280204907883 
26.66378927600948 2.8725674874779217 20.11777884047885 
2.0 2.0 0.8706431414874173 
2.1702910273349114 2.1662866939171934 1.002839373464821 
2.0 2.0 0.42305663740281824 
3.2388790719762515 2.8193822648744735 1.7099691799021328 
2.0 2.0 1.5444588686714018 
2.0405421590368813 2.527412362557407 1.178285080850389 
3.729078187711805 2.0241340972087456 2.2351917896874607 
2.0 2.0 1.0875209088821425 
4.245004283481734 2.0744857219285744 2.8512955419419637 
2.0029405322555105 2.788448460269269 1.656569074912588 
14.57616944951093 2.184130129227746 2.3467158869955753 
4.089450672224655 2.033999084575308 2.603711795011278 
2.0 2.0 1.574718377899743 
19.65999467042966 2.3895975638620426 2.5035518537202934 
2.0 2.0 1.317254392990244 
17.548738850992073 2.678519001101709 128.0 
25.329412708912912 3.4500420676701022 10.651007879501591 
25.827108045108393 2.495439189929537 3.7938387310728747 
3.6142635102014133 2.026312796197641 1.6968566065093307 
2.0 2.0 0.5660014010206283 
5.132462374742914 2.0 4.450326623798247 
2.0 3.517381493456576 1.1112718455904655 
2.0 2.0 0.0015990204107083628 
3.222098523899785 2.0 2.0279583083314634 
4.45432507268897 2.2665801922608133 2.42493120528207 
7.137884542736705 2.110966196573847 4.5690533744688695 
6.821961446361378 2.0 1.992974616794036 
7.28203438207561 2.041160918238516 1.8085249551752265 
2.0 2.0206863732392186 1.1482608144481097 
3.5076320441147044 2.0276820809342624 1.81152417436195 
5.794904031872257 2.0879890336025317 5.070201199813978 
2.0 2.0 1.416427241694166 
5.467265515330425 2.0 2.108849396696817 
22.769107337936262 2.018025315707703 5.090405668841834 
2.0 2.580911868720465 1.3182266473026734 
2.0 2.0 0.3703442105177217 
2.0 2.0 1.0326382973638224 
2.0 2.1056859649426056 0.45954293843864846 
24.61604004643681 2.728233688462416 16.646117300302283 
2.42679273594595 2.105453385491752 0.9529217030934141 
7.225587777259955 2.324457671904409 1.8488634836916387 
2.1244559061345507 2.002815340228029 0.6748182611796518 
2.0655551428167533 3.615234874914501 1.1926847390113289 
15.49257413946054 2.0494061822520404 4.921109505163182 
4.074446873150544 2.027312015690492 0.13104418233880455 
4.362242678354395 2.024637182349649 3.1640988046311564 
5.234977467364956 2.254932389582559 2.3823253752225715 
2.0 2.0 0.8340366714460634 
2.0 2.0 1.4427013731514329 
4.115528363399757 2.0135741616245446 0.20179060096136203 
27.187263414999784 2.4753778459528815 5.282187757411894 
5.649855343990855 2.0 5.244160671160557 
28.95747504897311 2.0 5.716843283441409 
3.681663261859876 2.0325679311325917 3.5801825549751514 
7.972443275648115 2.07428847418581 0.04457375138890064 
4.672118719383408 2.0492192649592016 2.2541780170695134 
