93.47217234420162 2.0 256.0 
2.0 2.8431059511110925 4.119840256616002 
2.0 3.6717181124305958 2.731093830407409 
2.0 2.0 1.840903422980846 
2.0 2.0 1.5260723326808643 
70.12931790676407 3.5138237556478806 0.1677951818212522 
2.005121987782018 4.1585385734616 1.6116156447747039 
2.259096538991244 6.025205379579358 6.977297420245949 
2.0 2.806670354344944 1.9456943810947551 
2.0 2.6731574776685796 0.9574725122476127 
2.0 2.435375794874623 0.8005132453411897 
2.074328410532311 4.092939414750929 1.3663805427690852 
2.0298934712042542 2.5044757108587454 1.4700388083296843 
70.75187820590321 2.704141355019213 0.11730712186449638 
2.0 2.0693566720551617 1.680397607056853 
2.0 2.494740620635562 0.8591013171329209 
2.0123560550942057 2.0 0.9323982158634401 
2.0 5.261319427888894 2.906824931224786 
2.048668606045099 2.5124100953190074 1.2349411604618679 
2.250797495090261 5.201874483951147 3.8271028411309276 
2.0441379510174142 2.518083947560747 3.979329009723966 
2.171658228465157 10.251521944051994 6.212002464121238 
2.0 2.0 0.8927856655454673 
2.0409509889376523 5.718900291010267 3.729107744140848 
2.0186060505288834 4.2011050522651665 2.229286707167926 
2.2667656864715484 15.041504137135817 8.730278262323706 
2.031934389931737 9.901204212913006 7.460460515462119 
2.1218103986214225 2.9879790702518108 4.456184279906298 
2.0736482489111085 3.2308229235589296 0.7093277197906953 
2.0339767089578795 3.18220670800579 1.0540190989934377 
3.4164704971765865 2.0089386115658012 0.9702425736658018 
2.0563717099940897 5.321737466218327 2.152927940148021 
2.026195417477693 31.91496621119775 0.5055570644062128 
2.070273551563651 5.281664952508507 2.4424450454234576 
2.0 7.874827487101086 4.57519055406533 
2.0 12.85083843186585 9.09812753832593 
2.0306851068575833 2.7373667101282573 1.0187042084340594 
2.0365440429141284 39.30183922634944 0.2578549110142117 
2.0 4.101550082983774 2.5962400787760638 
2.025168550454057 2.89818155261246 3.206557246814345 
2.0049863995218313 14.881653917011032 10.071601257436953 
2.044174865328929 2.5445819087203034 1.1692058521267967 
2.0 17.40377480727311 11.04409432245891 
3.0290805015229703 2.0400448624067065 1.2873897540874844 
2.0 2.8090901979905736 1.653048996638982 
2.006701913770755 5.639062067434809 3.014074775669508 
2.0 2.0 1.2689337875595892 
2.0 23.025442035157198 0.0 
2.0 21.47476194128653 0.10099898743555119 
2.011500833627443 2.9520369031671376 2.1609472169438235 
2.231585185948294 11.056065421350192 6.502178368285076 
2.154471212212785 3.4628762492262024 2.6224246232481403 
2.0 4.182604542002705 2.7975356803299793 
2.0385615545628073 5.893127582600118 3.6529050598524972 
2.000683672045601 5.663224123483733 3.2115099810750243 
2.6936230737051723 2.0 1.3109102351879578 
2.167569039729459 10.632275360304236 5.058863978996431 
2.185571447388328 8.503443562512432 5.920683327615275 
2.0021358013732367 2.7672787426748964 1.8795915100903666 
2.0104701219498384 7.657314442773635 4.854997323224032 
2.3412378030473135 5.4780199956414855 0.8157142233973912 
2.0001135839063306 3.3356804277220107 1.2150538379366942 
2.0 3.0967931317932065 2.2456436575413354 
2.0 2.0 0.021445383094711445 
2.0011661497378066 8.062504557523388 4.198356987610048 
2.0147553136290433 8.906367069552008 5.287309564172113 
2.1604994605517316 2.4964774091068715 1.3970102595407092 
2.2868022956202894 3.6883776893635543 3.0632004270202833 
4.148178021402236 40.881702023564074 0.17516554867856904 
2.0 3.6618605037012455 2.5441690475571077 
2.025973103228747 4.656683757136527 3.0615892536439593 
2.0 22.436547519860188 15.40266220485011 
2.0 11.162368897497789 6.759080261164142 
2.0 3.3569744671303017 1.8013704567718107 
2.0946159210578283 5.829897320332238 3.946686953340168 
2.0 3.42091730729533 1.1022802603883692 
2.0 2.0 1.5619944653299491 
2.044960568027092 2.8274385681343004 1.7451482632168727 
2.0282068347264124 37.617795334021125 0.0816725786232908 
2.2491976442979755 9.48019765901385 5.526234472398084 
2.9585447749785088 2.0 1.4834830921792919 
2.0305618543602075 2.9091098013921695 1.92562080623114 
2.00064738602404 2.7606701205100084 1.1313162326718227 
2.0 15.197128240094864 8.15067753162507 
2.175877553667721 9.052423932970282 5.738862241796507 
2.0 3.7413938586617945 3.3982757571889257 
2.0221823610003216 3.1952993606904627 1.1879385263966054 
3.055310476954866 2.0 2.2688656961334677 
2.0001581522087153 2.2130271603447014 1.4222378924355086 
2.0171945751225864 3.037778544515378 2.00909866036271 
2.000562130714894 8.536179382366988 2.1442912287376323 
2.1330150517095428 4.406620674690572 2.4655896245548115 
2.0 56.415592040898545 0.3249540906432311 
2.0056173793048035 15.375219342322428 13.093367886757354 
2.0 4.133087466520778 3.198276701322785 
2.351904123299727 2.712581157559084 2.3376283374993707 
2.0 19.27884999581643 20.10495769179578 
2.0308713183881113 6.20603587406254 3.5602476735244535 
2.0 64.0408141818411 0.14983913720695452 
2.0133032501071764 5.468934682015428 4.024112669334487 
