0.076522800000 0.612840000000 0.599929000000 0.606431000000 
0.203328000000 0.248107000000 0.226310000000 0.252199000000 
0.075508600000 0.632866000000 0.619316000000 0.625254000000 
0.176620000000 0.276244000000 0.254020000000 0.280036000000 
0.598667000000 0.029915400000 0.023517700000 0.030848400000 
0.075690300000 0.617161000000 0.604944000000 0.611071000000 
0.071241900000 0.641299000000 0.628974000000 0.634355000000 
0.069808500000 0.646777000000 0.635246000000 0.640267000000 
0.082697400000 0.595862000000 0.581943000000 0.586517000000 
0.630565000000 0.021560200000 0.016382400000 0.022111900000 
0.233575000000 0.217839000000 0.196911000000 0.221976000000 
0.157831000000 0.288563000000 0.265847000000 0.292111000000 
0.485227000000 0.064884600000 0.053850500000 0.066973400000 
0.074541600000 0.637059000000 0.624301000000 0.630169000000 
0.343107000000 0.132415000000 0.115476000000 0.135885000000 
0.088371300000 0.447164000000 0.426438000000 0.445211000000 
0.709590000000 0.007802550000 0.005918520000 0.008560680000 
0.332561000000 0.139264000000 0.121928000000 0.142992000000 
0.621843000000 0.024873700000 0.019231000000 0.025874000000 
0.586943000000 0.031651500000 0.024822700000 0.032665400000 
0.696641000000 0.009319180000 0.007721620000 0.010124600000 
0.498682000000 0.060217400000 0.049557500000 0.062312900000 
0.218448000000 0.236542000000 0.215097000000 0.240646000000 
0.238536000000 0.211804000000 0.190912000000 0.216003000000 
0.430406000000 0.090178800000 0.076566000000 0.093148500000 
0.514944000000 0.054119400000 0.044151600000 0.055983900000 
0.609234000000 0.026924800000 0.021112800000 0.028085400000 
0.132007000000 0.321154000000 0.298159000000 0.323733000000 
0.658155000000 0.016597300000 0.012757800000 0.017520600000 
0.218853000000 0.228964000000 0.207558000000 0.233078000000 
0.098499800000 0.393702000000 0.371869000000 0.394549000000 
0.103652000000 0.378134000000 0.355826000000 0.379240000000 
0.680887000000 0.011940800000 0.008995130000 0.012666500000 
0.437489000000 0.084506400000 0.071426700000 0.087293800000 
0.108112000000 0.363672000000 0.341074000000 0.365026000000 
0.299272000000 0.163701000000 0.144882000000 0.167509000000 
0.145338000000 0.310079000000 0.287286000000 0.313064000000 
0.365191000000 0.120970000000 0.104896000000 0.124263000000 
0.324826000000 0.145905000000 0.128213000000 0.149417000000 
0.116584000000 0.346121000000 0.323172000000 0.347811000000 
0.138879000000 0.319320000000 0.296590000000 0.322039000000 
0.292343000000 0.169310000000 0.150396000000 0.173205000000 
0.559751000000 0.039764200000 0.031672700000 0.041227100000 
0.351249000000 0.129277000000 0.112626000000 0.132592000000 
0.418273000000 0.095987400000 0.081791300000 0.099152700000 
0.670584000000 0.014296100000 0.010724300000 0.014981800000 
0.375343000000 0.113974000000 0.098263300000 0.117239000000 
0.317248000000 0.151565000000 0.133513000000 0.155149000000 
0.197284000000 0.253247000000 0.231025000000 0.257381000000 
0.089381200000 0.439617000000 0.418989000000 0.438198000000 
0.307050000000 0.158389000000 0.139888000000 0.162351000000 
0.099855900000 0.385989000000 0.363765000000 0.386916000000 
0.096749800000 0.397850000000 0.376032000000 0.398437000000 
0.472991000000 0.069327400000 0.057567400000 0.071690700000 
0.085128300000 0.578233000000 0.562248000000 0.567493000000 
0.767416000000 0.000689385000 0.000713396000 0.001183270000 
0.261421000000 0.195372000000 0.175391000000 0.199703000000 
0.358894000000 0.124461000000 0.108231000000 0.127852000000 
0.081196300000 0.608420000000 0.595195000000 0.602082000000 
0.570289000000 0.035985400000 0.028515400000 0.037267500000 
0.184888000000 0.270138000000 0.247883000000 0.273907000000 
0.266583000000 0.190469000000 0.170366000000 0.194691000000 
0.123994000000 0.341420000000 0.318659000000 0.343194000000 
0.255047000000 0.197840000000 0.177645000000 0.201868000000 
0.157054000000 0.296556000000 0.273844000000 0.299825000000 
0.541701000000 0.045073900000 0.036200200000 0.046535600000 
0.106157000000 0.371523000000 0.349078000000 0.372795000000 
0.094594000000 0.405190000000 0.383679000000 0.405521000000 
0.527123000000 0.049437900000 0.040052700000 0.051014000000 
0.723591000000 0.004999800000 0.003982500000 0.005925230000 
0.113739000000 0.353297000000 0.330596000000 0.354940000000 
0.169979000000 0.282716000000 0.260111000000 0.286674000000 
0.444425000000 0.080753800000 0.067946900000 0.083193900000 
0.450891000000 0.076861100000 0.064375900000 0.079163500000 
0.462885000000 0.072728600000 0.060771700000 0.075124500000 
0.405062000000 0.102153000000 0.087672800000 0.105602000000 
0.112921000000 0.357027000000 0.334307000000 0.358577000000 
0.277466000000 0.180521000000 0.160887000000 0.184594000000 
0.081431400000 0.602450000000 0.588931000000 0.594025000000 
0.268634000000 0.186781000000 0.166965000000 0.190763000000 
0.286305000000 0.178204000000 0.158542000000 0.182524000000 
0.245004000000 0.208587000000 0.187688000000 0.212844000000 
0.228927000000 0.222834000000 0.201767000000 0.227033000000 
0.288433000000 0.172490000000 0.153237000000 0.176603000000 
0.153506000000 0.304323000000 0.281625000000 0.307288000000 
0.737730000000 0.003288720000 0.002835390000 0.004320970000 
0.192273000000 0.256951000000 0.234876000000 0.260780000000 
0.084799800000 0.588311000000 0.572953000000 0.578381000000 
0.547204000000 0.043389100000 0.034772900000 0.044772800000 
0.390114000000 0.111325000000 0.095905600000 0.114566000000 
0.644460000000 0.018860600000 0.014317800000 0.019529800000 
0.093042900000 0.411017000000 0.390044000000 0.411333000000 
0.751455000000 0.001626080000 0.001455450000 0.002120640000 
0.210159000000 0.242090000000 0.220321000000 0.245992000000 
0.509585000000 0.057632000000 0.047129600000 0.059894000000 
0.090108400000 0.431620000000 0.410696000000 0.430511000000 
0.189303000000 0.264177000000 0.241848000000 0.268123000000 
0.394981000000 0.107145000000 0.092142200000 0.110081000000 
0.245836000000 0.204184000000 0.183544000000 0.208405000000 
0.125058000000 0.332796000000 0.309801000000 0.334897000000 
