2.0 44.79964310582374 128.0 
23.374981387037153 2.0 2.6556963602856882 
3.009844806432495 26.98446627174674 95.1737119647139 
28.578066734730882 2.0 3.033199438276289 
21.97277170085832 2.0 0.6111761336277901 
2.0 76.98145318575419 0.0 
2.824096569387705 47.55841181905563 128.0 
2.5802191382358033 92.16578796656778 0.0 
2.0 79.3395805983314 27.125305749174235 
7.42144898541076 2.1084133861478724 0.5536016352747529 
21.006752825170146 2.0 2.345162345586768 
8.878113528819895 2.0 3.295481522455181 
17.621361390842665 2.0 0.9665645854197144 
2.6502069006193043 31.425421607823758 137.70210373665643 
12.120262001090392 2.0 1.5550205103044048 
11.764026990503478 2.362652771436604 9.822211815887211 
19.604401853785355 2.0 0.29064058641564494 
11.711883300405956 2.0 1.6343716169848985 
10.840489908799247 2.145392032474169 0.5902932094376014 
11.900717584624175 2.0000683130405355 0.662779484880101 
84.49282013592949 2.0 0.3025894205689186 
13.047065644216186 2.000092186624556 0.9489671797442851 
28.34876570799344 2.040767527776271 2.575734745203091 
12.223660426427937 2.0 2.2841361995126492 
19.985069961014286 2.0 1.1941629901145152 
10.548461773157872 2.000071336032698 0.8996000671250062 
25.45915271157361 2.0 0.5828040457034573 
9.475826913641628 2.0 3.823725092749979 
20.63987998222848 2.0 0.4684400154963617 
14.726608240144925 2.30262345413439 2.4681685783482648 
12.457825912970286 2.340481384321513 5.678004313588929 
12.322842368659824 2.3547389313284564 5.152589761360614 
12.821739344260791 2.2851085380908676 0.3716202521871995 
19.62432254657043 2.003411493286122 1.164981460847958 
11.579311236913089 2.3779066867759613 4.776039393750138 
12.486099474144263 2.256660945971521 1.8329549313619489 
13.343965015828829 2.2802864034650288 3.5819104322729114 
15.333086797193449 2.0 1.4547812384732635 
17.803795294983587 2.0015131031340454 1.67938533549985 
9.291405476703787 2.0 4.333891638027255 
12.233725355051236 2.441114126177395 3.8070063682184268 
22.692784720852206 2.0 1.8639326029858752 
9.373224238592595 2.0 0.7634016890606574 
18.472727364068263 2.1472072159439173 1.5471451243715815 
12.878835638476584 2.070127160370458 1.2571752198622779 
10.20228212731063 2.002852451794063 0.42399456852231576 
11.628400411994471 2.0 1.4071627257556407 
18.26969331624832 2.0036562909437605 1.7146538967265108 
9.040341514693967 2.0 2.8153329336724937 
15.202176962577244 2.0 8.577075532186694 
12.909196675081063 2.0235262032022012 1.7885740917765882 
8.800353952568235 2.004424533206032 5.408829309305011 
8.559251920701401 2.0 5.859135573163102 
7.4371171421460645 2.133447620113134 1.0313401025887239 
2.0 37.38995542511817 17.231613703822067 
2.8567191690164435 2.0 0.01707399217043465 
29.875476221011564 2.0459599281000007 2.0884591351001482 
23.744313417213156 2.00275007122429 1.4920438688693705 
2.0 29.762839243706015 103.75087843346017 
12.56419124926761 2.010768910705393 0.7186132964171603 
22.774567325881225 2.001765551868163 2.9855922972409354 
13.005403454121579 2.253432917923196 2.0583392338411812 
21.920819888727742 2.0 4.146667429990927 
23.617118823939613 2.0000305970547143 2.1148571514869268 
10.128375778177954 2.17354113729015 3.4414939839981376 
10.162228282984405 2.0 0.8002402592206318 
12.255629165543906 2.0 4.994794242067773 
8.857571100273564 2.000169907612366 6.203698777286865 
12.368786920237506 2.0 0.8573762741900249 
17.80941880927039 2.0912365986057577 0.21850905582420727 
11.618120754395715 2.009027505823858 4.524876243338524 
6.921885292390647 2.0063520699036257 3.271229781089731 
13.85284440704982 2.0 1.1462601073926137 
12.13073588595185 2.002788068914088 1.0998458837751603 
19.112090595374514 2.2818382054715514 1.078043717213613 
28.9753098313751 2.0 1.2705025551632474 
9.796675877944864 2.009741893742484 4.581385318257707 
12.242268521736998 2.189849503037109 2.0047269424376246 
2.0 75.58642980794986 40.028412642107945 
18.322213411356735 2.0217260904325376 2.044516547677344 
7.137427509202118 2.295140252096675 1.9766277385872995 
11.300354495895558 2.293194968762595 2.2631582797008227 
21.21469539767107 2.0084552858041023 2.4364235925100055 
13.119838200129921 2.0 1.9116459394664709 
18.317197730806733 2.08613914499161 3.504586244366987 
13.083719457922864 2.5335914582073737 0.10997803003875184 
18.27760954534295 2.2742665240211597 2.804092749714715 
2.0 33.522672134585406 25.605917566852288 
12.079243057211507 2.4075602566988006 0.7905724318458929 
14.676103562039495 2.070940188076305 1.3972082454001848 
9.5523091182096 2.0 0.4919104678850692 
9.726779797743367 2.004860727711445 6.501625366520659 
19.22577737482321 2.1760315006560735 0.03440468552466969 
19.970605115862696 2.2390578876054548 2.6096301641485002 
5.487532114137515 2.0 0.938482356262342 
9.529014710054577 2.0 8.022159558991376 
9.90311414934165 2.010641297000682 2.9349675065052456 
17.899347708773355 2.0022093206507163 1.3711004314766662 
13.203736099440027 2.0 2.1962626767068345 
9.444176363810708 2.0781902558142473 4.050396740469434 
