3.3047846658719404 5.568718329465371 14.234665274702195 
6.240717835392326 2.0 0.0 
4.043754324687485 10.41530995950286 22.282843915161653 
4.409442953206554 4.8387943741277235 11.584861030740962 
4.360022830000944 5.282564342810833 6.365767429424594 
6.162185397859643 2.0 0.016509513088685424 
6.160296326961355 2.0 3.7192160706251967 
5.932626849458613 2.0 3.173032905419314 
5.215525717473216 2.3450125592793043 1.66433620368445 
6.4918498437947125 2.013093270193384 3.909891988134729 
7.081346525040178 2.0 0.6536764741098728 
5.173353346196142 5.3274864133891215 6.949578744896339 
6.165417355742997 2.288442638010716 3.246519279851948 
4.492892688067914 2.292496904046019 1.0047828720204504 
4.5833300198124824 2.4453510100945137 1.757267860865546 
3.674868090453932 2.0029893775527117 1.0845627998817526 
6.463545629409803 2.0 3.6192893056639606 
4.208273716354494 2.4749682192301714 0.5500790257071495 
2.0 2.0 0.8110491609418886 
2.0 14.389832591899848 0.16900832445323055 
3.500906074989609 2.2644928907771624 0.9332712254785291 
5.254566579225386 2.2066052439491632 1.547249898568438 
5.473142707464586 2.0 1.0224016865209582 
8.342321013683247 2.267996041425843 3.1772869980081473 
8.373054159400827 2.003153511766888 2.500609547146412 
2.620370579106266 2.010896724461764 0.9921880284792899 
5.495816374101744 2.0002041079482775 2.2391942316639604 
5.285755827557019 2.1129830651147237 1.900653058908957 
4.149964443949934 2.4127477395539687 1.4355586545745216 
5.369666937974296 2.0526647464973986 2.555227929122298 
6.293365052413513 2.0494716715075785 4.946698602313892 
5.011656918264935 2.0 1.2725904313401577 
3.2540249512455586 3.3956490738044818 0.5820823497783933 
4.66812799095466 2.0 0.7096699564839803 
4.722905106861645 2.3444932210393046 0.9010205525590437 
5.109045651968868 2.2282559311257164 1.9509713948898186 
4.91704713964244 2.194737213469714 0.8003932813760761 
4.410601122469837 2.098115176330793 1.3775838370424889 
4.6065672615746145 3.124945914572583 0.37364133912356395 
2.0 2.0 0.7177219165563501 
5.2608451523309 2.2870478290317693 2.3775768282186744 
5.380420274445399 2.3870350850787356 2.045845155705725 
5.919601718620332 2.0 5.3205328327046635 
4.959477679723009 2.2500226853293483 2.0127832129908514 
5.091229894219245 2.0035963265473264 1.3239165519594667 
4.899775334713972 2.3489670579505075 1.5861657668251756 
4.945951322321106 2.0234517939402714 2.766386302862868 
4.280895261595113 2.0 1.3191168535880615 
5.261839117986773 2.0 2.2980512500500687 
3.5565469282511617 2.1000851971966066 1.1154856671746707 
5.11345865069729 2.196147507784729 0.941286462819442 
5.483071011430491 2.0 2.6144927148984456 
5.085078906152588 2.2289116217818514 1.8515820891737815 
4.876256153993843 2.1439663293065157 2.1199346808158013 
5.107485303214074 2.0987187938629055 0.7475035916982071 
4.716000586796765 2.062192711889372 2.177232851998878 
3.422961203606869 7.937306888318626 10.352939083708831 
5.396426445323127 2.0 1.1350061184008935 
4.942222559119708 2.0 2.8501759929823995 
4.969695298993259 2.1079531079885117 0.8541752810407484 
3.4690452127895526 5.336351672846988 13.277179583799587 
5.288237764228343 2.130837303571776 1.5377058533682242 
8.26673590230834 2.313606736847956 2.9429365557886573 
3.504087622606825 2.003481676833275 0.47491498606296667 
5.492642176822361 2.0 1.4553471840161918 
3.532452160079702 2.195758984053567 1.5167293388516399 
4.516111159985549 2.187905527117526 1.0505796329921995 
4.711814468872701 2.0 1.8058216938582783 
5.4585300808752315 2.0 2.4437783057337987 
5.350273533752835 2.0971659180847015 1.6456298674855705 
6.0550132123058535 2.065330784188767 3.4705751358398778 
4.200124193674013 2.0 1.1789202656625501 
5.022064342616021 2.172719234339137 1.6946089606651251 
3.52983603928051 8.45518307767049 10.457642397415636 
5.757510299889333 2.0 0.5084552877787655 
14.654494836093871 2.0621139349101902 0.3762786329332565 
4.903754877289134 4.856699434545671 5.660695723310303 
6.369838394564051 2.0002695820447407 8.495466843470245 
4.633529144511309 2.308151147665734 0.8321395848047164 
4.900291517605933 2.0 1.348461574526084 
5.9273722886942135 2.0447230504643414 4.189579201168156 
6.16521673130526 2.0 6.114906339057377 
2.8881890050902603 4.934184309239586 6.183091084010272 
5.617296921983947 2.107382608610478 3.360110102312654 
6.037468232673303 2.0 6.470696148804708 
6.06092827541892 2.1203084880509118 5.544758303723863 
2.309566713928125 2.0353785957125288 0.215426522167175 
4.935566927902292 2.2251657272461176 1.2057083728984868 
6.249420490445726 2.0224833207516513 4.36462821059172 
10.462568227337076 2.0 0.2904352704037594 
5.596881876639455 2.0 3.005771840107649 
5.878353579068994 2.279812583765415 1.4081846068628576 
4.54732043485826 2.2333479285582554 1.2382644971616774 
2.644200133016507 2.0046879239930515 0.5877633711990816 
5.4397264056634596 2.0487810952808325 2.712865898096329 
4.5947826319912215 2.2750869546556793 1.6164614033798141 
5.341836210680531 2.258352796154404 1.7382210589353528 
6.110335371198837 2.0 4.614251869524841 
4.403721030221399 4.6320546267859015 7.230708885559196 
6.434224195155626 2.0 7.19685410929653 
