0.076541900000 0.312784000000 0.264847000000 0.266742000000 
0.057488400000 0.357083000000 0.310020000000 0.311531000000 
0.082721700000 0.310126000000 0.261746000000 0.262259000000 
0.043563800000 0.379146000000 0.334269000000 0.336492000000 
0.067034200000 0.335607000000 0.288360000000 0.290708000000 
0.432940000000 0.039110300000 0.026148600000 0.028043100000 
0.073711900000 0.320994000000 0.272859000000 0.274665000000 
0.053236500000 0.360492000000 0.314164000000 0.315981000000 
0.044889500000 0.374699000000 0.329469000000 0.331930000000 
0.023727400000 0.484742000000 0.457916000000 0.470796000000 
0.425022000000 0.042284700000 0.028545600000 0.030664600000 
0.499018000000 0.013559600000 0.008789480000 0.010290600000 
0.442854000000 0.034794300000 0.022928900000 0.024736300000 
0.473353000000 0.023575500000 0.014988000000 0.016226700000 
0.392514000000 0.054217200000 0.037203400000 0.040052900000 
0.022613500000 0.489560000000 0.463155000000 0.475680000000 
0.319766000000 0.091253700000 0.065102900000 0.066959000000 
0.453309000000 0.030754000000 0.020288800000 0.022286300000 
0.336500000000 0.087024300000 0.062439600000 0.063737300000 
0.410544000000 0.050385900000 0.034289000000 0.036260500000 
0.035489600000 0.468549000000 0.439439000000 0.453384000000 
0.156502000000 0.191968000000 0.155817000000 0.162644000000 
0.042034100000 0.397555000000 0.354435000000 0.357083000000 
0.485802000000 0.016813200000 0.010837800000 0.012511000000 
0.513119000000 0.010520200000 0.006890270000 0.008751820000 
0.022515300000 0.492410000000 0.466288000000 0.478593000000 
0.099717100000 0.245753000000 0.205892000000 0.213947000000 
0.039019100000 0.455508000000 0.427542000000 0.448166000000 
0.025815500000 0.479389000000 0.452232000000 0.465144000000 
0.417128000000 0.044366300000 0.029844200000 0.032498700000 
0.279245000000 0.109124000000 0.079822700000 0.082348100000 
0.036415100000 0.465120000000 0.436129000000 0.456264000000 
0.150539000000 0.210438000000 0.169050000000 0.173226000000 
0.550723000000 0.002065360000 0.001319610000 0.001806550000 
0.521655000000 0.009212630000 0.005621950000 0.006493300000 
0.059049600000 0.351381000000 0.304520000000 0.306381000000 
0.069447000000 0.330080000000 0.282779000000 0.285184000000 
0.184558000000 0.162115000000 0.128537000000 0.134121000000 
0.090229000000 0.260720000000 0.220539000000 0.229335000000 
0.119143000000 0.222996000000 0.183982000000 0.190788000000 
0.135536000000 0.209158000000 0.170922000000 0.176901000000 
0.151110000000 0.192900000000 0.155590000000 0.160704000000 
0.413614000000 0.048479000000 0.032688000000 0.033650500000 
0.494076000000 0.017173200000 0.011003400000 0.012314000000 
0.050450300000 0.364641000000 0.318614000000 0.320482000000 
0.159164000000 0.185455000000 0.149772000000 0.156255000000 
0.133832000000 0.221833000000 0.183192000000 0.190820000000 
0.357444000000 0.076576900000 0.054255600000 0.055749700000 
0.461364000000 0.026670300000 0.017393200000 0.019228900000 
0.048381300000 0.368654000000 0.322905000000 0.324845000000 
0.295427000000 0.108564000000 0.080139300000 0.081560900000 
0.259876000000 0.124642000000 0.095033400000 0.099056200000 
0.042199600000 0.390405000000 0.346587000000 0.348993000000 
0.253564000000 0.128616000000 0.096586700000 0.099184100000 
0.037910900000 0.461664000000 0.431756000000 0.445808000000 
0.212656000000 0.149724000000 0.116088000000 0.119809000000 
0.061286900000 0.344792000000 0.297814000000 0.300832000000 
0.533382000000 0.003521230000 0.002194330000 0.002942520000 
0.083548500000 0.274258000000 0.234074000000 0.243332000000 
0.177336000000 0.178841000000 0.142240000000 0.148365000000 
0.039664300000 0.448848000000 0.419884000000 0.441010000000 
0.028121900000 0.470905000000 0.442557000000 0.455923000000 
0.478818000000 0.020544100000 0.013267600000 0.014641700000 
0.042952100000 0.384779000000 0.340488000000 0.343075000000 
0.176999000000 0.180328000000 0.144636000000 0.150297000000 
0.182476000000 0.169541000000 0.133955000000 0.138099000000 
0.359275000000 0.073608900000 0.050970000000 0.052406400000 
0.115192000000 0.242628000000 0.202868000000 0.211510000000 
0.260365000000 0.119262000000 0.090446400000 0.094710300000 
0.313612000000 0.093114700000 0.066652600000 0.068572700000 
0.088172400000 0.263947000000 0.223775000000 0.232720000000 
0.510376000000 0.014141600000 0.008776250000 0.010338800000 
0.094531100000 0.253069000000 0.213021000000 0.221504000000 
0.348165000000 0.081719100000 0.058217000000 0.059479800000 
0.206742000000 0.151646000000 0.119084000000 0.124333000000 
0.073932200000 0.319707000000 0.280342000000 0.290604000000 
0.273345000000 0.119224000000 0.090425100000 0.094391100000 
0.372855000000 0.062993200000 0.043859700000 0.046858900000 
0.027030500000 0.474064000000 0.446174000000 0.459176000000 
0.063172300000 0.333251000000 0.288091000000 0.295489000000 
0.070004900000 0.328583000000 0.289620000000 0.299790000000 
0.372964000000 0.061928600000 0.043036500000 0.046018300000 
0.302973000000 0.097715900000 0.070383400000 0.072329900000 
0.131649000000 0.222348000000 0.180610000000 0.189884000000 
0.527882000000 0.005843370000 0.003502690000 0.004181840000 
0.040962700000 0.448578000000 0.421593000000 0.442491000000 
0.239171000000 0.134874000000 0.103008000000 0.106538000000 
0.389299000000 0.060775400000 0.042489000000 0.045595600000 
0.402340000000 0.055709400000 0.037985100000 0.039880000000 
0.230143000000 0.139770000000 0.107253000000 0.110788000000 
0.297116000000 0.107196000000 0.077855600000 0.080314300000 
0.061071400000 0.347187000000 0.301467000000 0.307553000000 
0.242459000000 0.126524000000 0.096792700000 0.101267000000 
0.327228000000 0.087856500000 0.062366600000 0.064187000000 
0.216033000000 0.146667000000 0.113416000000 0.117067000000 
0.343612000000 0.083740500000 0.060168500000 0.063532000000 
0.172860000000 0.187188000000 0.147914000000 0.154636000000 
0.201295000000 0.158156000000 0.123642000000 0.127546000000 
0.228859000000 0.141993000000 0.109265000000 0.112880000000 
0.369559000000 0.072441600000 0.051033000000 0.053762700000 
