91.14408138690152 2.0 3.677684932462218 
80.52905147774626 2.0 4.928480348953446 
111.06204756881152 2.0 3.6193662632904022 
76.00608311258803 2.425015119085808 5.940210373294378 
69.43905901828983 2.129074465239791 4.171691492496791 
33.73005120552819 2.0 0.5082584685743298 
82.93769946937283 2.0 3.8891418276930354 
73.28107310317635 2.3232997945080616 5.0616663425478725 
61.06851666493172 2.0 5.819814613041212 
71.26394670498566 3.718947573023492 11.864683431204766 
49.040082708086594 2.463664214612756 0.5145567497901393 
27.370568745491745 2.0 0.2135322463080649 
30.84815826004146 2.0 0.4848585440191726 
35.99992205240226 2.5346265529450855 0.3459662816811815 
2.0 2.0 0.897916164026583 
66.87993468753713 4.138177548582204 12.660462743418124 
2.0 2.6825063183338793 1.2139879393246038 
39.89981192647811 2.2752703584427305 0.4705137068344681 
12.099830928638374 2.5827887396782705 1.0103409840053983 
41.771839679810235 2.374396282310131 0.696176194710754 
90.65857450088055 3.601092040132162 8.836399073755922 
4.036139904871087 2.30016376026096 2.404741404092256 
75.71495625656203 2.0788059196792847 7.122377721884261 
21.782246404087104 2.0 0.3310554695611607 
22.76000717978446 3.5406765313908384 0.15016609800280778 
76.19023331665846 4.3511431959865705 13.319564288856235 
5.001078092626685 2.0 3.204967184055115 
10.46447281330856 2.776116439618301 14.290793259472775 
61.89198104993014 4.0571329235484335 11.205099701640727 
2.0 2.0 0.7785765330720853 
2.0 3.2906047563259904 1.3872030329620157 
13.100682838456999 2.691791293518424 12.917331576566946 
6.73303903533111 2.206316602408352 2.39267744524173 
6.132368826420941 3.0119344508277557 0.03208058519495616 
2.0 2.6981704239418693 0.2643781587904641 
66.02011880576953 2.2881853557712626 4.690702051370247 
69.03550510694188 2.157801014028554 4.034927732657065 
3.6969712822891747 2.3160597267137732 2.0416346096067715 
5.43044058740093 2.1120265476989135 3.5326495347953424 
5.231935468897973 2.0924453539507266 2.8028036275608517 
5.41879294059862 2.1244055986843513 2.5999363104952335 
5.14791687193705 2.0 2.360593861142597 
65.26905180575025 2.962772615803409 0.6029428638714647 
7.487611131064519 2.610576101172095 0.37256177768043 
73.28389307348566 2.2148165425547908 5.295094108464377 
3.997101687061763 2.264606857987481 2.329696638849199 
6.178602971179876 2.0 2.7463342855884894 
9.4568176156506 2.936353177252151 0.9551349560827855 
38.47197148098777 2.014394276545154 0.4513132202030552 
73.1845754311991 2.3978966359436855 5.3621654875998 
10.985757671870218 2.945333746551856 1.2147245558997133 
5.823999210922993 2.2752641956447346 1.5343960980842086 
72.61673996434479 2.0645470728631232 6.523450687903346 
5.228181464422528 2.8236070238292768 1.5087263135684306 
72.52034716359537 3.665826631370484 8.356916331923575 
4.572065585468151 2.020940238806684 1.833566663055186 
62.05093572326311 2.1772352257764322 4.459424854106971 
2.0 3.641210216972324 0.09101320501975163 
4.974274358573555 2.350297922179876 3.8969099655910586 
3.9468789739500147 2.781111194836188 2.0514842388697776 
9.844076527450426 2.6973492654915323 12.024025939725988 
61.64120066429655 4.024278725587563 9.893176324155217 
8.813362657436567 3.1120252559154724 0.39138848273216886 
61.79334361599178 2.0 6.284523458611025 
6.194498359834061 2.0 2.17542204417396 
5.142543979159186 2.3863718071003803 2.0614470407314154 
2.0 2.526040850288899 1.0450146016414488 
5.631167252648385 2.2074125494669588 3.0715276536286784 
4.079250402943437 2.053772288965581 1.54087938743878 
2.0 3.261516181017713 1.2366403910468735 
5.016242338702475 2.2312719243928476 3.6111937752435654 
3.6677748321854264 2.0510149260704282 0.29337482959697464 
4.814531712038462 2.207095554419629 3.355343822501238 
11.76680173952494 2.959459313783296 0.982952408323081 
3.7996635098787164 2.1138241319062905 1.9093285208307182 
6.097684843926826 2.0 5.262566733344654 
6.374362640619063 2.403812408753525 1.4867088427207582 
2.0 2.263524868793117 1.0030868933423278 
51.960598982150515 3.6707939505033087 10.513185427496282 
12.055199272282321 2.1900415367305794 4.9362852048949435 
5.708022976745834 2.0 5.664071647933703 
2.0 2.0 0.9861809116835947 
2.0 3.3285877000242605 1.2853701484683846 
3.316151221085744 2.2162024919334637 2.8905577684584296 
10.55139516846929 4.94488807651706 0.10188953249297356 
6.764391320692967 2.805951394116391 14.31298659019173 
5.304988299442982 2.265810247815844 1.6745707500294866 
6.941669706783806 2.444146080901734 0.8529633826490288 
24.82303271672965 2.0215287382870284 0.7228048719200335 
4.892933186767585 2.273711301600022 1.727980679971681 
2.0 4.211649199404533 1.3148390541918615 
13.782466936127246 2.0 5.167701097643811 
4.046040931739754 2.0347643324270948 1.6164580945033293 
2.0 3.332668839328008 1.1842507202846135 
5.411870730530874 2.093710938561863 1.799830292970134 
2.0 2.0307051990143004 1.2251935527441136 
3.0046625389545873 2.4277773864541787 2.392968158938629 
5.343450602890228 2.0 1.932703532304613 
4.846241992822328 2.3048895593049847 1.7552852800262486 
9.066493861356566 2.231302331635624 0.9376424916297649 
