2.7298972145918396 22.23739744842958 85.07119796619557 
2.0 2.880856487012271 1.3755188868988923 
3.3898078436921457 3.1681541255926486 2.7138355123758586 
9.094432293058329 3.9621621928498607 6.015337755603301 
2.0 2.0 0.30078151804165154 
2.0 13.07698687710176 12.87799467099524 
2.6413343599300387 3.358394190766999 1.6329133968100604 
3.1751088133892056 3.395199255504835 2.175604833074781 
3.3739173118533525 3.4397131506009386 2.0870106951012093 
2.0 16.712421402029147 15.100437092980583 
4.253951450988138 4.213919705884108 3.608626422996212 
3.2318048235427255 2.6157076848469947 1.550601346045323 
3.0312167558282628 3.47846148033409 2.1454503858381426 
2.575539608246542 2.379574596843163 0.9687534543570415 
2.103253255083935 2.0 0.00348861547761814 
3.2606823232295805 2.5272389846287133 1.4501730873291439 
11.867580957051302 4.001625727484102 0.05836608442158413 
2.0 21.27865405772754 10.071600649622678 
2.6453625144675796 2.485657034259949 1.0710988648240791 
3.3466325670588146 2.862586616226579 2.249849644980441 
2.0 3.040054666449481 1.199792730295323 
3.144750192555337 2.6641748038614446 1.5993198774849184 
2.5247004900772363 3.403461296683833 1.758584281013186 
2.0 97.0 0.292319339208007 
4.778857226986262 2.6434096158690967 0.9335167875287136 
4.230851494311877 3.413262336249387 2.834756934302586 
3.28380847691653 2.9269550089482896 2.0380696257370947 
9.317756431774527 4.045558776421223 6.226948115570033 
5.789537238999161 2.0 3.698822070851212 
4.5529172949855905 2.2153348257683385 3.83403317634613 
7.157803977731785 2.6055724917328513 0.6489847123634852 
3.7664244946785312 3.073195873974646 3.2407379375432646 
2.0 3.2016839115084634 0.6952928947655397 
8.061253261596065 2.5086500950715553 0.714226160377112 
2.0 26.60943201500373 29.161363860924077 
8.988319792756707 4.2927271906780184 7.9918686034849475 
8.822583418371899 2.748230207766676 0.6747485348609574 
2.167678680922073 2.8669003286939394 1.1568050205341147 
37.13703638374288 2.7621095471352803 0.2090529523946405 
3.191095558054275 3.1064402642240507 2.8095190581262677 
3.369174571691146 3.099309816164424 1.8825364727675151 
3.460705477620199 16.65716007619388 60.75702199489973 
3.3774620355144673 3.2724089418929063 2.0047912405698325 
2.7442848367754045 2.9039224041036675 1.28190932652371 
2.9318851646593274 2.7713909628268594 2.9510932092918374 
6.471385041605781 2.184994724945707 4.0935975576069135 
2.754340829076857 2.897824035455152 1.8007165048127058 
12.497732809895638 2.9287061759783515 0.5124020094245317 
2.8569619966882227 2.915557136789384 1.835013797821537 
2.374610456688636 2.5403289578236694 1.0809920526985424 
2.495791587570024 2.6770180971095083 0.8216546513722569 
4.844707148173847 2.961008700608284 1.2711298065292391 
2.0 2.9949660093082238 0.5120656885156247 
3.2662109709526224 2.558680847414162 1.244356996527118 
2.783293980379197 2.839133801252498 1.376730575561894 
2.7879792227906175 2.945542090658648 1.4688583783044085 
6.584474471256715 4.303671444643232 4.665102504308043 
3.4246596256923265 3.0969748890913786 2.5306285814408866 
6.899328180073352 3.7420034270240667 4.9822987269705825 
4.4914820025677775 3.6280833327867734 4.449572159527591 
4.298951519782003 3.492303332873572 4.061081056144102 
2.0 2.9415026440044025 1.0493837522827731 
2.1633913391720014 21.14865784943098 21.748383648014624 
27.772998159014865 2.0 0.2188596720262348 
5.8778716407614695 3.821207645168566 4.202012209162382 
2.0002093076532765 3.0355991885425286 0.8662541720287908 
2.811833446923762 3.0560897193186247 3.2441144261755506 
2.5414411426990404 3.1224721992177358 2.3875991661857734 
2.8444856406852717 2.802990598971798 2.685658813592182 
2.6993008016042586 3.192325301377921 1.4228634202054273 
2.0 17.102138379427615 206.47801792347548 
2.0 3.1674185203391567 1.123038827646953 
2.695608607762137 2.9399585926692957 1.0474144009419477 
2.0 3.2810613449878248 0.6457481429800431 
2.914783257239768 2.8879081475147848 1.6821444819901914 
3.0374618617725853 2.6396793413763437 1.5055171296638117 
4.889031065019999 2.0 3.9535394949735405 
3.6550888952653553 3.3077111949417612 0.7701345960364243 
2.668298199656587 3.099045508255332 1.9514857157225376 
6.481396588222536 3.5089826982884955 4.039748613171153 
2.0 3.30018709447193 0.948533228143801 
52.43101850479937 2.0 0.37712074933518147 
5.769834088863503 3.9564014771564473 3.927979163140322 
2.1178649772225366 17.77448886667416 19.235439627293275 
6.992298562862538 3.539175024093433 4.202200568506189 
2.5246902573343295 2.4633028774558134 1.3510684309666094 
2.9975913929757594 3.195507417603515 3.0341579519972623 
2.0557808400549713 18.216898438711077 16.826308536605886 
3.112402737876855 2.724954365583191 0.8903952624677144 
7.249073261635479 3.054046879833816 3.4811344213667557 
3.1531939003702623 3.0824859549996635 2.6224462336106216 
3.090026417289703 3.246591696866473 3.1099848890001645 
3.311406911284209 2.3883830066857463 0.9950182233137113 
2.0 23.199288980267845 24.654465261388577 
2.2164545692283775 3.2813869202061965 0.6676429557861496 
9.422830857357969 3.6540636117618144 7.029601393596794 
2.0894327152263523 17.948273990315478 13.351731989969988 
2.5182505680150697 2.9100886049969694 1.729111177097143 
2.0 3.2347129421998058 0.4766700682920899 
3.2740413386256404 2.6079650644452443 1.538210054165676 
