88.7158868505568 2.0 167.1372589909974 
2.0 178.49654756372527 0.5771992741036129 
2.0 192.0 0.0673194496168179 
2.0 113.10860261142962 0.4172565216324795 
2.0 55.98202950795746 0.05286675477666691 
2.0 18.913051495861517 7.166969302354323 
2.14306440269829 67.89454913529937 2.6104522707214124 
2.1084514704766453 92.32423352432329 0.98539376264687 
2.0 65.67011372940853 0.4697019837138277 
2.08037381728533 55.66192715271436 0.3519248746500119 
2.1440921455166335 5.551469270842487 3.3054883254918757 
2.3451990514313388 2.691885961137629 0.8377245522506157 
2.0 7.668765130461111 1.1448656350110493 
2.0482660002987405 3.069802036427687 2.9188284273615075 
2.319259129276926 11.421320871567989 1.264862070252998 
2.1901771795041363 2.0 1.0081210595231807 
2.0 2.0 1.663276593772748 
2.3993176375829277 2.0 1.4232120913042934 
2.15353642249586 9.804582149952644 2.8457124702899104 
2.0 5.691289029452363 7.3637952743990365 
2.2935183744416316 22.890556206600653 15.409526333830378 
2.2958135241663595 11.572867407600214 1.1581840126666676 
2.4118646248425533 10.553542126386652 6.114487563831491 
2.28450600219245 5.322210077414737 1.3494638418236886 
2.0 67.56286918244415 0.0016643099739170886 
2.0174080378959607 18.363500468036627 0.12618912096675716 
2.143101990782716 2.4230274081691663 1.8974275607615112 
2.353568993991553 23.40196549339492 17.17700726261907 
2.282689820844123 15.021050929675766 8.427868691131893 
2.0786660329730444 9.193944394813922 7.900252254784723 
2.0 2.0 1.7706809240976171 
2.4208746679467046 2.0 3.3463343799458367 
2.0 2.0 1.2221516696718204 
2.115111739959732 2.0 1.6375110724609334 
2.1825098538671224 5.594337311426766 9.625904410791106 
2.0 14.67146866404427 12.366373304056303 
2.0231103494445475 37.02325957380405 0.26903800170817416 
2.0 37.706568254898556 2.509936999903621 
2.070416751459743 2.0 0.7785544382541447 
2.0 5.702605785257983 5.303536849724931 
2.0606464664553448 13.45843073760594 10.971559398469676 
2.0 3.38604246247315 1.9640690442928928 
2.0 15.264374092114942 22.054492931006017 
2.3329072611351265 8.798968215800537 9.005205529975077 
2.3427419714100877 12.171717438700897 14.272505829256376 
2.0472159466661437 22.56198807100022 128.0 
2.0 2.0 1.1848679473115995 
2.127222976359724 32.895856662989246 1.351503321388325 
2.0161569587549946 4.283841732740909 0.9768893838672936 
2.280696957862968 16.1842359367 9.917960434549116 
2.0 11.266770326374093 6.352678707986212 
2.0 2.0 1.4781445709691812 
2.4912539750145024 2.0 1.5899961035661119 
2.242657316408687 11.194352560792787 2.653283369956405 
2.0855465106716475 6.4229956229997835 3.7548820144078805 
2.003277519901163 2.4632887193483666 1.2585043065713666 
2.0 5.063740779847381 0.002331138125666543 
2.3548263329548105 6.383082687976636 2.3206359357263917 
2.0 9.951943194730411 3.156536288218614 
2.0 35.09115247149006 2.673012771722407 
2.2855956310618923 8.526035970230629 0.15694751358570302 
2.2083806397296675 2.1363957642050866 0.8716497869822439 
2.122129672849556 9.373143258690895 2.2558917571795742 
3.5670324601953096 52.070642414813776 0.2083058315764672 
2.4298677873008656 8.097296426615367 3.6734563557172515 
2.291913728692902 4.658299066201323 1.0775302040305557 
2.0 15.144702371287526 4.026377330983221 
2.0008612124969387 2.0 0.7213473745732077 
2.0783578859650427 5.083813089749098 3.871977229172412 
2.3295247730584414 3.486627744794764 1.8231906231498982 
2.2083609906926487 2.0 2.1204551507069365 
2.896572842516154 2.0214330816294668 2.730153305833243 
2.3723248502483907 9.049622131527048 4.324962831857347 
2.484511727535649 3.5402950308465404 3.1253457329204686 
2.2397320593502887 2.0 0.9538703079672444 
2.1696161022726903 5.43972981357294 2.0933103757798723 
2.106507542692927 3.474852320854779 2.5865852776162033 
2.2423838011340314 8.257259779574104 4.3061767887058195 
2.2617043587117687 4.37177789362012 3.1940918143413675 
2.0 20.6298082171842 3.9188819502656465 
2.1303756822767665 8.871878818410865 5.598884338978755 
2.183049455678547 11.498961472442858 5.130910641082593 
2.304451717414758 10.849096157444952 6.802071598270741 
2.124404955637887 5.100310339651369 2.907943691072925 
2.050755372170894 7.291890331976516 4.54600292539522 
2.036410605030857 2.0 2.011508850283382 
2.0339445706442727 2.8292619512684603 1.7039066798675773 
2.3922861268699576 20.724075844783183 6.7566617738164565 
2.3462405781171842 8.247005359415123 2.7834719348854193 
2.3516110398824117 3.729050610468267 4.247101617665542 
2.609707351936164 2.0 2.394538518394816 
2.1225502238087484 3.608008156910137 1.9400516086948083 
2.1081987963971636 2.821917626776809 1.3935470666779988 
2.1668072898736885 8.847588573047965 4.93792763543754 
2.0 2.0 1.5034793902069161 
2.042801782220863 2.0 1.5391942221496613 
2.3634119582050768 9.701727356641882 1.8235892325915883 
2.271207099808793 7.940811104332123 4.649499619027425 
2.449266387715255 10.894214303711939 5.845716330272513 
2.0514841972113973 9.342265692752123 4.17555873598978 
