0.303750000000 0.029941600000 0.021747000000 0.022014400000 
0.008581640000 0.387922000000 0.344508000000 0.347266000000 
0.010653000000 0.371011000000 0.327037000000 0.329522000000 
0.008365150000 0.390021000000 0.348171000000 0.350142000000 
0.009568210000 0.384090000000 0.341252000000 0.344075000000 
0.294273000000 0.044223500000 0.028487900000 0.030471200000 
0.297523000000 0.039028900000 0.024802600000 0.026027500000 
0.346673000000 0.017638700000 0.011410500000 0.012404300000 
0.196303000000 0.083293400000 0.054526200000 0.056659100000 
0.169356000000 0.119051000000 0.085241700000 0.087578400000 
0.342096000000 0.019389200000 0.010002400000 0.010997300000 
0.383310000000 0.006699670000 0.003278390000 0.003677030000 
0.386449000000 0.003955570000 0.002452420000 0.002717450000 
0.334282000000 0.020290000000 0.013191200000 0.014261600000 
0.243286000000 0.059548300000 0.036613000000 0.038454500000 
0.367691000000 0.008105680000 0.005657590000 0.005907670000 
0.009773730000 0.375747000000 0.331887000000 0.335152000000 
0.390088000000 0.002764410000 0.002089460000 0.002196650000 
0.007833960000 0.393802000000 0.351205000000 0.352868000000 
0.265924000000 0.048990600000 0.029523100000 0.030890800000 
0.313767000000 0.031878500000 0.018039400000 0.019146600000 
0.222768000000 0.071774900000 0.045646300000 0.047671200000 
0.332493000000 0.024488300000 0.015459100000 0.016602100000 
0.012761600000 0.364504000000 0.320364000000 0.323577000000 
0.059598400000 0.222821000000 0.178166000000 0.180828000000 
0.193726000000 0.095127700000 0.065083500000 0.067035900000 
0.377368000000 0.007137450000 0.003983430000 0.004300920000 
0.019018700000 0.335451000000 0.289934000000 0.291799000000 
0.315464000000 0.028476100000 0.015437000000 0.016722800000 
0.021800500000 0.320832000000 0.275501000000 0.277521000000 
0.222289000000 0.079534500000 0.058863300000 0.059822100000 
0.024849400000 0.292263000000 0.246538000000 0.249108000000 
0.330913000000 0.025025500000 0.014625200000 0.015837500000 
0.087759500000 0.169492000000 0.127697000000 0.130320000000 
0.072960400000 0.193671000000 0.150647000000 0.153338000000 
0.325627000000 0.025678800000 0.014008400000 0.014944400000 
0.030927700000 0.268745000000 0.223052000000 0.225690000000 
0.258919000000 0.052759800000 0.032040200000 0.033432700000 
0.260298000000 0.049227000000 0.029455900000 0.030956100000 
0.188660000000 0.097154100000 0.066465800000 0.068425100000 
0.015439000000 0.351923000000 0.308501000000 0.311489000000 
0.353540000000 0.015598600000 0.007838430000 0.008704660000 
0.341017000000 0.021965400000 0.011819200000 0.012752800000 
0.373797000000 0.006380070000 0.004211410000 0.004484830000 
0.173890000000 0.098372200000 0.066507200000 0.068814700000 
0.020710900000 0.322767000000 0.277054000000 0.279106000000 
0.416796000000 0.000539271000 0.000427822000 0.000476976000 
0.050848000000 0.233079000000 0.188477000000 0.191419000000 
0.268004000000 0.046538300000 0.027684700000 0.029081300000 
0.299102000000 0.033796100000 0.018811500000 0.020236700000 
0.400166000000 0.003168140000 0.001489200000 0.001719310000 
0.111634000000 0.147621000000 0.108309000000 0.110824000000 
0.318714000000 0.027969600000 0.017744800000 0.019042000000 
0.294718000000 0.043616200000 0.026889500000 0.028561500000 
0.019304800000 0.328992000000 0.283140000000 0.285349000000 
0.236196000000 0.059857000000 0.037370400000 0.039024400000 
0.403982000000 0.002223820000 0.001110230000 0.001275280000 
0.352499000000 0.016947100000 0.009117070000 0.009894480000 
0.322567000000 0.025544800000 0.015263500000 0.016560500000 
0.039743400000 0.245199000000 0.199766000000 0.202492000000 
0.395220000000 0.003437760000 0.001689290000 0.001911400000 
0.130397000000 0.137151000000 0.098765300000 0.101608000000 
0.410980000000 0.001182560000 0.000686219000 0.000792076000 
0.368955000000 0.009175670000 0.005098650000 0.005556420000 
0.067704200000 0.202687000000 0.158882000000 0.161547000000 
0.076380300000 0.191935000000 0.148495000000 0.151452000000 
0.330334000000 0.025563500000 0.014019100000 0.015011300000 
0.105779000000 0.150523000000 0.110810000000 0.113202000000 
0.250850000000 0.056306800000 0.034645000000 0.036070000000 
0.016041300000 0.339865000000 0.293837000000 0.296364000000 
0.081835700000 0.184030000000 0.142064000000 0.144864000000 
0.406492000000 0.001484250000 0.000913149000 0.001012210000 
0.022805200000 0.300335000000 0.254583000000 0.257138000000 
0.078900300000 0.188667000000 0.145406000000 0.148322000000 
0.069537600000 0.194927000000 0.151192000000 0.153985000000 
0.362397000000 0.013250000000 0.006525000000 0.007281130000 
0.409910000000 0.001366220000 0.000752085000 0.000864553000 
0.297422000000 0.040797400000 0.024652300000 0.025951000000 
0.090491800000 0.168381000000 0.126799000000 0.129539000000 
0.060257900000 0.211753000000 0.167090000000 0.170027000000 
0.024644400000 0.298253000000 0.252479000000 0.254792000000 
0.393609000000 0.003965110000 0.001895130000 0.002135260000 
0.046968000000 0.234766000000 0.189575000000 0.192318000000 
0.287852000000 0.041412800000 0.028891400000 0.029910100000 
0.311378000000 0.032592500000 0.018675000000 0.019736000000 
0.148493000000 0.126943000000 0.091306800000 0.093566400000 
0.022584400000 0.315426000000 0.269966000000 0.272241000000 
0.134092000000 0.135541000000 0.098424100000 0.100826000000 
0.027978400000 0.281837000000 0.236076000000 0.238673000000 
0.347433000000 0.019309400000 0.010416800000 0.011259400000 
0.216217000000 0.079694700000 0.052474900000 0.054252900000 
0.025257100000 0.288800000000 0.243074000000 0.245641000000 
0.364032000000 0.011073400000 0.006114310000 0.006639480000 
0.054464800000 0.227071000000 0.182754000000 0.185611000000 
0.085221800000 0.184867000000 0.141934000000 0.145390000000 
0.172779000000 0.100598000000 0.068884500000 0.070818800000 
0.190726000000 0.095914500000 0.065216500000 0.067122200000 
0.119595000000 0.138914000000 0.100721000000 0.103173000000 
0.151542000000 0.121289000000 0.085317500000 0.087934600000 
