5.196819024962839 51.79775490172643 0.28840010485134826 
3.3471794922879265 9.953905877881855 188.2102314711426 
4.494703954919251 5.347524813078945 155.837612776449 
3.860979760217904 7.974823156285635 165.17921170455423 
2.632976699731548 7.792313407992059 220.7714970944424 
139.5080920035707 2.0 0.6231593983073641 
109.48660750029494 2.0 0.5513201025869893 
2.0 89.24862781420838 0.23126255366239457 
2.0 2.0 1.1362564970597886 
46.004283732307016 2.0 1.4273247037626926 
2.0 2.014860136870427 0.5920790695950899 
10.176754153313603 2.0 0.3473921100191433 
27.05149091567569 2.0 0.1775008943358476 
2.0 72.10753605940447 0.4061272209107354 
2.0 2.0 0.9675120945542306 
11.894701847020297 8.666436247221178 0.050489270250388574 
3.2437763838393705 5.850262496814895 102.83103213506551 
6.604529653985723 8.599650445908434 0.023357560048065797 
3.6068372899269123 9.681366451553604 170.35653543499552 
7.577259256157454 2.0 0.865846153479588 
12.57021639397414 2.0 0.6668364686593553 
2.4730326083294702 2.000164197825831 1.0530761305266798 
2.0 55.60684206809634 0.45005867259145393 
2.5783121488846916 5.754566563839079 6.676469460206389 
13.088760453485618 2.0 2.4312876225209243 
16.63666371580289 2.0 1.2354047888300177 
8.012321598886892 6.2101848234344015 0.27858290679901754 
21.421601218333418 2.100984188328898 6.486695687621715 
2.4122465686751187 2.0100764189684153 0.6947304577542645 
20.768073535349345 2.177950132375536 5.220951493526943 
3.622203934189849 97.0 0.7559811047004289 
6.360202191959016 2.0 4.141627801175191 
57.557133101725256 2.0 0.5289570597882731 
4.650214240689891 2.00164517034431 1.8272118827320036 
8.494261921321474 2.4051104752543018 2.1113924458721898 
7.326215037026933 2.0037330158803024 0.635511663798114 
5.883794927893869 2.2162561866449226 3.338578486967991 
6.070480821850609 2.381374868829204 0.8922555642128888 
4.401855303282467 2.01716335172301 0.8736614310464496 
14.692967008002496 2.367354400880728 1.231512065969656 
2.0 10.353324427144695 6.065912796712023 
2.0 2.013059212517908 0.5393608282988649 
8.873838991716708 2.002777088114337 0.5964709900617592 
49.94905357624665 2.0 0.2052794984918246 
2.0 2.3414417332415125 1.2447930822841649 
16.65515092342636 2.277495213838667 5.56109663723138 
2.0 2.0 0.03052147722677656 
8.659185836800603 2.1231711297907987 2.640991710318765 
3.9093973896812315 2.00377837198937 0.8524329387240828 
2.0 2.241901569511588 0.7450440982177895 
2.0 2.0 0.2778380544117933 
4.308479377464885 2.317956415464979 1.6295804107195675 
66.36491951064278 2.50004833029375 0.47334787887739216 
73.43397175446958 2.0 0.7621422481170725 
12.615313455193643 2.3054629802778672 6.046273871236328 
2.85491460510522 2.0 0.9572775574502934 
4.523752385192969 2.0 0.19660338900727936 
25.299190823240195 2.000134826590916 0.5000694332810696 
81.58696981767156 2.0 0.4194725844409245 
5.599555871399794 2.0 2.8367114808514797 
2.5507962363557497 2.1166664906112733 0.29083312726654914 
2.0 2.348652808268878 1.5632918724517146 
2.0 2.0 0.15283422092675394 
35.84476200944243 2.2025412185345106 0.3497620616467944 
6.085314239944381 2.0074627908829723 2.192636744257201 
3.3739322066631843 2.255626633676714 2.0741959210249377 
13.292869462824049 2.2865168549475925 0.6194629566120062 
5.369017893815652 2.0085270554787207 1.6441791346944648 
5.8154817821430065 2.0067841493226086 0.9224465369473046 
6.2363640505816145 2.3564184967667354 11.531094926414994 
9.945813145721699 2.0249974687765113 2.0024753643536846 
11.183480837511464 2.0543618552777585 0.11616142031128629 
5.615115551045111 2.0 4.508975963307259 
3.2162450890567795 2.264793537413994 2.0308750850156643 
5.244027582703862 2.006310181836534 2.10063813792303 
2.0 2.0004480580202415 0.502811738277081 
13.979103696049002 2.053366727797739 0.13503436686407527 
26.31420826368684 2.2193919294335958 0.779836709235622 
3.5927983145631046 2.0450947707014184 1.826613837495771 
5.4127238209019675 2.0213495558643895 2.3285034507727413 
7.910439154438986 2.0026140944982327 4.555773098475642 
5.5005466727622085 2.387781248377778 0.26831665799700233 
6.378003551134505 2.1062157573527034 2.6402208646888368 
3.54534284768569 70.92421946953255 0.6608454530594725 
14.623460898114539 2.213719650377165 0.6972382987180541 
15.387370264553828 2.020234329516921 1.4735220918972671 
12.032348979681739 2.086624328659276 5.248615531607921 
8.893272542079789 2.041516638864119 1.555814834466838 
6.1479567449221735 2.0 3.7221361648456526 
18.354161954081306 2.269168764781568 0.5485159255108022 
11.641716451447156 2.0109979585119975 1.1080607110389473 
6.323551374927407 2.0 3.9891127213755695 
33.58729908799192 2.0000060535299675 0.39178297254918976 
9.57210750496932 2.0 2.531913272609841 
2.0 2.0004364267272328 2.0737109595477543 
5.696109728955172 2.0519028999093862 1.257073083381167 
13.096011066422449 2.268197212335822 1.211585995729715 
4.415458228365823 2.0529869772580445 1.5530096723973004 
2.0 2.0 1.4247796527770376 
