0.012155500000 0.485693000000 0.439513000000 0.436075000000 
0.008337500000 0.536079000000 0.491943000000 0.488946000000 
0.052844500000 0.338594000000 0.273448000000 0.272297000000 
0.062878600000 0.317945000000 0.251792000000 0.250653000000 
0.020056700000 0.430009000000 0.377990000000 0.375998000000 
0.013956500000 0.468956000000 0.425414000000 0.421516000000 
0.019881200000 0.435660000000 0.384987000000 0.382804000000 
0.012602800000 0.483578000000 0.436469000000 0.433157000000 
0.065672900000 0.314181000000 0.247124000000 0.246153000000 
0.060549700000 0.323167000000 0.256218000000 0.255302000000 
0.132737000000 0.213566000000 0.154096000000 0.150456000000 
0.480774000000 0.009887820000 0.004386070000 0.004312690000 
0.451449000000 0.016042100000 0.007966900000 0.007752400000 
0.354252000000 0.051426400000 0.028207300000 0.027362400000 
0.024897600000 0.412330000000 0.356717000000 0.355412000000 
0.193368000000 0.148825000000 0.098741900000 0.095751400000 
0.119365000000 0.237861000000 0.171531000000 0.170561000000 
0.016805600000 0.446223000000 0.398413000000 0.395684000000 
0.086929800000 0.285004000000 0.218538000000 0.217467000000 
0.066460600000 0.312218000000 0.243667000000 0.242815000000 
0.017776500000 0.442152000000 0.393307000000 0.390817000000 
0.018690100000 0.439000000000 0.389349000000 0.387039000000 
0.080174900000 0.294104000000 0.226806000000 0.222572000000 
0.013960800000 0.464055000000 0.420335000000 0.416894000000 
0.041682700000 0.361626000000 0.297631000000 0.296626000000 
0.448312000000 0.020931300000 0.010701700000 0.010505300000 
0.023579100000 0.417186000000 0.362548000000 0.360974000000 
0.026656600000 0.408040000000 0.351436000000 0.350068000000 
0.146963000000 0.198900000000 0.133453000000 0.131792000000 
0.021959800000 0.425026000000 0.371806000000 0.370029000000 
0.109967000000 0.243109000000 0.179959000000 0.176005000000 
0.300537000000 0.075500400000 0.041535000000 0.040070200000 
0.288637000000 0.083965200000 0.049607300000 0.048135100000 
0.305207000000 0.073785800000 0.040345500000 0.038945300000 
0.054522500000 0.329576000000 0.263612000000 0.262554000000 
0.434254000000 0.023352500000 0.012326800000 0.011951000000 
0.369584000000 0.044045900000 0.021990000000 0.021253300000 
0.015903000000 0.450004000000 0.403117000000 0.400314000000 
0.145029000000 0.203000000000 0.145696000000 0.141884000000 
0.471065000000 0.012030500000 0.005450310000 0.005328060000 
0.126467000000 0.219639000000 0.159339000000 0.155483000000 
0.027099100000 0.402215000000 0.344326000000 0.343111000000 
0.542639000000 0.000600236000 0.000258876000 0.000352789000 
0.465697000000 0.015096700000 0.007594100000 0.007459680000 
0.260696000000 0.100881000000 0.058733800000 0.056794400000 
0.314109000000 0.067940600000 0.036596500000 0.035330400000 
0.154850000000 0.196273000000 0.140351000000 0.136707000000 
0.380714000000 0.038868500000 0.019112600000 0.018465600000 
0.264961000000 0.095483900000 0.054927100000 0.053097700000 
0.179590000000 0.186554000000 0.128682000000 0.126317000000 
0.038085900000 0.368927000000 0.305906000000 0.304873000000 
0.012139300000 0.520149000000 0.476586000000 0.472474000000 
0.009910580000 0.532416000000 0.488699000000 0.485500000000 
0.022479500000 0.421680000000 0.368190000000 0.366513000000 
0.102927000000 0.254078000000 0.189912000000 0.185903000000 
0.087698500000 0.279036000000 0.210028000000 0.209037000000 
0.028415200000 0.397198000000 0.338128000000 0.337124000000 
0.496431000000 0.006269920000 0.002602200000 0.002585670000 
0.338072000000 0.056668900000 0.029581500000 0.028541200000 
0.237857000000 0.117707000000 0.072717100000 0.070244600000 
0.074835800000 0.303463000000 0.235045000000 0.231006000000 
0.106723000000 0.248437000000 0.184976000000 0.180755000000 
0.013178300000 0.475069000000 0.432436000000 0.428524000000 
0.015610700000 0.455693000000 0.408945000000 0.405726000000 
0.076337800000 0.297504000000 0.229458000000 0.225423000000 
0.282912000000 0.091703800000 0.056710400000 0.054878900000 
0.052215100000 0.338922000000 0.273210000000 0.272302000000 
0.011283900000 0.529870000000 0.481977000000 0.479269000000 
0.180692000000 0.165800000000 0.113750000000 0.110658000000 
0.188628000000 0.159260000000 0.109267000000 0.106008000000 
0.191133000000 0.151352000000 0.099809600000 0.097029200000 
0.333919000000 0.064243500000 0.035913500000 0.034660500000 
0.096437000000 0.272830000000 0.207563000000 0.206035000000 
0.034154900000 0.383056000000 0.321809000000 0.320803000000 
0.234735000000 0.122305000000 0.079333500000 0.076962200000 
0.184652000000 0.165727000000 0.107714000000 0.105768000000 
0.039317100000 0.372227000000 0.302363000000 0.300405000000 
0.099172100000 0.255431000000 0.190858000000 0.186930000000 
0.070540400000 0.303081000000 0.235012000000 0.234169000000 
0.401509000000 0.035527600000 0.019160900000 0.018617700000 
0.159721000000 0.183856000000 0.128797000000 0.125260000000 
0.043504200000 0.356399000000 0.291421000000 0.290635000000 
0.035693600000 0.378281000000 0.316483000000 0.315443000000 
0.037057900000 0.373342000000 0.310536000000 0.309665000000 
0.542461000000 0.000600207000 0.000258888000 0.000353060000 
0.014321800000 0.459882000000 0.415122000000 0.411713000000 
0.045438300000 0.352578000000 0.286454000000 0.285752000000 
0.121479000000 0.236682000000 0.175387000000 0.171293000000 
0.247330000000 0.116727000000 0.075688700000 0.073218400000 
0.510141000000 0.003781580000 0.001751450000 0.001728800000 
0.221106000000 0.135167000000 0.089268800000 0.086667000000 
0.425330000000 0.025346800000 0.013252100000 0.012907700000 
0.414282000000 0.029075000000 0.014250300000 0.013825900000 
0.031524200000 0.387974000000 0.327426000000 0.326484000000 
0.524631000000 0.004074380000 0.001433600000 0.001604770000 
0.059082000000 0.327347000000 0.256480000000 0.253632000000 
0.047564500000 0.344703000000 0.277380000000 0.276676000000 
0.208741000000 0.135541000000 0.088819300000 0.086157500000 
0.405312000000 0.031313300000 0.016528000000 0.016046400000 
