2.0 42.97640049450735 133.23639917491494 
2.9108225816437714 60.50812942308039 101.05691798764374 
2.0 22.8001616437778 3.044496180150185 
2.0249626833896386 17.74165669891548 2.6719999291562395 
2.039298005532275 40.158452051283945 6.877044082382293 
2.0 58.14352273593198 16.59162481570372 
2.0 40.37833575473792 7.532548316998607 
2.3567231472671573 40.246543803411235 33.31625508466165 
2.169997445544272 16.778230872177907 2.6143190920387998 
2.3411785912829157 17.460350626028948 2.745226891140841 
13.057798932087815 2.0 1.6115868080658045 
2.6923610410817314 2.0 0.3016414936030305 
4.733251826597938 2.0 0.3719055393357712 
6.107166007946895 2.0 0.6461489563185977 
2.1406341435717233 43.43020021197808 5.445318137036097 
7.865039257771546 2.0 1.2087910860827378 
2.0 8.840198283484666 1.834648455113876 
2.169699825259875 44.8410223004162 9.100068477214215 
2.0201351239239442 16.79976687876228 2.2665531795553386 
2.0434580439285432 10.543055153633027 2.6153521948958383 
2.1049646016635695 46.835242511690865 8.33340106208702 
2.0 47.12903947925312 7.902468068691315 
14.270517973842916 2.151663435371633 2.2089374192695383 
2.212359574219121 64.62207611138443 13.501375534030908 
2.33581871046697 21.61692374599582 3.5193801763200803 
21.7047589596497 2.0 0.38456868656490517 
2.0 38.912609126459486 5.832504057651224 
2.0 39.99801055561959 5.191190883363871 
2.0 3.7810563257988496 1.5502251697332952 
2.0 42.403165355771826 6.383125667025066 
15.251018187542789 2.2657920278110217 1.7966795093135648 
2.0 2.0 0.8308984696034418 
5.842085587848835 2.0 0.8374544138031013 
2.0 2.0 0.8211824569114566 
2.062654759515071 17.866740190438847 2.8930604744840753 
13.474875254532066 2.367656426370851 0.4246217067652863 
2.0 2.0 0.6259278843298993 
2.3371877941326917 59.41772124746431 9.608910808325714 
22.38394504851385 2.0 1.5333027760790547 
2.555211270318358 2.144756843008823 0.3265064520287322 
12.410916510119346 2.0 1.635294135785493 
2.0 29.88316051220414 5.050446233337256 
2.0 2.223746322272113 0.06501310435722712 
16.69416017746787 2.0001115112733374 0.3255060641255227 
2.0 2.0 0.9826183714312026 
2.0 2.0 0.7815256822606438 
24.32262546343735 2.0 1.4650235563879932 
2.0 2.0029022089737345 0.5904686564245988 
2.0 2.0 0.9516250700948011 
9.349075289971001 2.838577741092073 1.4228577029852638 
2.2719888863297877 22.461375537685665 3.744602895767958 
3.3942399429437615 61.42734441269687 28.58200984640307 
2.737445581124462 55.80324141486565 49.220621999047104 
2.0 43.375283475660595 6.092014653318431 
12.018029612693308 2.1453857912037284 1.9121070034728038 
2.1091695584398202 7.689403021327882 2.225155599076464 
2.0 27.995538251794173 4.7051024732419435 
2.0 2.0 0.2597086167273875 
2.0 2.2461759578259928 0.710277953662374 
3.8956443578165763 2.153685471280368 1.0525761899915234 
10.141362526483118 2.366311754715663 2.305277495120673 
13.601467346475177 2.0 1.8569027649406433 
2.0 57.459741451575844 21.59371770104308 
2.0 44.305080310642275 11.349248650142775 
9.60847391276335 2.0 2.2593007589774907 
13.39225882699568 2.39680034688393 0.8649575376770327 
2.0 19.725070483504652 2.9887846934455835 
2.9243105102198235 37.083439184826126 46.70054028430261 
13.42621583099109 2.0 1.3059937654363079 
16.231047685807024 2.0 1.270773603809038 
5.824589001204643 2.0 1.2478977186543538 
4.298130983978014 2.2710025737744814 0.7370221933662088 
2.0 18.94486924207633 2.1631325874636333 
2.0 30.48810298621832 4.1297208828500755 
10.220968635466186 2.0 1.0570950994075698 
3.1671106748493507 2.9384925776261923 1.332347120972517 
11.196944593700234 2.0 3.1701857030114287 
11.453072522187322 2.0 1.8964189585747455 
2.0 13.696472995797068 2.484391122892013 
11.870420381802479 2.0 0.5090131568497682 
14.176911532539195 2.0 1.4229245253703462 
2.0 19.64541735645494 3.3456607549617816 
2.0 30.236459508913892 3.913247069018071 
2.0 23.148814830910954 3.812735162940495 
2.257964259679714 2.1164017375883093 0.07015854216273221 
2.330794327910663 61.00121930585695 12.37077820945393 
2.0 16.928519534698268 3.2642016974974393 
29.102987991920486 2.0 1.6949773607557264 
16.349151707524406 2.288583959081923 1.0197007915250857 
3.9926984098791443 2.0170269856903045 0.1877095439318373 
14.802207021661145 2.0 1.1115249933592801 
10.979631948901883 2.0012502500361706 0.4387526339534889 
2.8272992060771474 2.0 0.49147221578746647 
2.0 22.068078815439033 4.4704668397952325 
2.768692933125643 3.480618022054655 0.13846507367592115 
8.194442002424823 2.0 2.5921679175187924 
2.3034058992735185 13.597698074477965 3.119035678881424 
6.988180644061654 2.1761064043837557 1.159774943389925 
7.012705826434745 2.012882811854265 0.48764540981842114 
