2.0 42.618697246273456 205.42108649992534 
3.238569644502801 62.16302088780056 193.11199157779242 
3.1693531171514198 37.08267052217674 137.1381925281493 
2.0 2.0 0.9823680080661319 
3.3437435319221764 46.78295216133772 129.0991803312501 
2.0 20.328176781899845 2.541726815588504 
2.0 22.590142759187387 8.359297568083784 
6.648617088070011 2.3229603525506834 1.1506060712112085 
5.872434227494779 2.0 2.723739712498062 
9.130551474338402 2.0 1.0202806249940644 
2.377613398160095 2.0 0.6718709941735612 
2.3466931391502364 62.07640617199752 12.864498012669335 
6.650726434396674 2.0430992424746464 4.059716021024757 
2.8835459851452407 2.0 0.7766811276966719 
9.773360371715045 2.08026985024011 2.1034043583832105 
2.0 2.4181740243220653 0.8093522922150033 
3.353151447373826 17.706960388157604 2.69207460997151 
2.152602526470359 44.18526500099417 6.218290680022053 
9.115482573147005 2.0 1.9080326444596434 
2.0 54.71603967362324 21.037651637752564 
2.0 19.88829468497812 2.6562545472983405 
3.8164664811305586 2.0 3.891501505531937 
2.0043433835599265 20.09803399190133 3.0610796608793294 
2.434311163817103 3.0775500268322724 1.5401107476101517 
7.311929694992186 2.0 3.4946976767355773 
2.436735277895032 2.343488660110971 0.31742067436989396 
4.10121131806775 2.0 1.6662891479827528 
2.1646394326202336 20.729926767086738 4.76153407732437 
2.0 31.438140909719728 8.901251698697653 
2.0 2.0 0.3408156630957522 
4.464584690866291 2.0 0.27055444934836814 
2.0 30.742436412160462 3.1503280409662944 
3.923546331191332 2.0 1.2620016465109738 
6.353203924374547 2.1323062143781555 2.3449094851708128 
4.864901797888994 2.2126108602382093 0.9730941192549774 
2.0 2.4175678367690456 0.9465845898764528 
2.0 38.99420913927466 9.108973440564608 
5.48990461142976 2.11801963861314 0.688241297791717 
3.8879071895416573 2.1762664032636043 2.2998027634804736 
2.0 2.0 0.023997966277248484 
2.0 2.0 1.2550722343452776 
2.0 6.609830218361053 0.3587147538936547 
2.0 2.0 1.127459793755718 
2.9806407741155487 2.04563080159036 0.1869279277229161 
8.384557510061057 2.0 1.9443701153878843 
2.0 2.0 1.525228232773364 
10.884020102972706 2.0 0.519844584980109 
7.0094475747375355 2.4285622589733187 0.8938508356357796 
7.16513345880705 2.01745576435975 0.8287097348861212 
4.012925563066332 2.0 1.0536360279314616 
10.905554687384578 2.0 0.5891083171581368 
16.127525774508186 2.0 2.309478153260049 
9.961266378705638 2.0 0.6606646237737139 
2.0 2.0 1.1770145849854636 
12.545512632815093 2.0 2.0114706171037966 
2.0 2.0 1.6025605175217168 
8.395193759336145 2.098674758449998 1.294757333543032 
2.0421698897200704 2.0 1.6785863755458705 
3.222078476549652 55.31585074796782 29.63952915896917 
2.012319334255636 23.75814602054845 3.3915114488487994 
2.0 2.0 1.6142332909887125 
2.0 2.0 0.8373556333724403 
2.5074198518656505 2.273829092822396 0.14148070083686815 
2.102791180240299 25.569415267392312 3.555596874749686 
2.344374950983755 2.4413399099433093 0.5176315280481699 
8.41001909087334 2.0 1.1922931559128334 
2.0 75.66787101416381 14.239133037550662 
2.0 29.438524426644765 4.831902068820668 
2.0054432366316406 28.166321054276683 7.39965950677012 
4.250377279855582 2.023917685406188 0.6224112715585605 
2.056001242017936 24.822647017744956 4.2605766475026305 
3.028995156910537 2.2316362891318695 0.7458631781375265 
7.810458940552752 2.0 2.759647869500482 
3.698980055312052 2.013658424148549 1.3635654786970526 
2.0 2.16895653282395 0.49996706004476554 
8.998754933092092 2.2284763838774047 1.567812405732176 
4.750235559304366 2.008672769205731 1.4093009968070769 
2.0 21.918620855195265 2.7361067014232408 
2.0 3.316216254883258 2.0310969410665822 
14.223588986125177 2.1433738217657505 2.1646812795883807 
3.6342154033486302 2.0 0.2301672146541427 
2.423192278199812 36.23504150982658 5.1125468660306455 
2.023660012703437 42.24214753164343 6.5210528787265964 
3.7025709011684635 2.0109460079137675 1.8298588665300735 
6.276063843817413 2.0 1.3691649979598661 
2.3226857304524 57.542282835297875 10.803665622448696 
6.916811148103751 2.0 0.4462365866023008 
12.619264751061685 2.1234993856934636 2.024935466008529 
2.0 61.98994084956558 9.554817736709309 
4.706362782116106 2.0820715830661625 1.7780506727344663 
2.2061033301454023 31.030983265764586 5.920291706540664 
5.707445984999022 2.0 1.6936080655327652 
2.0 36.22862651465704 5.524689144629758 
2.0 68.85547901652212 29.67413794058072 
2.0 2.0 1.148967238749201 
9.650747583136962 2.0 0.952451697447973 
2.4006769576997744 19.0145277921345 3.3622742145743687 
2.0 2.0 0.4356324784706007 
2.0603019830686615 17.563111830522075 3.6076569687090685 
5.2710176875441945 2.0 1.3862920546787174 
