2.0 18.196896898600635 256.0 
2.9137200855829706 16.773228868166875 128.0 
2.1763020398189545 150.07922966741788 0.29454747688730387 
2.0 60.05687815365684 0.9931218727107418 
2.107315679581074 72.69604989792893 0.39071336977702453 
3.006998921227951 2.0 1.0885170871806182 
2.0 35.13401487206334 19.278955449236378 
2.2112676003424827 34.57581801772477 0.4451518430202971 
2.0 71.68805449596334 0.9392195768351893 
2.0163413738468248 38.944396111071185 0.6933600602342332 
2.010301708845375 39.67288932687788 0.7513132635317167 
2.0107683987400464 7.887942636385681 0.750143333756482 
2.781172834428056 2.0 1.2766029337284663 
3.425374077044062 12.03087303204939 0.09243122001938385 
2.068826488511333 30.60571147109515 18.139856666199492 
2.8689163426937867 22.240587648472886 0.0 
2.1537509086007116 28.546392293575142 22.92834868256626 
2.079273792839384 22.459761656889043 6.272000560262146 
2.6532088936183564 2.0 1.766654164751843 
2.0 2.0 0.014009454296948443 
2.3057227763302044 15.77082133494783 18.437465894749092 
2.0 31.361789214510075 1.0299897874249782 
2.0734855390878395 24.814954950718707 0.36781676591928303 
2.0985846237159476 28.35461062704116 15.492442273914735 
3.0347260136393177 2.0 0.917308208523447 
2.5879819385161666 2.0 2.2111620128706644 
2.8399348407523126 23.82181916928193 0.08075896466882747 
2.165978117818552 18.436802567162815 6.6504494698778664 
2.7212256468461087 3.959132408020926 1.6158487359952196 
2.1564433969323624 21.451057517974167 12.571018042618356 
8.580860185490774 2.0 3.5021956701976897 
4.19857266516585 2.0 3.3156190009701785 
2.1082325996881637 22.873178726285666 13.43322186976263 
2.0 47.72475386764022 0.23997592513534416 
4.8970305735314055 4.1024673239627045 9.579180187976648 
2.0 20.233334921921774 0.2980846803521331 
2.2009185852558932 22.48516121825605 14.842360885220685 
6.16855101389093 2.0 3.991942456448101 
2.7801318025565602 2.0 1.8240870127423494 
2.0305731030444374 37.334724373302684 27.720118984345852 
2.506197906164111 2.0 1.9638848965910618 
2.4059098674675905 3.2781621458345462 1.2625795007769467 
2.232091821188993 45.26131558908679 0.5445482334785962 
2.7822151426855477 2.0 2.7269660047350524 
2.0 26.332701095346778 0.7112166456071431 
2.2410132670562213 12.176485927089718 10.592048188925476 
8.87646006726034 2.0 3.612006944309476 
13.93789346256843 2.0 4.87239038097629 
3.7420676992026687 2.0 0.9156040108570549 
7.378682098968918 3.496732096103773 3.8284350692652076 
3.9027674294771177 2.0 2.698906021991259 
13.529396452273602 3.8354432033207715 5.397986707470594 
2.1080506006742694 22.408170756320885 7.657986724442392 
3.00104926977008 4.0172004888711506 1.5529326612771537 
2.782165241151881 2.1636148444484373 2.600805098288177 
2.254996906739013 35.91227546406357 1.2905315814902263 
3.1417308287767245 3.0593463056148487 0.9630744297503337 
2.6437404474706594 2.0 1.1994596791971728 
2.8059156738430695 3.87997736621424 1.4089091013835995 
2.9134249525085396 2.0 1.6908314925916543 
3.4324261062586765 3.4482560261646573 1.910605815880817 
2.626835595338985 2.0 1.5833385281402252 
3.9854565886850937 3.6306773381644835 0.5307479003079589 
3.1074222195858843 2.0 2.452533813681044 
9.985516229906883 2.0 5.739530921800807 
9.221484799679347 2.0 3.317464933989651 
2.0 37.09553158398767 0.3405122425549209 
2.694480794214224 2.0 1.536999738287673 
2.9106274944309987 3.1845520347418246 3.2344580982399727 
3.277831367917316 2.0 2.203353076192177 
2.9057845941242393 2.363903123174046 2.6599335001441977 
9.628611364747284 2.0 4.209993021068442 
2.0249676699194543 31.45047987945731 25.0663489359821 
3.2825715407013503 3.315178971455377 3.574187910143263 
2.295598687989311 13.384703582509523 1.0086513871191825 
4.8350404453368965 2.3395845391689702 2.9820394787634226 
2.564844262850073 2.0 1.5211871218551778 
2.4298573374206285 9.64016571832596 0.8412661301497433 
4.403012344331592 2.043264798523273 3.2912286076100594 
2.88542250202677 2.0 1.9106266725973235 
2.52474787274999 2.149946559225084 1.318120457568582 
2.0 21.136715276199872 0.602562423546368 
18.15427290007145 2.3740887291780943 5.565599276550982 
4.265617725376451 2.292320432418112 2.796018482752314 
3.1914707241423397 3.1278361385136115 0.6652352506020915 
2.79594242538475 3.602972986685316 2.727356966088389 
3.8707912445925485 2.034282396474692 2.7856783932162497 
3.4896471737783874 2.0 1.8633752232842227 
2.0232671818010006 43.54672513683962 0.43817593094622004 
4.051532427417114 2.0 2.4370893364924946 
5.86242489040673 2.638349017876723 4.314920594541175 
4.04845971501303 4.028668058278647 1.2722755772015424 
3.201610552812954 3.570689982818758 1.1790329534629753 
2.0 27.033590009949073 9.722034123847186 
5.549751689397067 4.356105221900803 8.515500914932545 
9.952247349925582 2.0 4.103305050673533 
5.305629636068655 2.0 4.364259360965892 
5.532492030540524 2.0 2.8216221261126537 
2.0 12.229515848495335 12.856024468243566 
2.6271718681427245 2.011322397089629 1.803668099667509 
