0.033703800000 0.548498000000 0.542335000000 0.555114000000 
0.033295600000 0.552942000000 0.547334000000 0.559951000000 
0.050822700000 0.382789000000 0.377691000000 0.401058000000 
0.037767900000 0.432808000000 0.428225000000 0.452059000000 
0.291631000000 0.061793300000 0.058389400000 0.065397100000 
0.180505000000 0.112281000000 0.107656000000 0.118066000000 
0.058001000000 0.261598000000 0.254772000000 0.267620000000 
0.031962400000 0.573877000000 0.566916000000 0.578388000000 
0.306072000000 0.057210800000 0.054194900000 0.060871000000 
0.092759600000 0.183931000000 0.178671000000 0.191771000000 
0.436359000000 0.022282000000 0.020270000000 0.022991700000 
0.374240000000 0.035904700000 0.033282100000 0.037500700000 
0.264771000000 0.071624800000 0.068021400000 0.075905100000 
0.562133000000 0.005031890000 0.004164220000 0.004775830000 
0.598441000000 0.002402230000 0.001773490000 0.002042260000 
0.107994000000 0.167310000000 0.162367000000 0.175239000000 
0.080021400000 0.203450000000 0.197747000000 0.210941000000 
0.159066000000 0.127005000000 0.122086000000 0.133206000000 
0.053274600000 0.289753000000 0.281153000000 0.294976000000 
0.132795000000 0.145063000000 0.140639000000 0.152830000000 
0.450436000000 0.019500300000 0.016872800000 0.018383900000 
0.098133600000 0.177839000000 0.172686000000 0.185735000000 
0.053424400000 0.284913000000 0.276447000000 0.290045000000 
0.092599400000 0.191511000000 0.187076000000 0.200195000000 
0.174754000000 0.115473000000 0.110773000000 0.121337000000 
0.402651000000 0.028978700000 0.026352600000 0.029469700000 
0.137993000000 0.139816000000 0.135395000000 0.147493000000 
0.256067000000 0.076545300000 0.072532400000 0.080701600000 
0.127312000000 0.149274000000 0.144831000000 0.157134000000 
0.364883000000 0.038671500000 0.035779800000 0.040460800000 
0.056732700000 0.267063000000 0.259179000000 0.272258000000 
0.569518000000 0.004330280000 0.003420580000 0.004044890000 
0.230014000000 0.087344000000 0.083792300000 0.093031500000 
0.321713000000 0.051117100000 0.047902600000 0.053523500000 
0.518780000000 0.009142090000 0.007930240000 0.009017600000 
0.220730000000 0.090977900000 0.087358000000 0.096821400000 
0.282582000000 0.064411500000 0.060968600000 0.068222200000 
0.538130000000 0.008337880000 0.007254400000 0.008554420000 
0.088392300000 0.197279000000 0.192712000000 0.205892000000 
0.248790000000 0.079910500000 0.076583700000 0.085560000000 
0.545404000000 0.006471640000 0.005114650000 0.005443010000 
0.048392300000 0.396009000000 0.388116000000 0.411125000000 
0.238007000000 0.083756000000 0.080196300000 0.089160700000 
0.312222000000 0.053912200000 0.050621900000 0.056501200000 
0.074689400000 0.212387000000 0.206401000000 0.219565000000 
0.163388000000 0.122449000000 0.118399000000 0.129744000000 
0.078140700000 0.207601000000 0.202355000000 0.215470000000 
0.331279000000 0.048519100000 0.045293500000 0.051015900000 
0.168184000000 0.118587000000 0.113776000000 0.124480000000 
0.584715000000 0.003321850000 0.002616770000 0.003022100000 
0.050517600000 0.392313000000 0.384972000000 0.406715000000 
0.184253000000 0.108448000000 0.103891000000 0.114139000000 
0.064069300000 0.245267000000 0.238222000000 0.251270000000 
0.152219000000 0.129039000000 0.124864000000 0.136626000000 
0.197107000000 0.104043000000 0.099597000000 0.109612000000 
0.356789000000 0.040591300000 0.037792000000 0.042404500000 
0.300492000000 0.058594200000 0.055565500000 0.062398400000 
0.640084000000 0.000515937000 0.000391961000 0.000481602000 
0.101449000000 0.172543000000 0.167486000000 0.180477000000 
0.044568500000 0.400101000000 0.392408000000 0.415813000000 
0.053721900000 0.281319000000 0.272939000000 0.286293000000 
0.034182500000 0.442033000000 0.437855000000 0.460568000000 
0.145099000000 0.134680000000 0.130382000000 0.142336000000 
0.054780500000 0.277229000000 0.268997000000 0.282268000000 
0.124807000000 0.155521000000 0.150002000000 0.162038000000 
0.066172600000 0.240092000000 0.233263000000 0.246355000000 
0.040102000000 0.420611000000 0.415289000000 0.438577000000 
0.061030900000 0.253673000000 0.246327000000 0.259320000000 
0.340031000000 0.044627100000 0.041883200000 0.047400000000 
0.116823000000 0.158117000000 0.153541000000 0.166085000000 
0.192644000000 0.106513000000 0.102641000000 0.113320000000 
0.051778800000 0.303190000000 0.295175000000 0.309194000000 
0.386342000000 0.033969000000 0.031059300000 0.034595700000 
0.071167500000 0.219597000000 0.213417000000 0.226576000000 
0.347958000000 0.043551500000 0.040414900000 0.045604700000 
0.052290900000 0.298099000000 0.290138000000 0.303810000000 
0.411654000000 0.027024300000 0.024620900000 0.028010900000 
0.204453000000 0.100119000000 0.095719100000 0.105469000000 
0.215975000000 0.093923500000 0.090270300000 0.100146000000 
0.034621200000 0.434911000000 0.430425000000 0.453433000000 
0.395426000000 0.030855200000 0.028187800000 0.031923500000 
0.466841000000 0.016850400000 0.015175400000 0.017332200000 
0.051384900000 0.307929000000 0.299876000000 0.314275000000 
0.059194100000 0.259265000000 0.251696000000 0.264691000000 
0.038690600000 0.426785000000 0.421747000000 0.445168000000 
0.477999000000 0.014447500000 0.012249600000 0.013334900000 
0.066258000000 0.230682000000 0.224184000000 0.237327000000 
0.424238000000 0.025486200000 0.023044100000 0.025828000000 
0.207863000000 0.096971700000 0.092703300000 0.102318000000 
0.043057900000 0.413727000000 0.407590000000 0.431230000000 
0.275928000000 0.067731900000 0.064164100000 0.071660800000 
0.111648000000 0.162513000000 0.157827000000 0.170460000000 
0.053182600000 0.293252000000 0.285452000000 0.298812000000 
0.056057900000 0.272570000000 0.264512000000 0.277651000000 
0.501260000000 0.011313700000 0.009436580000 0.010178000000 
0.492458000000 0.012568300000 0.010937400000 0.012567000000 
0.069491400000 0.226235000000 0.220505000000 0.233500000000 
0.626301000000 0.001097060000 0.000971874000 0.001183680000 
0.614591000000 0.001792590000 0.001513920000 0.001996640000 
0.521967000000 0.008714010000 0.007091490000 0.007631770000 
