2.0 34.820268233196785 0.0 
2.0 39.930937934831356 0.0 
20.35096832447873 2.0 0.0 
19.66748350583954 2.70330614076805 0.0 
5.812874491860583 2.0 1.1548733082799818 
5.907677565568555 2.009951898361823 1.7027506346847872 
10.272233760960503 2.0035692678744037 4.094309368233411 
3.1670770837956432 45.735042751091925 0.0 
6.922064598189525 2.0 1.0904105123027947 
7.8267971542676325 2.0 2.5368658740520225 
3.7307316116282925 2.029864184275355 0.703890497914967 
4.217782605093687 2.0 0.8816563697278715 
5.959691083161765 2.0 1.2521182631713774 
2.0 2.0 0.447960925900607 
2.0 2.0191843013695747 0.3399204832464475 
8.452419355572228 2.0 2.2992096186617768 
7.790083716212809 2.0550157486608533 2.8418124049129307 
5.833896582856946 2.2213254022872975 1.8585934005663536 
8.318496096195496 2.0420888718310994 5.5328578301586875 
6.579894647638251 2.167851022434568 2.0186487167288303 
3.147850307328447 2.021096004425073 0.7073059612742059 
7.8888799944135 2.117737238677773 2.4398657690345935 
8.26659160809928 2.0516970408207724 5.284087049827376 
11.4027866021879 2.124639038820104 2.592998747563113 
5.8450539909960435 2.0439810926732944 1.7316785811758413 
2.0 2.1126335372691485 0.8455732968682764 
8.123154134124107 2.0001235938838597 1.9704987418160655 
4.895038887153782 2.098063184901124 1.3131252324937235 
6.500607501622964 2.008644646429004 2.0789049500703296 
4.891839921981084 2.038732116989539 0.9279606079842388 
8.225788523948042 2.311691515748773 4.474523725744895 
2.954875849376724 2.552590352101629 0.30331066666216777 
6.900243060145527 2.406218375934315 1.409410392997651 
3.8359568352769386 2.076338764956334 1.0457526120537453 
2.0 2.00521657888449 0.5534428235888064 
7.111576343130092 2.4014336733673534 1.4402719206465506 
6.2915131211672755 2.0940866443042836 1.1826862080030742 
6.811720205695757 2.0 0.4228460851125049 
10.776056389995338 2.111786667201221 2.6977072358302463 
7.7657371236403785 2.1297785753528893 1.3220462358667975 
2.5994997763189 2.0152159090987105 0.4651364151320039 
5.894956019126759 2.9101608500034377 15.363087988373213 
6.947868103030456 2.0501020788082718 1.3642344098249928 
3.9483157071602593 2.027339934608956 1.0829931714521246 
8.063584806870821 2.0 3.0063344702168524 
7.072234014076345 2.486185039838247 1.7637852791989015 
9.873092606260371 2.2449420143499514 2.8908208222736738 
5.380728565473246 2.0418364756876124 1.0322452328932523 
5.951545258956786 2.015305926468049 1.7557806318842861 
2.0 2.2716124475508637 0.39079195262540645 
7.586758754140163 2.8697112059473007 12.793556812646202 
5.96422433503921 2.0310034814152282 1.6529443325363267 
8.392373363000294 2.0 3.7490016885498965 
7.681356253050022 2.0 1.8344105360698284 
5.908857897242023 2.0331984792387527 1.6069802924592886 
3.757676218120989 2.0 0.931895670815616 
7.27307669448988 2.2006103493534517 1.1141918340036132 
2.0545496384261743 2.0066135391954747 0.09824815557860289 
7.882767118236416 2.1064242535796627 2.3947364206494006 
5.620192714252237 3.110216244522886 17.728361137228745 
7.668868211614958 2.2886486232130117 5.083752425466889 
62.26361074702665 3.2356988276144594 20.01943940656222 
8.207593878859191 2.0 1.8988117163482041 
8.003417319836945 2.0 4.924934338532605 
6.323004667876307 2.0902285518629795 2.1884429541107546 
7.805657141811529 2.193118307680069 3.600760577933684 
14.306829217174972 3.043056042710065 16.976869885509508 
8.428164596173767 2.188089885404816 3.9835713817591096 
5.71854315809247 2.023381331197801 0.9667403461589548 
7.137915123648354 2.2849598594040392 2.1805050047114185 
7.904773592943676 2.08602853421691 1.5872719674809148 
9.554520443162103 2.0 5.963883766654077 
2.0 2.0 0.9014652632831778 
8.496470227526041 2.0956803630206626 3.1271278844025665 
4.99782972297076 2.0 0.978958257425444 
9.85809001201203 2.0258826605773117 5.664550277884035 
5.1759427227931765 2.0552135239268847 0.7847113545218843 
6.463295708577592 2.00147375719067 1.547980566089402 
7.86294473712892 2.0681088209262 1.4746922569712404 
29.596293587586842 3.169887574234588 19.038125635447678 
4.706505962029533 2.0054772269509042 0.8295545299292957 
4.075631314858788 2.0058321282567815 0.6237233288149624 
9.606661740713893 2.2058387987638026 6.250257197320705 
8.413226182262603 2.235725762362548 4.1792622464722236 
14.763995246904143 3.047340162546926 19.735732337394452 
3.1580520038894164 2.0 0.6319983299020249 
7.760543793444515 2.0 3.388722335930531 
2.0 2.0 0.8020919285424176 
6.294882621282102 2.0073280793200667 1.5158266346426215 
9.660970932287439 2.7022440728603967 17.429405572992074 
6.2404665878616274 2.0 1.2040586709624832 
6.691619160976309 2.2518609039655555 2.2318907385348923 
9.855258952302172 2.0 5.3763458103623165 
8.109909447986883 2.0152762769389394 4.705115113580263 
3.3108788038238646 2.0035794203590482 0.5724287912478728 
4.633932529358899 2.0302014572123803 0.5664218337686229 
9.741948966537901 2.0 3.2582330908172144 
10.58077110575416 2.0 0.031963232041201606 
2.4350265937006306 6.285503777929057 0.14334832148021068 
3.3764790409415797 2.023909313006878 0.5232244637729964 
