0.069447000000 0.330080000000 0.282779000000 0.285184000000 
0.088221100000 0.297712000000 0.249814000000 0.250824000000 
0.043563800000 0.379146000000 0.334269000000 0.336492000000 
0.045320500000 0.375766000000 0.330587000000 0.332712000000 
0.082721700000 0.310126000000 0.261746000000 0.262259000000 
0.429708000000 0.038200100000 0.026341000000 0.028352200000 
0.175848000000 0.209084000000 0.164241000000 0.164543000000 
0.085893200000 0.304203000000 0.256356000000 0.258342000000 
0.073711900000 0.320994000000 0.272859000000 0.274665000000 
0.060231200000 0.350156000000 0.303482000000 0.308606000000 
0.099948400000 0.283310000000 0.236160000000 0.237441000000 
0.042921100000 0.382453000000 0.337947000000 0.340493000000 
0.371451000000 0.071595500000 0.049852900000 0.051409500000 
0.076541900000 0.312784000000 0.264847000000 0.266742000000 
0.457458000000 0.029982700000 0.020330900000 0.022309600000 
0.064027300000 0.340839000000 0.293655000000 0.295836000000 
0.069523300000 0.329046000000 0.280911000000 0.282501000000 
0.389478000000 0.062732500000 0.043245800000 0.045074500000 
0.408868000000 0.051379300000 0.035170500000 0.037392600000 
0.143619000000 0.239996000000 0.192856000000 0.193618000000 
0.455283000000 0.032730900000 0.021505200000 0.023252700000 
0.239171000000 0.134874000000 0.103008000000 0.106538000000 
0.094654100000 0.295794000000 0.248358000000 0.250488000000 
0.557058000000 0.001945480000 0.001261490000 0.001756490000 
0.042372700000 0.395455000000 0.352095000000 0.354640000000 
0.420723000000 0.045760000000 0.030839100000 0.032961400000 
0.045587500000 0.371936000000 0.326518000000 0.328976000000 
0.442854000000 0.034794300000 0.022928900000 0.024736300000 
0.531926000000 0.005783870000 0.003534620000 0.004307500000 
0.042034100000 0.397555000000 0.354435000000 0.357083000000 
0.473981000000 0.020319100000 0.013143700000 0.014841000000 
0.175840000000 0.209085000000 0.164242000000 0.164544000000 
0.040142500000 0.451707000000 0.422249000000 0.436060000000 
0.104893000000 0.238814000000 0.199189000000 0.206920000000 
0.331813000000 0.085833700000 0.061927000000 0.065325600000 
0.372855000000 0.062993200000 0.043859700000 0.046858900000 
0.498426000000 0.014334600000 0.009264780000 0.010902600000 
0.150601000000 0.221681000000 0.177027000000 0.179653000000 
0.049793700000 0.365597000000 0.319655000000 0.321522000000 
0.061127200000 0.345615000000 0.299188000000 0.303709000000 
0.415068000000 0.047950900000 0.032528400000 0.035333400000 
0.466032000000 0.031143700000 0.020050700000 0.021081300000 
0.067034200000 0.335607000000 0.288360000000 0.290708000000 
0.070752600000 0.318281000000 0.274665000000 0.282679000000 
0.037857100000 0.464832000000 0.435068000000 0.449143000000 
0.372964000000 0.061928600000 0.043036500000 0.046018300000 
0.174557000000 0.220625000000 0.173669000000 0.173658000000 
0.055395100000 0.354869000000 0.309741000000 0.316182000000 
0.234313000000 0.141549000000 0.109144000000 0.113862000000 
0.096844200000 0.279274000000 0.235613000000 0.244128000000 
0.505853000000 0.011662700000 0.007528650000 0.009082710000 
0.405811000000 0.061191500000 0.041759100000 0.042229400000 
0.156401000000 0.218902000000 0.178098000000 0.182623000000 
0.093911200000 0.287854000000 0.244068000000 0.252868000000 
0.251384000000 0.129333000000 0.098465400000 0.102748000000 
0.399497000000 0.058574600000 0.040667700000 0.044046400000 
0.494881000000 0.015942000000 0.010302800000 0.011981100000 
0.133905000000 0.232880000000 0.189913000000 0.194958000000 
0.147686000000 0.233020000000 0.186009000000 0.186742000000 
0.369456000000 0.070148000000 0.049402700000 0.052507100000 
0.053236500000 0.360492000000 0.314164000000 0.315981000000 
0.313612000000 0.093114700000 0.066652600000 0.068572700000 
0.048381300000 0.368654000000 0.322905000000 0.324845000000 
0.103496000000 0.280063000000 0.232431000000 0.232202000000 
0.525092000000 0.010643700000 0.006822250000 0.008231500000 
0.204418000000 0.156218000000 0.121874000000 0.125716000000 
0.359565000000 0.074887700000 0.053131800000 0.056283300000 
0.031123200000 0.474604000000 0.446576000000 0.458456000000 
0.178088000000 0.192047000000 0.153495000000 0.157477000000 
0.169621000000 0.204775000000 0.166696000000 0.175975000000 
0.328162000000 0.090746900000 0.066029800000 0.069597000000 
0.408687000000 0.054769100000 0.037303500000 0.038956000000 
0.259876000000 0.124642000000 0.095033400000 0.099056200000 
0.529639000000 0.007493160000 0.004686170000 0.005909030000 
0.063780800000 0.343405000000 0.297145000000 0.301216000000 
0.229604000000 0.150327000000 0.116940000000 0.121942000000 
0.024188500000 0.482936000000 0.455937000000 0.468925000000 
0.303311000000 0.099376300000 0.072139800000 0.074232000000 
0.451589000000 0.033383500000 0.022036500000 0.024106300000 
0.437964000000 0.037251400000 0.024682600000 0.027081100000 
0.042567700000 0.387801000000 0.343732000000 0.346095000000 
0.545945000000 0.001972680000 0.001255970000 0.001747640000 
0.084596600000 0.309844000000 0.262713000000 0.268185000000 
0.035018900000 0.465181000000 0.436692000000 0.449323000000 
0.122785000000 0.234273000000 0.195387000000 0.204247000000 
0.029114700000 0.482016000000 0.455326000000 0.474625000000 
0.058222300000 0.352255000000 0.305484000000 0.307348000000 
0.339074000000 0.081572800000 0.057256000000 0.058815800000 
0.037844200000 0.462143000000 0.432360000000 0.452800000000 
0.166639000000 0.223389000000 0.176809000000 0.177383000000 
0.184558000000 0.162115000000 0.128537000000 0.134121000000 
0.057488400000 0.357083000000 0.310020000000 0.311531000000 
0.426676000000 0.042497400000 0.028452000000 0.030214300000 
0.098695300000 0.278520000000 0.234837000000 0.246893000000 
0.145420000000 0.236907000000 0.189569000000 0.190043000000 
0.181615000000 0.165935000000 0.131980000000 0.137726000000 
0.023072200000 0.500044000000 0.474477000000 0.486279000000 
0.278442000000 0.109362000000 0.081918000000 0.086017300000 
0.161221000000 0.215499000000 0.176342000000 0.184804000000 
