72.09408633505089 2.0319480411985964 4.00350032411393 
108.11384281975633 2.0303781483517724 3.4840165956377405 
74.30095359092905 2.0355193727822156 5.905286510886681 
73.69839521451007 2.121078711167204 5.731333283155161 
97.10109661125102 2.0414587484978637 3.7070963672789334 
94.02834746553027 2.0372971720629036 0.4709682711400644 
82.19274466033777 2.0114963487474213 2.040860780432922 
83.83862578668365 2.0335326631134283 3.584010667380826 
94.00235761774684 2.0348496700049297 3.8085339425389417 
21.914788316021216 2.0 4.946279650232142 
121.19763843570797 2.23585524014981 3.2121105432265358 
61.34457977441384 2.0493868500123598 6.168489176828069 
43.13572074026171 2.004640543673463 0.7760933158049209 
80.47971160874087 2.0302455346434463 3.652301004105966 
71.07516388704623 2.0 0.4431784140758941 
69.5701072464939 2.0531730490738984 4.46226100531758 
85.91824097111308 2.2795454577983087 4.026689790931381 
38.16228774604022 2.0069638343018643 0.7746833141335328 
57.6449810871263 2.0 0.6295888831864844 
45.067358932819914 2.0154972159144133 2.509350974967987 
34.10030163156839 2.00188773199052 0.4186095471375638 
5.435989262992614 2.0 1.6781434303955187 
46.35107781178317 2.1145899703207345 3.3750394649669087 
2.0 6.378346298902276 0.030247963737862094 
72.6764510806792 2.0 6.9594764238692255 
23.356122183635804 2.0962953429904703 0.6033061691873187 
56.43801843092686 2.044090423385048 5.5970430389171755 
30.212427137854494 2.0770823098518285 0.5200656206115544 
26.13372018897147 2.091100473859712 0.1191435232966761 
72.83392641088369 2.0081720452865186 7.115024074350896 
18.851186743578367 2.1129173280673283 0.33864927577387804 
77.03847429434306 2.0220440506712576 2.0295607259047683 
13.952037667368828 3.856084289642567 9.72104582353804 
4.680207084850942 2.1577572500825744 3.0903698768484795 
2.0 2.0 1.254235150897125 
2.0 2.0 1.0019606375934158 
12.832302775063326 2.0 0.27896100336086105 
14.064522195784747 2.483377680974523 2.3490733317153376 
63.66011854165062 2.0671608070298406 5.205487637988662 
27.150438299771555 2.262433213284282 4.751624607859487 
2.0 2.0 0.8177138374147093 
32.97193009054135 2.782953245107199 0.3815739922468998 
70.96928525542678 2.031466409564098 4.272958023613119 
6.534510275406033 2.2134213828498357 4.7114561246548 
94.72169047564792 3.5866140391105965 8.390542304451015 
2.0 2.0 0.9872775188717271 
61.090581720705366 2.0960366641246297 2.1596517486472995 
14.549213776490975 2.0039347004662083 5.573223871731372 
2.0 2.0 1.8724490563541227 
8.492101635551649 2.0 3.554947761083982 
10.709826058976043 2.0100428512128214 0.24834768226770293 
29.664174429719395 2.697061457183626 0.7099539819365946 
11.456251726611013 2.5323774292872616 2.2309007499213624 
7.627651946800026 2.00355336205389 3.7689516344440404 
2.0 2.0 1.7317396185062548 
84.3072338526286 4.325906075363015 0.7120200259745211 
14.08354404347602 2.1110248881086573 0.29253625813156814 
9.734241766871072 2.4838594538701337 2.6659672033320567 
42.5873420014367 2.0541345275208904 2.3391864348824103 
2.0 2.0 1.0814257712360484 
75.27743184043375 2.09321119235613 5.0960290507025485 
2.0 2.593472281980122 1.2384668283259086 
74.78724527580245 2.0040433667109623 5.365750578653875 
167.01084704946211 2.2746958540860174 3.0658891648367614 
29.565841023831013 2.2637657635133346 0.19520734969958786 
4.938467045242966 2.0940810557759963 1.9117475525203336 
2.0 2.0 1.1326839171222514 
34.311606697456114 3.955977604691068 10.977978502256164 
7.227646420448822 2.660205502237214 2.063163480179398 
2.0 2.668947068630477 2.453843134471687 
5.159231521734584 2.0 1.2040652394699907 
37.684060389087016 2.007891369634132 0.6722924904436691 
5.8643184269639415 2.1655761528743094 1.5371566925136255 
4.089551514590236 2.00755053125999 0.1706967555677936 
30.976025215691113 2.044148749580585 4.623858371998958 
2.0 2.3770856362163157 1.9672245615054202 
75.58310902325613 4.429487407696811 11.482851044588774 
4.7638919200117655 2.6600938592824592 1.2404462695693788 
13.052264732796619 2.0268060119892155 0.5004209484914828 
2.0 2.1841123668929625 0.6972659414199667 
71.51004995319444 2.367570202324675 6.330140664854808 
2.0 2.0 0.04515984612628676 
14.485120313360984 2.0 3.8500281151238562 
29.077104200737214 4.439866998773043 9.935081727516248 
3.7522148249351313 2.0 2.997209194941092 
16.73099942885066 2.7811040912601888 24.3368539216545 
64.0232077677065 2.086116161001268 4.754368567933904 
2.0 2.7324166447951574 1.1242174311782112 
15.618403696094294 2.7801306247558726 11.253401865179956 
63.618936047757494 2.1104123783963145 2.3074434911082617 
3.973748729421964 2.0676128966537677 2.0363435424547087 
95.1321032731691 2.30906225668291 4.8579156551759795 
18.9288738408573 2.278147605361477 0.5725708364751121 
3.2916411043037694 2.1801378715730846 4.215157939732576 
70.16435704995621 2.11577431390743 2.4422952858991596 
4.161602982669573 2.0 2.0895319247895996 
69.28616012309105 4.038536910524736 15.24043437134102 
4.309253745188773 2.3089146723258573 1.4063369600164162 
2.0 2.0118090586803667 2.832725478642382 
