0.103496000000 0.280063000000 0.232431000000 0.232202000000 
0.425022000000 0.042284700000 0.028545600000 0.030664600000 
0.059049600000 0.351381000000 0.304520000000 0.306381000000 
0.099948400000 0.283310000000 0.236160000000 0.237441000000 
0.088221100000 0.297712000000 0.249814000000 0.250824000000 
0.485888000000 0.021067400000 0.013335900000 0.014309000000 
0.049078500000 0.369158000000 0.323528000000 0.325931000000 
0.029231100000 0.472806000000 0.444504000000 0.458020000000 
0.050450300000 0.364641000000 0.318614000000 0.320482000000 
0.082721700000 0.310126000000 0.261746000000 0.262259000000 
0.388194000000 0.058353200000 0.040293700000 0.043265400000 
0.066365200000 0.336638000000 0.288591000000 0.289994000000 
0.022515300000 0.492410000000 0.466288000000 0.478593000000 
0.507782000000 0.012676400000 0.008031540000 0.009417000000 
0.518815000000 0.010530600000 0.006701190000 0.008105860000 
0.548313000000 0.002024660000 0.001269230000 0.001749860000 
0.067034200000 0.335607000000 0.288360000000 0.290708000000 
0.437591000000 0.038651000000 0.025415500000 0.027527200000 
0.315220000000 0.092749900000 0.067529200000 0.071051600000 
0.107491000000 0.279334000000 0.234374000000 0.236802000000 
0.457735000000 0.028792300000 0.018796700000 0.020074300000 
0.069523300000 0.329046000000 0.280911000000 0.282501000000 
0.057488400000 0.357083000000 0.310020000000 0.311531000000 
0.446965000000 0.037129100000 0.024608100000 0.026493800000 
0.094244500000 0.293124000000 0.245970000000 0.248874000000 
0.042372700000 0.395455000000 0.352095000000 0.354640000000 
0.392152000000 0.055208100000 0.037973300000 0.040872500000 
0.295427000000 0.108564000000 0.080139300000 0.081560900000 
0.073711900000 0.320994000000 0.272859000000 0.274665000000 
0.330315000000 0.089057700000 0.063685600000 0.065661500000 
0.085888900000 0.304203000000 0.256356000000 0.258342000000 
0.026924600000 0.476274000000 0.448684000000 0.461743000000 
0.360449000000 0.074092900000 0.052495400000 0.055573100000 
0.073570700000 0.324482000000 0.276886000000 0.282403000000 
0.076541900000 0.312784000000 0.264847000000 0.266742000000 
0.371270000000 0.070424600000 0.049323200000 0.050643300000 
0.467465000000 0.025869800000 0.016885200000 0.018674800000 
0.178088000000 0.192047000000 0.153495000000 0.157477000000 
0.217703000000 0.151649000000 0.116997000000 0.121542000000 
0.033014300000 0.467794000000 0.438815000000 0.452573000000 
0.024838000000 0.481043000000 0.453852000000 0.466954000000 
0.041754200000 0.458119000000 0.427634000000 0.441799000000 
0.449339000000 0.032636700000 0.021480300000 0.023494900000 
0.410544000000 0.050385900000 0.034289000000 0.036260500000 
0.042785600000 0.379972000000 0.335220000000 0.337734000000 
0.355926000000 0.084382300000 0.059485300000 0.060914200000 
0.364510000000 0.076529200000 0.053549500000 0.055272500000 
0.385687000000 0.062616200000 0.042437700000 0.043622400000 
0.263237000000 0.125425000000 0.094290600000 0.096006500000 
0.064779300000 0.340614000000 0.293544000000 0.296540000000 
0.042034100000 0.397555000000 0.354435000000 0.357083000000 
0.491996000000 0.014791100000 0.009732450000 0.012022100000 
0.181205000000 0.180327000000 0.143338000000 0.147815000000 
0.044889500000 0.374699000000 0.329469000000 0.331930000000 
0.036232900000 0.463577000000 0.436921000000 0.456841000000 
0.331031000000 0.087975100000 0.061945900000 0.063974700000 
0.143765000000 0.223766000000 0.181410000000 0.186096000000 
0.046991300000 0.372285000000 0.326824000000 0.328862000000 
0.536191000000 0.004019240000 0.002509760000 0.003307540000 
0.419783000000 0.046399700000 0.031389000000 0.034191400000 
0.300834000000 0.101950000000 0.073892900000 0.075948400000 
0.053236500000 0.360492000000 0.314164000000 0.315981000000 
0.041945500000 0.455281000000 0.429345000000 0.449289000000 
0.197990000000 0.175608000000 0.139598000000 0.145604000000 
0.149867000000 0.198419000000 0.161735000000 0.168864000000 
0.268078000000 0.114697000000 0.084539600000 0.087059300000 
0.042512900000 0.385131000000 0.340792000000 0.343117000000 
0.162045000000 0.188599000000 0.152761000000 0.159465000000 
0.130571000000 0.224717000000 0.185416000000 0.194127000000 
0.344148000000 0.085652400000 0.061136600000 0.064010700000 
0.248722000000 0.131356000000 0.100268000000 0.104646000000 
0.379032000000 0.064894500000 0.045333800000 0.048402900000 
0.523999000000 0.008235720000 0.004940130000 0.005686850000 
0.252928000000 0.127250000000 0.095100600000 0.097917500000 
0.251384000000 0.129333000000 0.098465400000 0.102748000000 
0.038390200000 0.461191000000 0.432087000000 0.445274000000 
0.199619000000 0.165637000000 0.129679000000 0.135240000000 
0.234764000000 0.137483000000 0.104221000000 0.107716000000 
0.224276000000 0.144579000000 0.110719000000 0.113889000000 
0.534879000000 0.007773770000 0.004677490000 0.005580220000 
0.279123000000 0.109923000000 0.080456700000 0.082946800000 
0.429708000000 0.038200100000 0.026341000000 0.028352200000 
0.197954000000 0.181396000000 0.142615000000 0.144480000000 
0.220479000000 0.150562000000 0.116068000000 0.120629000000 
0.209315000000 0.157047000000 0.121909000000 0.126877000000 
0.118979000000 0.240396000000 0.197763000000 0.208218000000 
0.029715500000 0.468909000000 0.440251000000 0.453689000000 
0.469269000000 0.022791600000 0.014783000000 0.016495000000 
0.205769000000 0.160293000000 0.126525000000 0.131481000000 
0.109251000000 0.263054000000 0.216664000000 0.217039000000 
0.501266000000 0.014140900000 0.008562310000 0.009826910000 
0.044242900000 0.377474000000 0.332499000000 0.334953000000 
0.266216000000 0.120046000000 0.089135500000 0.091901800000 
0.175753000000 0.197174000000 0.156239000000 0.159407000000 
0.399628000000 0.055864400000 0.037284600000 0.038305600000 
0.311739000000 0.094872700000 0.068352100000 0.070228600000 
0.022850500000 0.485362000000 0.459137000000 0.470824000000 
0.061286900000 0.344792000000 0.297814000000 0.300832000000 
0.060217400000 0.348359000000 0.301571000000 0.304521000000 
0.242919000000 0.135427000000 0.103814000000 0.108339000000 
