148.06591728994326 2.0 3.2840880415848943 
49.56265489045967 2.0 0.5923965635792737 
65.83521239290577 2.412420114329209 4.695791770681246 
124.04618384264133 2.0 3.1495361640151183 
103.36057317580902 2.0 3.3034938483170175 
17.691088482790107 3.4970491755750626 0.3734653733439822 
55.285065810659894 2.0 5.515393525092761 
74.5933727001443 4.147680814121948 9.913361350583036 
71.22879813383702 2.302335078733669 5.230387779943888 
106.44695987458837 2.000055988167499 3.6828604916832854 
2.0 2.0628247321450015 0.9441903757301536 
80.45329531921499 2.0 4.225396557649816 
76.33406428856733 4.270961579665208 13.353517458773364 
14.87430716319996 2.0012791057651755 0.2487514776519291 
13.265110863299252 2.0316237569477997 0.2305800015171066 
2.0 2.0 0.049672017246178424 
72.78443652834248 2.0 4.294428961858524 
22.147453278541164 4.46044718144859 0.4551413095409552 
2.0 2.0206765576779486 1.32818527614427 
64.97999029666519 2.5223284958838716 2.787604703119644 
8.742878753910645 3.1613905901121 0.5093028741945169 
91.14988948614194 2.0 4.098728641463606 
93.40535529135641 2.0 4.8119764170290615 
36.59278301069884 2.0 0.4746533727359994 
39.106720201679146 2.243656829490736 3.2882026320184212 
69.11919398115734 2.0 6.830242358160586 
2.0 2.046145067831763 0.9143266839975631 
10.978246062152179 2.681086006531686 1.2211853778560817 
80.38112228436023 2.0126569668969587 3.799108961409514 
4.861784708597334 2.719673214669502 1.1359797153087905 
76.94089222403595 2.266142227481806 3.512408852578255 
56.39822025760055 4.182271743403452 10.49699502585255 
2.0 2.381845884490709 1.1271019342291355 
17.449744298114524 2.0 4.209790606321475 
88.37325189497989 2.1814708299728007 3.7364199739886974 
12.253554515684282 2.8504783699385894 0.9065931968584511 
29.429207499385893 2.0039174832235886 0.4018267458579237 
6.990126880978238 3.4312461223231523 2.0585822940955567 
2.0 2.858072231703909 1.8373531852069616 
76.36049943913665 4.126933099808541 9.116465717752124 
69.8077846922786 4.117125724253081 11.108133112052322 
72.12758051652027 4.353843884254019 7.943067259290676 
17.177663444596273 2.136425689878983 0.4941308009577551 
39.57700060132703 2.032826132319541 0.6941865029833565 
55.11371801180189 2.100753553296608 6.039481453835922 
51.02648074166889 2.1629552619706582 0.9937435779278254 
27.80954524196746 2.106145358520996 0.914728973567241 
2.0 3.373224433483947 0.9353504372777637 
9.013344881821016 3.4195238003890545 1.3798247177284397 
62.60409733511844 2.3084896205444205 4.308816060020433 
69.29374647530116 2.0 7.130540427465176 
29.71314419221374 4.472921231167617 0.12580712816077338 
8.116588342501599 2.2468074327603604 2.0855084578560255 
63.423185284359306 2.1567616449222418 5.7160080751323195 
10.38471854292402 3.212444914081294 21.03175766506604 
2.0 3.9683141776376964 1.122916909426333 
10.147197891555212 2.0 2.537412572743856 
68.50408505181073 2.0 5.580205004087716 
2.0 4.408347545095369 0.1085508382468694 
2.0 2.0 0.7981532254586532 
2.0 2.8183624268025316 1.3295118263087145 
74.12735946641857 2.272856706884459 5.1322820197145855 
6.520200649501245 3.3773599480794863 24.631545088353604 
2.0 2.0 2.268998501960322 
3.5015252263213195 2.0 2.483922614548402 
2.0 3.074600697508412 1.4469424202300594 
71.00247732934373 2.0038168617617784 6.145701512558599 
4.208567406590904 2.179871434643158 2.345649344259214 
4.890190449841596 3.4820802795213845 2.580548746981498 
7.378208648368374 3.6814499598625345 0.9928982999927278 
2.0 2.0961228228377755 1.7574390099590484 
2.0 2.0 1.0205241653667003 
18.142726994246292 3.5379882542433227 0.020325172721163742 
3.972591650465981 3.246668712939925 1.498493725330544 
2.0 2.419026278028803 1.732134529797242 
21.860547359684272 4.42203265463211 9.874206719674268 
2.0 2.7666939584324615 1.9864813750176806 
3.5345814815671233 2.782080952144508 1.595018540634885 
4.890026051984549 3.4816979144445557 1.6633225142785903 
8.177814542343048 7.7734396246199156 0.10791214153262782 
2.0 2.6126947122806747 1.3891182601380607 
78.78701888825066 2.3902872494374483 0.4025473146735839 
18.09502908801488 2.8196680343832674 1.7721957108404716 
2.0 3.0381640233823304 1.8304035588382708 
2.0 3.1531866158650876 1.8991355592237413 
3.19656202087117 2.0 3.1902539724679606 
56.31584609658847 3.69166332799153 9.537827635003048 
21.199654580807668 2.111266986604635 0.38066537723911437 
6.036702090567989 2.0 1.9422431056308334 
134.22203570400706 2.0795165904020827 2.8102302086362663 
2.0 4.077263792274289 0.3123228182226505 
60.39592655205223 2.47513746524219 5.9471972027467945 
2.0 2.5000593473703905 1.4973315556120617 
9.07010439689381 2.428125560721259 2.160429945742427 
2.0 2.603088228464486 0.8687067342968071 
5.064116346057608 2.61589985461947 1.2036602053173078 
35.333556717155105 3.5432217997809716 14.058591739163992 
62.3408526101089 2.4075665858003568 4.540084374657338 
54.75556592771808 2.0381763380044084 4.659788669185938 
2.247923619024779 2.0 1.8058872662562222 
