7.153112698287497 3.529150017036666 247.2988618186823 
2.0 20.087350488604667 243.9707702919923 
2.0 23.168765357274097 158.27599945486548 
24.885982216695858 2.7244110024156414 10.49248176657823 
2.0 2.0 0.8504854708529406 
27.11496241678784 2.180955860670196 6.608186039317405 
28.22197240147462 2.154985891262139 5.544992254911495 
2.0 2.017513219962406 1.5582800076716876 
49.96361169643445 2.490955177692597 2.9887248663492043 
2.0 2.163444584692677 1.0042961048438235 
14.18341624877472 2.0 4.216298470007882 
25.209487706682573 2.0 2.7160053233854997 
2.0 2.0116470939931914 1.4892207932051842 
28.371707854291465 2.0 4.193197484467432 
20.10028517104286 2.0 5.0250847176242575 
2.0 2.2681126136949534 1.7717656376731281 
2.0 2.0442054590927548 0.6317952183675868 
16.668166334873348 2.0093525685600913 0.5730948050225724 
12.704008096752048 2.9971490052578846 0.0 
22.12311764110083 2.3078863813831414 4.519102467118313 
27.948769155001997 2.852200725439276 11.32561560848638 
2.0 2.401967445172351 1.7212846929055075 
3.521920547212119 2.067146313361802 3.0625210134227343 
18.188079570053397 2.247450172561537 2.230208562990446 
2.0 2.5587086467540816 2.123364387630342 
17.96639476015376 2.5480082797078176 0.0 
8.358611494580467 2.3410301130979145 4.2000210544664185 
2.0 2.0 0.18295648450232038 
2.0 2.0 1.1538859517662843 
18.108396810870822 2.1205778837512623 2.007056230343018 
2.0 2.0 7.74147963488403E-4 
26.52776106808481 2.1161174699020826 5.03820732859853 
2.0 2.0 1.827497761122676 
2.0 2.121378978700467 1.0707311126793682 
2.0 2.9718872544631663 2.0655144820342883 
2.0 2.189382743855824 0.8052988711882147 
2.0 3.625339677732216 1.8641574439893058 
2.4801979604886526 3.1275369958327883 0.36251895683121527 
4.883976591756947 2.028338922667115 2.2662763991500166 
2.0 4.8086293379159235 0.6827108709358676 
7.8817720585764945 2.3711576697858003 0.4541630040549406 
2.0 4.367587597920562 1.5458233386769673 
2.039989643301851 2.0 1.5119504131577586 
2.0 4.426046490202634 0.8322435744696847 
2.126366901773709 3.265536926071732 1.333980775639143 
7.867129205363769 2.0 2.576346837151808 
11.001840151923357 2.0 2.0650843748693903 
3.2700000000000005 3.4084418514076678 2.5818930624226484 
27.79996651797018 3.2134980795566466 71.21976068066863 
2.112980146437727 3.785387168148156 1.4871515772156765 
20.10345938985055 2.361851619019078 4.00444881846628 
3.3557051779339417 3.107821234098362 2.4888339292032886 
2.0 2.0 1.329803950844911 
24.96232437131005 2.659660258328768 16.15352745845236 
7.120587261923205 2.263720191818588 3.8271125001935644 
25.571950461609894 2.162629341162891 2.9857864605835456 
2.2180755969109107 2.0449255706328033 1.1993336553627747 
2.0 2.0 0.38496020692088173 
2.0 2.3689703146923082 0.3245781200891411 
3.200504896166911 2.0590846518351222 0.15500516049572027 
2.011132581852653 2.1227677928918176 0.2887187542171264 
18.567493446473357 2.0 0.4439949705687112 
26.645498698168968 2.005603759458382 6.021357746033608 
12.814805186603747 2.0 2.5093024810766638 
2.0 2.0 0.8377531151163753 
7.710094897241995 2.0 5.403979163097334 
2.3574985141108384 2.0 0.7234405198122762 
46.62174473083735 2.1691393946396027 2.081124609697028 
15.246479053891047 2.0428496730830323 0.5170021083905715 
2.0 2.1451479495281474 1.5263911148409761 
28.336026396450233 2.0 8.061937725312285 
2.0 18.688945561450378 92.7318564678555 
22.85845568798034 2.146168945210557 3.116979763361486 
2.0 2.0 0.5680357304184406 
4.392030299555103 2.0 2.808089367954488 
15.053682624178416 2.0 2.0755841874186713 
2.0 3.017566910140972 1.6592758219265136 
5.75198209543295 2.062843034612569 0.21882097024333752 
3.9374532881010476 2.0 4.388078712755073 
2.0 3.788974944480057 1.306498790018666 
2.5863251429613903 2.0143349559853934 0.9140322295855929 
4.344377211746196 2.2677109583820565 3.5918725453856926 
7.01763629934176 2.3298578546525035 0.6120333687865065 
15.959375829665316 2.0 2.335572039321992 
2.0590852205981665 2.0970465817980837 1.0443257745180483 
19.726300406548972 2.256081681819097 3.430320582235275 
2.0 2.0 1.0868226491928923 
2.0 2.28316295584578 1.8838637214983796 
30.54236611876346 2.6959864126333795 13.009478130456046 
2.6632906938250462 2.0 1.2276610966157304 
2.0 2.0 0.47631085228245595 
2.163474648162854 2.9731517962290557 2.1596334815335085 
14.06802616657291 2.089220328754878 1.697405699875993 
2.0 2.0 1.446115462868543 
2.0 2.927463351565039 1.931717476594724 
18.27867560555381 2.3115181741434707 2.2859251332011 
2.0 2.0 1.3032588519530142 
2.0 19.066814157158042 83.53933582045525 
2.0 2.0 0.9591384717414699 
2.2299495937236844 2.0824298173935607 1.2163882885594628 
