93.41912258645289 2.0 109.98561850037294 
2.0 22.91810301697592 76.07961403716018 
2.0 5.785565677971647 1.1859344281563278 
2.0 2.0 1.407608853953774 
2.0 3.602549864535071 4.175018476679566 
2.0 2.0 1.458151317915958 
2.0706502748181914 10.238615789100312 2.5443421328191453 
2.000996208870473 6.340259636230442 3.246759148213453 
2.085927900757799 2.0 1.6288845116067023 
2.008119610857636 9.823544957666803 5.384822802507296 
2.0005975773664493 3.166547093824123 1.0682818679507073 
2.0 13.29111959174799 6.377307438104193 
2.0 6.872662107222519 2.111565224383751 
2.0 21.98109731483009 0.1766485796412601 
2.0 3.3809523973199544 1.2230320748028978 
2.0 2.0 1.366311142614949 
2.6060110054688868 2.0 1.297425126844656 
2.0 3.4285975270852713 1.6692530939249313 
2.007384262051626 5.451098228693872 3.888835200451877 
2.4931083466271717 7.921872530820062 3.913399047980781 
2.315512251924326 6.409838711960686 3.6780245767536988 
2.2678649818995824 7.55303119944675 4.197904666795928 
2.144988781010706 2.0 0.46309305715961846 
2.0023937018414544 4.530799690716401 0.8049215630907902 
2.000690286137552 7.093393807843088 2.306310941381325 
2.0 3.8138985004422716 0.9336619631424599 
2.3784403364363302 2.0 1.2413234083289595 
2.0 5.917175797049119 3.7440080574071355 
2.0 27.240660159908547 15.519471354602699 
2.0 4.593400292928583 3.0658153685127383 
2.350999941486684 2.495536339250155 1.9270624521516193 
2.0 3.6761221529128694 0.016930777364601468 
2.0 2.0 1.489507261975425 
6.112328619159737 21.52014900100463 0.038846446062963544 
2.0 11.323688581654286 4.101408179023202 
2.0138740262874144 11.760355274848461 0.9883012374806622 
2.0 4.279020774563549 0.044026048945651916 
2.0 7.51156425941868 4.765507516469338 
2.0 31.799544112604977 0.5161677417887249 
2.0 6.279010491980749 1.6903723247961877 
2.0862623243553062 11.315134359692184 0.9033010173708705 
2.3477356762911072 21.214927155561814 24.38369303689274 
2.0409569509435634 11.128757464297744 5.599134554535681 
2.0000772712157002 2.0 1.5720409927359995 
2.4343315339441567 9.879412380595745 7.170224195469973 
2.0883274528530436 15.356349272503104 6.355082739254157 
2.0002797767742098 9.119507179138523 2.941089391278861 
2.0 9.683517205632803 1.9381812509259 
2.1517005210732 6.112286735748947 3.4031595677203152 
2.0 6.325055688397985 6.779551070622279 
2.0 2.0 1.122028677068329 
2.00441578904136 9.277293566209968 2.1231978385961883 
2.1093577876643503 4.640346144147259 2.4265081044264654 
2.0 7.045143591619445 2.2395541395440564 
3.2881105339588004 2.0 1.7865158246594222 
2.0 7.983491638418926 6.474242816379415 
2.1744048560990614 13.168795315313542 5.801121697343893 
2.003202327346703 8.557466045936833 2.3759859170160715 
2.195294518788225 10.723339333364123 8.632930321674166 
2.0 2.034266308961954 1.7680609032668415 
2.0283515936526784 5.896382992484469 0.8289052779989938 
2.0037720139526005 3.9334243345782607 2.5669294296653167 
16.351939814100888 11.635769767591238 0.18424840297706568 
2.039466474653837 6.023464692737626 5.736649704103812 
2.0 6.669864604548454 2.4587722054368637 
2.0 2.0 0.8713550664447798 
2.938548110407785 2.0 2.122406158054049 
2.2070545367553454 4.600191138437793 1.5536750476236247 
2.1788166095273667 9.838137785471318 4.72196813574069 
2.0 8.131005458553934 2.0589095939018818 
3.584231410575968 39.10420491719961 0.34963759256595467 
2.0 2.0 0.7540753718969581 
2.244997140933656 5.956148293071627 2.307387288835691 
2.015982390307278 4.615940358380153 2.802035007021235 
2.0099242452760757 5.686533433229467 7.62497159247572 
2.271611378896717 5.251877688557407 3.0927868230891185 
2.00072149715666 3.106559252503299 1.0029088044882064 
2.0214796271756663 5.949764567212718 3.3285591168509807 
2.0012525462034834 5.648500289417556 2.771896512863228 
2.2966133066817105 6.56680822485183 2.585592512652764 
2.000860429823368 3.4815932829949645 0.7724947083241971 
2.0 19.966712774135186 13.447167129706699 
2.00918290189216 97.0 0.26113461001508287 
2.045679731450714 14.767338937283263 9.452591306189571 
2.035318740091732 5.057127224785868 4.475189420317614 
2.023444739089495 6.326826411526617 3.48691520583841 
2.2218131125550653 14.845175316925584 8.144209231402918 
2.0 9.919816414515683 2.7419215155511183 
2.0 8.958489162806819 4.920253315221718 
2.0 2.0 1.088449652397434 
2.0 14.913885148926935 0.016133001754164322 
2.0458565949064247 3.010708256515521 1.8762138292524173 
2.0020066125392963 4.0439768013794986 2.926809451562715 
2.0523885724420547 13.246665474277226 10.185650034599782 
2.000450736698123 6.919914459882209 4.318811241043996 
2.0308558094672553 2.0 1.0332651905334926 
2.099391244418213 2.0 1.2775173914517486 
2.0 10.193327626666527 5.114363614252765 
2.002548349605652 15.000989825275607 11.478618990493564 
2.0 29.90247252001638 17.251007091797046 
