0.004617690000 0.178078000000 0.151364000000 0.157711000000 
0.005019660000 0.171553000000 0.144781000000 0.151077000000 
0.005651470000 0.167536000000 0.140897000000 0.147137000000 
0.006746770000 0.161788000000 0.135385000000 0.141533000000 
0.129427000000 0.026637800000 0.020895400000 0.021915600000 
0.139432000000 0.022894700000 0.018065100000 0.018915600000 
0.016770400000 0.123925000000 0.098483400000 0.105151000000 
0.236055000000 0.003191120000 0.002284530000 0.002436960000 
0.087058100000 0.046961100000 0.036435900000 0.038383400000 
0.013603700000 0.139651000000 0.113732000000 0.120582000000 
0.248158000000 0.001749010000 0.001238030000 0.001347420000 
0.059010500000 0.066240700000 0.051625300000 0.054559100000 
0.154558000000 0.018011900000 0.014279200000 0.014915300000 
0.040700000000 0.084114100000 0.065976600000 0.069800500000 
0.179159000000 0.012271600000 0.009826530000 0.010240900000 
0.115409000000 0.030768000000 0.024027500000 0.025228500000 
0.010363100000 0.148088000000 0.120332000000 0.127083000000 
0.034483400000 0.090163100000 0.071013100000 0.075153600000 
0.175086000000 0.013400300000 0.010722600000 0.011180100000 
0.012351500000 0.138942000000 0.113951000000 0.119684000000 
0.044004400000 0.080340900000 0.062920500000 0.066568100000 
0.038696300000 0.086813500000 0.068269600000 0.072267400000 
0.265214000000 0.000739991000 0.000483161000 0.000515229000 
0.137241000000 0.025510800000 0.019604200000 0.020536500000 
0.280050000000 0.000056940800 0.000005178410 0.000002959730 
0.007018570000 0.157528000000 0.131757000000 0.137825000000 
0.023748400000 0.108655000000 0.086482400000 0.091529600000 
0.054898700000 0.070917100000 0.055234100000 0.058110900000 
0.008095740000 0.153774000000 0.127875000000 0.133820000000 
0.256418000000 0.001448250000 0.001017780000 0.001120460000 
0.005455970000 0.170092000000 0.143359000000 0.149641000000 
0.005927560000 0.165013000000 0.138466000000 0.144676000000 
0.021647000000 0.113166000000 0.090919800000 0.095686900000 
0.195945000000 0.010015500000 0.007628600000 0.008014660000 
0.040218400000 0.084503600000 0.066300300000 0.070149100000 
0.146534000000 0.020491800000 0.016191700000 0.016938700000 
0.233123000000 0.004299530000 0.003176470000 0.003441160000 
0.019921300000 0.116845000000 0.092356400000 0.098755700000 
0.151773000000 0.019274100000 0.015257900000 0.015946300000 
0.056539500000 0.069131100000 0.053940300000 0.057027300000 
0.046409100000 0.078072800000 0.061086100000 0.064613700000 
0.080649400000 0.051390900000 0.039583200000 0.041596700000 
0.097898500000 0.040297800000 0.031332400000 0.032978500000 
0.057094100000 0.067635600000 0.052761100000 0.055758300000 
0.227784000000 0.004860530000 0.003823410000 0.004006810000 
0.213674000000 0.007164190000 0.005371410000 0.005665490000 
0.025898500000 0.106068000000 0.084751900000 0.089221900000 
0.011141800000 0.141589000000 0.117058000000 0.122689000000 
0.065704300000 0.060514700000 0.047062200000 0.049668900000 
0.142414000000 0.021966000000 0.017329400000 0.018134400000 
0.007339950000 0.155579000000 0.129558000000 0.135566000000 
0.004873280000 0.177936000000 0.151220000000 0.157566000000 
0.070898100000 0.057254100000 0.044754400000 0.046959000000 
0.169134000000 0.014729100000 0.011739900000 0.012255000000 
0.067918300000 0.058997600000 0.045844300000 0.048376500000 
0.242347000000 0.002684600000 0.001921170000 0.002085540000 
0.032269000000 0.094683600000 0.075295800000 0.079356300000 
0.061701800000 0.063427700000 0.049395500000 0.052179300000 
0.061364700000 0.064457300000 0.050530500000 0.053070600000 
0.189416000000 0.010480500000 0.008410430000 0.008767230000 
0.026409100000 0.105237000000 0.083606500000 0.088495800000 
0.006691460000 0.162340000000 0.136281000000 0.142453000000 
0.272452000000 0.000311687000 0.000185857000 0.000198240000 
0.199172000000 0.008723520000 0.006982670000 0.007266860000 
0.119056000000 0.029269400000 0.022896800000 0.024027400000 
0.008828160000 0.148996000000 0.123860000000 0.129711000000 
0.035815700000 0.088074200000 0.069256400000 0.073312200000 
0.072931300000 0.054286700000 0.042110400000 0.044396000000 
0.100104000000 0.038123000000 0.029650500000 0.031190100000 
0.033071500000 0.092643900000 0.073045100000 0.077326300000 
0.029338800000 0.104049000000 0.081373700000 0.087207900000 
0.206126000000 0.007702130000 0.006176130000 0.006436330000 
0.053226000000 0.072559800000 0.056496400000 0.059426700000 
0.051025900000 0.073679100000 0.058111700000 0.061105400000 
0.123333000000 0.028285700000 0.022136600000 0.023235000000 
0.014224100000 0.130619000000 0.106449000000 0.111881000000 
0.109983000000 0.034058300000 0.026528300000 0.027887600000 
0.096245300000 0.043029300000 0.033254000000 0.035074700000 
0.009892940000 0.147225000000 0.121840000000 0.127587000000 
0.029621100000 0.098565700000 0.077980000000 0.082540100000 
0.220769000000 0.005858490000 0.004662020000 0.004871360000 
0.083379700000 0.047692500000 0.037018700000 0.039007000000 
0.019984200000 0.116231000000 0.091828900000 0.098207600000 
0.106241000000 0.035597500000 0.027701800000 0.029128200000 
0.050166100000 0.075916300000 0.059611000000 0.062857900000 
0.024680100000 0.109657000000 0.086135900000 0.092228300000 
0.181913000000 0.011571200000 0.009268220000 0.009658480000 
0.016266800000 0.125739000000 0.102062000000 0.107322000000 
0.161121000000 0.016268700000 0.012928600000 0.013498600000 
0.031517500000 0.096542800000 0.076933100000 0.081028200000 
0.018931400000 0.122032000000 0.097561600000 0.103901000000 
0.112765000000 0.032032100000 0.024995200000 0.026263000000 
0.015575400000 0.127307000000 0.101458000000 0.108264000000 
0.089478500000 0.044717800000 0.034767900000 0.036405900000 
0.130657000000 0.025731900000 0.020100400000 0.021030400000 
0.093661300000 0.043860800000 0.033875600000 0.035511400000 
0.077144600000 0.052877800000 0.041276800000 0.043268200000 
0.010625800000 0.143468000000 0.118409000000 0.124243000000 
0.104196000000 0.037467500000 0.029165900000 0.030504900000 
0.019824000000 0.120508000000 0.097993700000 0.102855000000 
