2.0 17.498512021294587 124.2312099716167 
2.0 8.985249806895299 75.75061583309943 
2.0 9.320112893981387 4.117036334218653 
2.0 9.246008313587277 3.453788292193991 
2.0 2.0 1.0091787719301948 
2.0 2.0 0.9540724298082949 
3.2980060872497194 2.0 2.1686082449942194 
2.0 43.33358776446696 0.42813528092708797 
2.090903525990213 2.0 1.2298914705612336 
3.745592463767822 2.0 2.574546712551836 
2.0215113495459445 24.611360931203578 0.3177953750603386 
2.0 2.2816948890781776 1.4268705397442831 
2.0 2.0 0.8824658182970341 
2.0 2.0 1.6112451507675247 
2.0 2.0 0.7796473358418368 
2.0 2.0 1.0585708779607599 
5.112801534581644 2.0 2.6403231556287765 
2.0 2.0 1.6772697820609697 
2.0132091079686285 2.205396066365099 0.7977041335275881 
2.1963996997202297 5.165750340513774 2.491905730199841 
2.0 2.0 1.572468396862745 
2.0 2.0 1.6454656310671623 
8.44750248404011 2.0 0.231453221706019 
2.1655270388407906 6.340182494195873 0.9656121360749038 
2.0 2.0350939463844635 0.12073967898903248 
2.0 7.27014130503089 3.2878281463682946 
2.041838455308954 2.036870506950835 1.9158185049057646 
2.39582478026482 4.868703829763756 1.466064287069158 
2.0 9.115150292895601 3.023017063031702 
2.0 14.584047367678178 0.3310210711428676 
2.0 8.590338579684234 4.561954910405846 
2.036507699452242 9.119617497566825 3.791402137758233 
2.0 5.091958810363541 1.993021855891654 
2.0 5.51155780857612 0.6948086707766401 
2.0 2.0 1.616330352518187 
2.0 2.0855338232737095 0.9232549876764446 
2.307034992177202 10.382045461333906 0.4997940436827894 
3.43426530029606 2.0 2.052688399509394 
2.0 2.0 0.9017978879414722 
2.0 2.0 1.454115614042546 
2.2707367236362863 2.0 1.543491120488782 
2.3265801252478306 4.537465392100716 1.267471481675488 
2.3259140066799464 2.0 1.1628449943529648 
2.4096913114101146 2.4479820289452983 1.4389603428305104 
2.0 2.0 0.5629753353176077 
2.315806781517489 5.54934555516763 0.6249986126697001 
2.0 4.800946237802367 1.8997299859352301 
2.0 6.955167768949839 2.6563191929114307 
2.0 2.024484958062048 1.3648298228099227 
2.0 2.0 0.9417261105617428 
2.0050421159264977 8.891517519378432 3.1173919104096894 
2.4271434817764246 16.85776879625238 5.579734203885412 
2.0038896711138374 2.575695500526447 1.3417895342343327 
2.0 2.0434119809687203 0.824773827624322 
2.0100291853625216 2.055816097512908 1.3536425553307228 
2.3034098130496052 24.786215217362276 0.37680206822762374 
2.4943785963191876 3.575154480984331 1.7630465052937883 
2.0040698895793687 2.029884093763433 1.393768269675086 
2.0517792961451287 2.9657404513682555 1.4185197683038242 
2.0 2.0 0.7355847696838294 
2.0094548938414514 2.4017562243647506 1.8684114920087866 
2.1450202327143133 6.863965910965661 3.597522120344533 
2.012425613179595 2.0 0.18563124140172782 
2.0 2.0752832712191145 0.6907724205372902 
2.058847247937411 2.193128874835422 1.0401062964673398 
2.0280856077783422 7.036279109688996 2.8798150882489812 
2.0 2.0 1.6610513571264702 
2.022056475847053 2.3811839488370925 1.3035509973315944 
2.3379729715537287 2.0 1.1415289062815372 
2.0 2.0 1.7093118019721956 
3.348843000949541 2.0 1.8610530423134408 
2.0 2.0 0.6628544621515342 
2.0064101211409486 4.679811885839337 1.4956546058300368 
2.4904585636253116 3.353428509545624 1.5174607920336765 
2.0 2.0 1.0283619568768079 
2.029375480863484 5.107479404212691 2.3086772493802203 
2.0025897419478436 2.149378498979798 1.0952017208349742 
2.127601552901442 4.141409455980412 1.1731668612032657 
2.305798977496232 8.872839233246264 2.777131321277076 
2.0072708858965864 2.0 1.7851412465949381 
2.0 2.057023662529789 0.5992010863311927 
2.003528335581862 2.3687326986693065 1.234921467424485 
3.0501238218202187 2.1820658784910303 2.046794263674851 
2.0 2.0 1.1113220843387412 
2.280298428267422 4.215292216548045 1.5286197407657878 
2.512368387757136 2.0 1.9328130747395647 
2.0 2.0 0.7586411909141226 
2.0451116297549046 4.6000873868517385 2.2046815811594382 
2.1909040896123426 2.0 0.8527771983632813 
2.20756942774997 4.298968124945633 1.7869530339702724 
3.568519008052908 2.0 2.1794387916635847 
2.073103229149942 2.109639191001496 1.076575597823061 
2.652059055289036 2.0 2.243391024387683 
2.1198342410158055 2.5830402264030177 1.2088216958945441 
2.044732044085553 2.7395309854173933 0.9895200467016172 
2.067451490214411 6.424985073445839 1.1727466720183162 
2.346246182471183 2.737632802683501 1.2958808926016363 
2.0 3.5888860481388623 2.6876622379430466 
2.003914299899039 2.663014754026456 1.1257873524583406 
2.24896700886268 7.047695310828638 2.181096437219429 
