0.022893900000 0.483586000000 0.457212000000 0.469451000000 
0.449339000000 0.032636700000 0.021480300000 0.023494900000 
0.282455000000 0.105530000000 0.078679400000 0.082678200000 
0.408586000000 0.050992000000 0.034805500000 0.037681800000 
0.504009000000 0.013771000000 0.008636620000 0.010168700000 
0.359565000000 0.074887700000 0.053131800000 0.056283300000 
0.058386300000 0.352388000000 0.305738000000 0.308532000000 
0.468658000000 0.023889300000 0.015491900000 0.017337300000 
0.084066900000 0.277470000000 0.237333000000 0.246662000000 
0.050450300000 0.364641000000 0.318614000000 0.320482000000 
0.415424000000 0.048907200000 0.033232400000 0.036057900000 
0.067034200000 0.335607000000 0.288360000000 0.290708000000 
0.030416000000 0.474831000000 0.446783000000 0.458626000000 
0.189733000000 0.167721000000 0.131408000000 0.135480000000 
0.302477000000 0.098659700000 0.071096800000 0.073035200000 
0.031501300000 0.470395000000 0.442453000000 0.454617000000 
0.417702000000 0.043748300000 0.029449200000 0.031353900000 
0.048381300000 0.368654000000 0.322905000000 0.324845000000 
0.266356000000 0.115038000000 0.084889300000 0.087433500000 
0.042034100000 0.397555000000 0.354435000000 0.357083000000 
0.295737000000 0.103971000000 0.075809600000 0.077998900000 
0.287105000000 0.107844000000 0.078791900000 0.081292800000 
0.311739000000 0.094872700000 0.068352100000 0.070228600000 
0.332447000000 0.085593500000 0.061493700000 0.063232100000 
0.389146000000 0.060605100000 0.042072900000 0.044599200000 
0.325518000000 0.088570300000 0.064016600000 0.065994000000 
0.033345700000 0.465676000000 0.437395000000 0.450344000000 
0.369563000000 0.070417400000 0.049595900000 0.052659600000 
0.166843000000 0.178159000000 0.141889000000 0.146372000000 
0.181615000000 0.165935000000 0.131980000000 0.137726000000 
0.055630200000 0.355949000000 0.309333000000 0.311169000000 
0.122019000000 0.218333000000 0.179583000000 0.186065000000 
0.144053000000 0.204787000000 0.167714000000 0.175105000000 
0.461668000000 0.027448000000 0.017973700000 0.019846900000 
0.516645000000 0.009836010000 0.006335220000 0.007677450000 
0.154723000000 0.195832000000 0.159374000000 0.166367000000 
0.093673700000 0.254543000000 0.214485000000 0.223051000000 
0.376280000000 0.066097600000 0.046238400000 0.049308500000 
0.555398000000 0.001846700000 0.001181470000 0.001692410000 
0.149240000000 0.199346000000 0.162616000000 0.169789000000 
0.060303200000 0.348359000000 0.301574000000 0.304524000000 
0.089204300000 0.262669000000 0.222515000000 0.231417000000 
0.531681000000 0.004945270000 0.003214480000 0.004069440000 
0.022334600000 0.488310000000 0.462406000000 0.474050000000 
0.492972000000 0.017293600000 0.010875300000 0.011772500000 
0.258548000000 0.122868000000 0.091636100000 0.094470400000 
0.174992000000 0.173688000000 0.137744000000 0.142066000000 
0.340459000000 0.083257400000 0.058222000000 0.060218500000 
0.481579000000 0.021949200000 0.014020400000 0.015285000000 
0.272726000000 0.112373000000 0.082575900000 0.085084700000 
0.042187700000 0.382247000000 0.337651000000 0.339905000000 
0.128206000000 0.212763000000 0.174241000000 0.180436000000 
0.076541900000 0.312784000000 0.264847000000 0.266742000000 
0.196555000000 0.160703000000 0.125430000000 0.130290000000 
0.064027300000 0.340839000000 0.293655000000 0.295836000000 
0.036269700000 0.459055000000 0.430486000000 0.443568000000 
0.135508000000 0.214850000000 0.173604000000 0.182318000000 
0.238541000000 0.130316000000 0.100167000000 0.104842000000 
0.382872000000 0.063714700000 0.043204800000 0.044313900000 
0.045587500000 0.371936000000 0.326518000000 0.328976000000 
0.053236500000 0.360492000000 0.314164000000 0.315981000000 
0.227008000000 0.141915000000 0.108166000000 0.111895000000 
0.075690300000 0.305661000000 0.266250000000 0.275669000000 
0.350413000000 0.079394700000 0.056824700000 0.060303600000 
0.442076000000 0.036948300000 0.024447800000 0.026851500000 
0.143118000000 0.208089000000 0.170800000000 0.178422000000 
0.540621000000 0.002295360000 0.001457820000 0.001929050000 
0.235141000000 0.141044000000 0.108731000000 0.113429000000 
0.080075700000 0.283486000000 0.243462000000 0.252828000000 
0.392954000000 0.054725100000 0.037576600000 0.040461100000 
0.091910800000 0.258610000000 0.218480000000 0.227178000000 
0.095565300000 0.247048000000 0.207170000000 0.215326000000 
0.038164600000 0.456442000000 0.428644000000 0.449182000000 
0.061286900000 0.344792000000 0.297814000000 0.300832000000 
0.065000500000 0.327389000000 0.284343000000 0.292404000000 
0.201295000000 0.158156000000 0.123642000000 0.127546000000 
0.072266600000 0.316151000000 0.270937000000 0.278179000000 
0.084085000000 0.272512000000 0.232297000000 0.241571000000 
0.248303000000 0.130792000000 0.098545900000 0.101284000000 
0.073711900000 0.320994000000 0.272859000000 0.274665000000 
0.431862000000 0.039802400000 0.026495100000 0.029010300000 
0.044242900000 0.377474000000 0.332499000000 0.334953000000 
0.101628000000 0.242905000000 0.203079000000 0.210980000000 
0.156163000000 0.189165000000 0.152048000000 0.156916000000 
0.079023400000 0.308172000000 0.264728000000 0.274000000000 
0.252928000000 0.127250000000 0.095100600000 0.097917500000 
0.161603000000 0.181728000000 0.145171000000 0.149764000000 
0.206742000000 0.151646000000 0.119084000000 0.124333000000 
0.069523300000 0.329046000000 0.280911000000 0.282501000000 
0.429595000000 0.042996900000 0.029035000000 0.031410500000 
0.079998500000 0.291823000000 0.251942000000 0.261435000000 
0.319275000000 0.092759600000 0.065876400000 0.068027700000 
0.038566100000 0.451218000000 0.422968000000 0.436429000000 
0.216033000000 0.146667000000 0.113416000000 0.117067000000 
0.525491000000 0.008075500000 0.005178330000 0.006442440000 
0.159565000000 0.183773000000 0.147091000000 0.151756000000 
0.026765800000 0.479663000000 0.452480000000 0.464018000000 
0.041580700000 0.444387000000 0.417824000000 0.439236000000 
0.110588000000 0.234123000000 0.194637000000 0.202074000000 
0.293777000000 0.101597000000 0.075298100000 0.079188900000 
