38.654262661708415 4.179348335779034 13.199635924471828 
16.867999899190835 2.023150973653315 0.5014175459472399 
3.9186873190782805 2.353789051102994 1.3811248225800117 
2.0 2.032678477197148 0.8607444837448921 
17.03973096110292 4.353450297469374 0.2295825759235759 
2.0 2.0 1.1307442328616708 
59.14000057088069 2.0162834947415864 4.768500081426698 
14.250813116916639 2.236056148890848 0.41615856253002037 
5.322102309596232 2.05777729667708 4.001512937018871 
75.45997775371782 2.052213527255383 5.268478879766673 
2.0 2.0 0.8354777491570475 
65.33438978974934 2.0586120318162275 4.169462225584679 
25.33900081387655 4.463391819720038 11.884988743487723 
5.338123296406197 2.8627756910178754 1.8934700608962647 
2.0 3.2060653934566514 1.2900232706563564 
29.066787733596733 4.198942946497003 10.87659121287561 
37.16430417191319 2.0 0.5785886863609482 
73.17843237425156 2.110751598367759 5.407289098257907 
2.0 2.672140146096233 1.4514511217606825 
74.83164170991785 2.0418518447193024 7.104533744996314 
4.904268704053439 2.947873965357384 1.272521563577702 
2.0 2.6576335247063136 1.3697106703463295 
5.045835560504697 2.5509203967026006 1.2012387254280865 
6.901271792844389 2.8480919711210584 1.0854539590090222 
11.122481610304876 2.4163451980347417 0.8168963702221541 
7.448056619512833 2.707306853203745 1.0925417475577004 
25.65465256680066 3.7006703458272847 10.24024429436012 
2.0 2.1379432493138255 1.0840111547312263 
5.341327536544281 2.0 2.1731327835225516 
3.9279866799598877 2.0315119900949288 2.0889676883548276 
70.96837793178854 2.0621515897273417 4.957794730177078 
4.9100132759942134 2.1468206077453185 2.740897135643319 
4.298630855398637 2.428916884696026 2.5636976141899117 
13.975331890424918 2.0 0.44956715520227064 
15.46323235216591 2.0004541411217387 0.2043307321345238 
4.102410158102307 2.401588459662399 2.4488984949202983 
4.996230310143815 2.0 3.4096885493907836 
2.0 2.0 1.0333448070590543 
2.0 2.2981494542408893 0.02959449397736691 
4.237950146191254 2.423387415385588 2.4990202144951286 
60.48199136148263 2.0287490609257386 4.567825921447008 
4.5383458555345975 2.018529442330988 3.5902867219810277 
10.929738708201118 2.8382587623929685 0.10827916824128701 
35.78178199272108 4.261712867509888 14.826636327120076 
23.96687544683664 2.5088002094797566 0.2892441341906383 
2.0 2.9376941714257803 1.5354229318842316 
4.507250974834845 2.0016461197246014 2.115346586622875 
2.0 4.168556282598826 1.0753045006348414 
8.123278043523696 2.7249590867251965 0.4105827357007777 
2.0 2.6500969496424616 1.4268495109400519 
64.54717741792228 2.0 6.043539358801527 
5.449660558302707 2.1994290866677106 2.650151140494078 
79.33187227791862 2.0 3.6415001571095935 
4.016005239209849 2.7128867348715904 1.839853481828428 
74.14195912975786 2.374609733644951 4.34034867652891 
19.040917294346407 3.515799729554093 9.98836027476649 
2.7999936209129315 2.402192897633225 2.7663651182306466 
4.401695268724282 2.0419379575258096 1.6585612173394497 
2.0 2.943668177038611 0.9422725204659783 
60.06029068387421 2.0510852078167696 5.67481039079641 
75.30054463580943 2.1019614305774614 4.99693588457988 
3.883089168952561 2.7716974147545757 1.6391476165540624 
5.46392574421967 2.3622846170457565 5.032250855094854 
4.578211151218227 2.0 1.0939982735779918 
2.0 2.0 0.6899351235396511 
4.153064098597761 2.0149443323926053 2.622500525461639 
2.0 2.5782200962051185 0.0748104781041854 
2.0 2.0079357468610732 1.8664394170373646 
5.275553716054059 2.013722026438232 4.19350735811891 
2.0 2.0 0.905355426956749 
4.71735333210265 2.267340049410538 3.486329342652694 
5.399277380536136 2.020539347693019 3.2387331954453855 
10.136684633875019 3.1125903705879843 14.774839892247904 
57.12535501732921 2.007344423273081 4.551592895746758 
7.250256737784838 2.2249032585326582 5.1171526932638844 
4.776923916124046 2.1996935480830238 1.939426179139316 
9.134488901702873 2.43600946723211 4.33802045119605 
5.093251380961193 2.0 3.851340997478287 
4.6848345350713325 2.9930010264930615 1.5351292645494519 
79.52586438670559 2.0503528746314594 3.7936610551633074 
2.0 2.0 0.7214891505487692 
62.90370834185468 2.0377288129544944 5.962559271397154 
4.52652991712326 2.0 3.1496495761357437 
5.079282632763472 2.1525727395365144 2.3067946652161506 
7.56512526624998 2.0 4.3556041118534115 
4.258730145854671 2.713860154709937 1.5029373406215558 
4.908388906806948 2.1630042488769847 2.2183096403093714 
4.497340575641694 2.187180296486444 1.9112204406563191 
85.9884613587578 2.0118606919021262 4.06909359389751 
10.614699222425447 2.022815832448929 0.6500793250505466 
5.494389558095988 2.0 4.474616644576456 
2.3158310289892907 3.910445275635867 1.1732452810228278 
10.01987279085108 4.070348764721686 12.310660352179235 
4.51995322355662 2.269996406340721 1.8015331257316536 
12.169208204042205 2.0149322551354287 0.18740156812396047 
5.438085245415408 2.1881233352849074 2.2468548874951715 
37.41620595150049 4.282991246697732 12.214831016051813 
7.742352566744522 3.0093797657580663 14.303438408690354 
4.793732977090876 2.1592895301230675 2.9897288771097386 
3.7572618101069355 2.0 1.3361106487283796 
