3.3892744558641823 36.09347384259274 178.64068810235585 
37.72229584278186 3.290192957455178 0.17159068559237234 
2.0 17.658534170625444 232.0801324305703 
3.08067769647365 3.043261569131362 2.758070342818179 
73.00226829907834 2.5621877938508 0.4628953540536753 
2.0 17.23991782753489 0.474357599355726 
2.5369707095090313 17.45044648356559 228.37499411601198 
2.0 5.442176541483505 0.8523080538949159 
93.62110011663532 3.223006054369341 0.629279044811221 
2.0 3.9952062081547224 0.7473341283173838 
2.0 4.128413378249368 0.5950132032466425 
3.2553176684392575 2.617818882752383 1.6658802006787532 
2.0 25.57483046726386 14.287078322581042 
2.0 4.242093351825021 1.2729794651056379 
3.0034479043376265 3.9340903181368323 1.4829202783522821 
3.1740757579277843 3.4459188993804255 2.2496061955509217 
2.218298422000588 31.43517680080126 7.3671231968492386 
2.0 17.059288518932938 29.663086634483435 
2.288797579721222 17.66026044284877 12.988276850903855 
2.0 14.268408224489583 10.813478165883746 
7.631851782522602 3.0145255429999382 1.1658938527979916 
2.0 16.978023915074758 9.898773801810393 
2.0 2.7039262207680417 0.652336639771212 
2.6564528081824452 21.053358047726928 256.0 
11.38870180655751 2.0 4.7867707142375115 
3.7801289032290595 2.5228711461211435 1.061123388365691 
2.0 162.4278069980674 0.40283704830303774 
3.8066796633877935 4.207119514741452 2.855827284653381 
2.0 3.4526688391743185 1.346972599742373 
3.838464839481753 4.325629077794357 2.9578078429344488 
4.402199537778151 2.0 3.424327367056684 
11.210746548614729 2.4682850399726712 0.1565465651853234 
2.876580686857541 2.9271449953222652 1.018086144136781 
3.1376252327321215 3.426667762952814 1.417656426181957 
3.682608300627861 2.1080822495417255 0.9137872342427809 
7.402682387190691 4.157098827331153 4.146823855912613 
4.562229326284658 2.0 3.6221401667695017 
4.278005170597321 2.0 2.899672585506252 
2.0 11.93009556267678 0.19423572084603036 
3.1080377545618565 3.436733794165459 0.9878028739821528 
2.0 3.114052922236823 1.008532362289671 
3.860665788651358 3.479561685493654 0.7238502683832344 
3.5896147436010524 5.785158930903538 3.836813391038476 
2.0720878310402915 35.03890459150713 0.36214429076066434 
9.500483960116958 3.5171243309347964 4.765923254487742 
3.1189674747398732 2.595742367331521 2.460484447552587 
3.305731142769568 3.9162607692580296 2.2907588963470586 
2.954929394144705 3.006754440163727 1.5528725836731683 
4.244046162267116 2.5342160690229742 1.6340849962401844 
2.4168496367122962 10.750595225594214 0.8576865159033051 
3.444182642718651 3.8109394105352434 1.7721004712516797 
2.0 3.0855474114989336 1.4448747701255997 
7.4299253254491955 2.3440026547974133 0.41667073732088333 
5.021071815102052 2.625036806567852 0.7777974826021989 
2.0 12.111756655907254 13.128833415840994 
8.646828224645306 2.0 4.965073324876692 
3.0398261345428974 3.3986861820254295 1.8897086883938274 
4.728174201340506 2.0 4.164183486627282 
4.432845601877841 2.273640221320058 2.5569493368199954 
2.0 2.9514585034799996 1.117543242834676 
4.665842842208759 3.02702597128283 0.7309196320639847 
11.377446102510962 2.11090959515748 3.580381316364923 
2.0 16.522507175371196 23.384993798640394 
2.0 22.358154204646315 0.4294507787404911 
2.0 2.632513197513723 0.46644361766356823 
3.5885479986869497 3.0342878439887393 1.494290307202823 
3.6221174759176997 2.0 2.8161777430863832 
9.49352419808778 3.6739854961628327 3.5137886039769426 
2.0 13.281942923593459 8.663303428536668 
3.444109278644336 2.000850455278856 1.8841251417505298 
2.0 23.469133404787463 17.730470925816075 
5.297457845668873 2.0 4.683265122682912 
2.9439295160055305 3.365346950336702 2.1972680823570396 
3.7888580460058137 3.162517840005269 3.321927799853412 
3.2757357211753333 3.344980687827769 1.9819536545723482 
6.000934882317907 2.0 3.195096072562933 
2.0 23.174736436909367 19.832615293953786 
3.361506613355543 3.4275749652039584 1.5341620652779089 
3.8263969459357936 2.614144480780043 2.145013725353078 
6.836920638180834 2.0 3.812350948369853 
3.3103870786159515 3.0129856326437157 1.8494727785919451 
2.0 3.372481786500839 0.9402169821923432 
3.0372528628853157 6.8514802915263795 1.1828488816800626 
9.839675512907878 5.155562506473352 6.082088344641328 
3.1776041606552874 3.000080377097595 2.4848551687788603 
9.871969377877676 3.4385907841762906 3.7251309413463227 
3.3481391227565647 3.8624562818274897 2.039875970425402 
2.0 4.899643622398932 1.012658665122836 
3.388848473840915 2.0 0.029537460749422983 
2.0 22.358132687656738 32.455360746063704 
3.4969224712747624 3.436828434967397 2.8185003743294503 
7.7687649801587035 3.458773336771725 1.0322007354913887 
7.635024447756176 2.0 1.1878909130452655 
2.0 4.478541593432272 0.13038995878163018 
3.1781745050178642 2.9632029390063384 1.285235310343615 
2.0 28.089436807739418 15.570020419686664 
2.9900766848057585 35.45529550120546 0.1295495296879803 
2.0 2.0 0.6499470127017783 
5.66267463848604 2.0 3.4775149180565132 
7.335056597326854 3.162179048657965 1.2626678577829846 
