0.008891580000 0.453309000000 0.434348000000 0.436329000000 
0.010423700000 0.446213000000 0.427056000000 0.428384000000 
0.021502500000 0.402430000000 0.383253000000 0.382238000000 
0.008645060000 0.471267000000 0.451675000000 0.451416000000 
0.008541580000 0.475952000000 0.456326000000 0.455588000000 
0.014460600000 0.425095000000 0.405963000000 0.406088000000 
0.011691600000 0.439661000000 0.420422000000 0.421056000000 
0.012329100000 0.429962000000 0.410725000000 0.410769000000 
0.010517100000 0.443305000000 0.424029000000 0.424285000000 
0.202606000000 0.122865000000 0.106310000000 0.107168000000 
0.232538000000 0.115628000000 0.099960000000 0.101618000000 
0.179600000000 0.146630000000 0.128614000000 0.129523000000 
0.273643000000 0.090591200000 0.077339300000 0.079428200000 
0.065743400000 0.264192000000 0.242085000000 0.240615000000 
0.009494780000 0.451916000000 0.432645000000 0.432866000000 
0.336150000000 0.058958100000 0.049461500000 0.051495300000 
0.314611000000 0.070569100000 0.059190200000 0.061775300000 
0.118416000000 0.184239000000 0.163835000000 0.163241000000 
0.475482000000 0.008702660000 0.006339660000 0.006888510000 
0.072037700000 0.246618000000 0.224544000000 0.222529000000 
0.464029000000 0.011480200000 0.008583140000 0.009555970000 
0.132474000000 0.171781000000 0.152058000000 0.151819000000 
0.037889500000 0.316875000000 0.296175000000 0.292855000000 
0.390732000000 0.039291700000 0.031753000000 0.033793000000 
0.052476900000 0.287359000000 0.264815000000 0.261647000000 
0.020104900000 0.405589000000 0.386634000000 0.386111000000 
0.283642000000 0.083867300000 0.071052100000 0.073589500000 
0.432100000000 0.025604800000 0.020585200000 0.022101300000 
0.017859900000 0.415233000000 0.396121000000 0.395180000000 
0.363618000000 0.047227700000 0.037134500000 0.037622100000 
0.090003500000 0.220253000000 0.198611000000 0.197192000000 
0.356199000000 0.052857900000 0.042265300000 0.043204900000 
0.258550000000 0.096120100000 0.082097600000 0.084349700000 
0.161246000000 0.147325000000 0.129003000000 0.129284000000 
0.008851050000 0.458373000000 0.439190000000 0.440520000000 
0.188381000000 0.141691000000 0.123786000000 0.124329000000 
0.033109700000 0.327339000000 0.306874000000 0.302666000000 
0.024854200000 0.386812000000 0.367806000000 0.362928000000 
0.062520000000 0.267656000000 0.244923000000 0.241543000000 
0.019627100000 0.412478000000 0.393377000000 0.392861000000 
0.220980000000 0.118772000000 0.102721000000 0.104706000000 
0.236115000000 0.106299000000 0.091342300000 0.092607500000 
0.313822000000 0.076097700000 0.063936200000 0.066108500000 
0.073932200000 0.245085000000 0.223007000000 0.221023000000 
0.030767400000 0.335052000000 0.313600000000 0.309258000000 
0.042915800000 0.303229000000 0.281149000000 0.277232000000 
0.405780000000 0.030265600000 0.023523900000 0.024182400000 
0.394230000000 0.035899300000 0.028526800000 0.029936900000 
0.302101000000 0.076653900000 0.064637100000 0.067226700000 
0.358166000000 0.046872100000 0.038660900000 0.040702200000 
0.046435400000 0.296541000000 0.274180000000 0.270891000000 
0.022611600000 0.394751000000 0.376343000000 0.371216000000 
0.189745000000 0.137029000000 0.119189000000 0.120351000000 
0.071558500000 0.256400000000 0.234306000000 0.231911000000 
0.049067000000 0.291073000000 0.268690000000 0.264967000000 
0.489849000000 0.006561590000 0.004950490000 0.005631700000 
0.316050000000 0.068704600000 0.057626000000 0.060074400000 
0.025600000000 0.365204000000 0.346386000000 0.342448000000 
0.446587000000 0.019027400000 0.014298500000 0.014835200000 
0.016819500000 0.419364000000 0.400212000000 0.399042000000 
0.147966000000 0.157771000000 0.138772000000 0.138808000000 
0.424211000000 0.025887800000 0.020349100000 0.021179800000 
0.121532000000 0.180832000000 0.160609000000 0.160099000000 
0.067670300000 0.259962000000 0.237950000000 0.235507000000 
0.012009100000 0.436635000000 0.417368000000 0.417229000000 
0.028062800000 0.341735000000 0.320563000000 0.316224000000 
0.183120000000 0.146295000000 0.128246000000 0.129737000000 
0.494614000000 0.001445540000 0.001057830000 0.001122550000 
0.289512000000 0.084426700000 0.069774100000 0.070379800000 
0.116837000000 0.202426000000 0.181421000000 0.180769000000 
0.156437000000 0.152842000000 0.134112000000 0.134282000000 
0.265149000000 0.094202600000 0.080390300000 0.082675100000 
0.350171000000 0.054588600000 0.045573000000 0.047638700000 
0.016181500000 0.421953000000 0.402888000000 0.403074000000 
0.292956000000 0.079063500000 0.064629200000 0.064515700000 
0.056618700000 0.278114000000 0.255405000000 0.252400000000 
0.108227000000 0.206421000000 0.185361000000 0.184639000000 
0.126812000000 0.176969000000 0.156983000000 0.156563000000 
0.032531700000 0.331878000000 0.311658000000 0.308156000000 
0.456752000000 0.015411500000 0.011638400000 0.012105200000 
0.510262000000 0.000531279000 0.000329405000 0.000373086000 
0.211777000000 0.120831000000 0.104561000000 0.105592000000 
0.196367000000 0.125683000000 0.108890000000 0.109651000000 
0.142670000000 0.162393000000 0.143148000000 0.143070000000 
0.117697000000 0.200513000000 0.179616000000 0.179011000000 
0.022929700000 0.388625000000 0.369942000000 0.364893000000 
0.378205000000 0.040454500000 0.032542600000 0.032920100000 
0.105498000000 0.210862000000 0.189645000000 0.188868000000 
0.247534000000 0.097944900000 0.083256600000 0.084862100000 
0.058847000000 0.270803000000 0.248671000000 0.246226000000 
0.054300300000 0.281250000000 0.258666000000 0.255067000000 
0.437084000000 0.020031700000 0.015316400000 0.016236500000 
0.415922000000 0.029585200000 0.023455900000 0.025215900000 
0.136574000000 0.167710000000 0.148109000000 0.147909000000 
0.326434000000 0.061564500000 0.049398100000 0.049688300000 
0.057344400000 0.274819000000 0.254144000000 0.251831000000 
0.081815700000 0.231415000000 0.209538000000 0.207866000000 
0.281549000000 0.085451500000 0.071848500000 0.072724000000 
0.403127000000 0.034719500000 0.028515800000 0.030464400000 
0.103188000000 0.215143000000 0.192900000000 0.191068000000 
