2.0 17.628563150780835 224.2963333546658 
2.0 17.46385350560928 27.073127541319494 
2.0 21.36567573474356 8.767408684923993 
2.643900121263478 16.63649399981192 56.600783349196576 
2.9516819298509045 22.012441000361854 233.71944808513663 
2.0950013268309395 17.076035068447936 15.165626136776732 
2.0 19.266242066945207 21.95563779355858 
2.090116158095511 21.437940453315907 17.19734947701503 
2.4527571368526395 27.436601175260783 22.22731834185658 
2.584127774990263 3.0684580389838354 1.4043969831216918 
2.705157933504007 3.5229291460451995 1.3254768636581846 
2.7345288753979164 4.095479208590019 1.567748360812085 
2.673751697881413 4.301002826116303 1.1278141981632697 
2.7850813346846657 4.453308183547124 2.718140965889944 
2.0 34.71966927672115 26.209764360749258 
2.8442071982111523 2.0 0.94579328146957 
2.0 4.620376719113819 0.9412456909456743 
2.5200506708833252 2.8563014638614654 1.9271160740479811 
10.059035616620882 3.941679067287747 0.2468596819764222 
3.0646963203721898 3.3994481828969967 2.6577864740060715 
2.0 33.63631381804714 0.31235322617440264 
2.964748382829015 3.1019932697670893 1.8178023159100527 
7.18957965007483 2.4509364277788355 4.251223171744913 
2.445303826772774 6.683775567677893 0.6646748428072877 
3.8464049793885193 3.9669913326216535 3.0898122620123525 
2.0 17.5815481309068 9.591056930970685 
2.4046366835294193 4.899815725066894 1.0461091284117963 
2.0 2.0 0.6092207888106783 
2.0 21.85107536702907 12.026293512995784 
4.074870782510748 3.243126925885889 0.7366608843845874 
2.8719209589181705 2.6593893652636114 2.3114711220921484 
4.2005814772517525 4.275668118991872 0.7526583947489769 
2.0 3.9362982224958873 1.1607120581894206 
3.478763865111728 3.4778687634326904 1.60201607014859 
2.0 26.282937212515442 44.05813089412298 
3.3987966228740625 2.0 1.6245720329845477 
5.528155743380151 3.1296292417269664 4.157046049617015 
5.755462643901124 6.10547229739264 6.093761931986219 
3.5202269125754735 3.4015117390693668 2.9042736413360286 
2.0 19.325875499668236 11.442476479020442 
2.0 3.83925654433845 1.3295733494844761 
3.1925330218237944 2.0 1.3305632285283138 
2.0 73.43112219533656 0.9166190250373745 
2.989190205280263 3.4561594581492177 2.6397623439014155 
6.991567499010006 3.753584165372155 3.9099880286473687 
4.270247425492343 3.2133315991090448 3.6131845216762204 
6.725065343678702 2.7617819235046164 0.5435888863739728 
2.0416739168108866 50.87406865756098 0.5869471761747382 
2.0 4.835085228458828 0.9862887346171338 
2.8140374401863437 3.314153491272113 0.8070723697485835 
3.8445458624347433 3.9004630412876846 3.254613988366034 
9.739364597189041 3.734501054805114 6.505407987913304 
2.362131073861738 3.476161219353133 1.506526896137249 
3.6918528674502564 2.0 3.0017981855699967 
4.323833248090202 2.9235516067613894 3.3412727216937803 
2.3856658423734096 4.2607377697098 0.2527833096754839 
2.0 4.308311952134479 0.9517803294085361 
5.675061681916434 3.5142021817040634 5.5347694645515695 
6.01888049140568 2.8862560903677825 0.4175914968541182 
2.3016788402386124 29.91837255440913 12.573827910039503 
2.7687385267356017 2.9239575406219247 1.6932422731230852 
2.0 97.0 0.0495150644110538 
3.0156861421843075 3.02588907572189 1.9005369671647605 
3.6802162561449974 2.0 3.0738906978618212 
2.0 27.277669212231803 18.94869191986489 
6.610142244652799 3.679512571909757 4.132058845330734 
2.1819469902428956 4.094596272513668 1.5393183448424796 
15.141945810173738 2.0 0.057366620149008396 
3.8897486118920117 4.367190449631872 1.0189704271570306 
2.9233456975934633 2.0 2.255281793091301 
2.70427935267285 2.967520561490037 1.6422657490118644 
2.0856726061812734 4.044397026343763 1.156029446846323 
3.2450229324926907 2.130768338739575 0.9065856152733534 
2.064629747044025 13.686270700533068 15.00642201761186 
3.557557280909523 2.94102897855055 1.007920004625343 
3.647510438010249 3.563950504471909 2.930711899461526 
2.9202094934175733 2.10860308515837 2.304539097032947 
3.0164835651615656 2.61268123367333 1.8635043546219572 
5.52506829843148 3.608205721629343 4.116291874676396 
21.771400921947176 2.0619871438663537 0.34287259424293426 
2.3062670712706868 2.0 0.005882546404958777 
2.787626556650598 2.0 1.4493477249774411 
2.949746985798974 3.026959361147171 1.4301333724768517 
2.7639082875925887 2.695449718155393 1.7319540125846191 
2.747585321347816 2.496232646557787 2.226565121753674 
9.728886921441712 4.226695045793714 6.089699349739114 
3.789014928674198 73.12346630372792 0.3892374361037908 
2.7781935429337454 2.170103726321157 2.363083904687969 
2.213313504488761 3.4716248632192315 1.199557776570062 
2.5644882721992 3.2294393160598767 3.0520200747566326 
4.371148345376522 2.961052273237795 3.139495132586011 
6.224571050728169 3.764499002047674 0.40676454410455054 
2.0 60.21565431997401 0.47118620021753554 
3.456183900004966 2.739339302844026 1.7765438813797898 
3.903434729759448 2.971291581251659 0.8674385925177719 
6.118609302792942 2.0 3.343946347383995 
3.259811182958515 2.8469596098975902 2.453171140867585 
5.005654901277884 3.153123721955685 1.0313781947299774 
3.2981718873557235 2.0884513797785713 0.7194425616000337 
3.860086891137973 2.4940860695482203 2.361935062442188 
