0.008541580000 0.475952000000 0.456326000000 0.455588000000 
0.008643150000 0.471274000000 0.451681000000 0.451422000000 
0.008891580000 0.453309000000 0.434348000000 0.436329000000 
0.013166000000 0.431627000000 0.412386000000 0.412006000000 
0.021036600000 0.404611000000 0.385366000000 0.383976000000 
0.009602550000 0.449762000000 0.430647000000 0.432248000000 
0.018065900000 0.410325000000 0.391202000000 0.390399000000 
0.027195500000 0.368270000000 0.350191000000 0.345859000000 
0.359865000000 0.051572400000 0.042131600000 0.044161200000 
0.014417200000 0.421614000000 0.402440000000 0.402127000000 
0.016819500000 0.419364000000 0.400212000000 0.399042000000 
0.273073000000 0.087843800000 0.074620200000 0.076963600000 
0.407808000000 0.025067200000 0.019631500000 0.020143300000 
0.347564000000 0.055570100000 0.046013100000 0.048518200000 
0.381136000000 0.038521200000 0.031178500000 0.031428800000 
0.402422000000 0.028590000000 0.023108600000 0.023398700000 
0.010763600000 0.443471000000 0.424252000000 0.424755000000 
0.400398000000 0.035350300000 0.028388800000 0.030363200000 
0.010338800000 0.446802000000 0.427503000000 0.427368000000 
0.457977000000 0.009831370000 0.007392330000 0.007817260000 
0.013776300000 0.425565000000 0.406574000000 0.406911000000 
0.474296000000 0.007188870000 0.005478950000 0.006217990000 
0.019731000000 0.408080000000 0.388888000000 0.387589000000 
0.009344100000 0.453958000000 0.434702000000 0.435043000000 
0.067948300000 0.262193000000 0.241596000000 0.240059000000 
0.094735100000 0.224883000000 0.202576000000 0.200623000000 
0.510128000000 0.000528942000 0.000327804000 0.000371865000 
0.220465000000 0.112409000000 0.096715300000 0.097795800000 
0.319528000000 0.067080000000 0.056475900000 0.058402300000 
0.298690000000 0.082101200000 0.068457600000 0.068698000000 
0.124652000000 0.191733000000 0.171109000000 0.170636000000 
0.329705000000 0.064756200000 0.053971800000 0.056158100000 
0.299746000000 0.072022900000 0.060099700000 0.061947700000 
0.495780000000 0.002662000000 0.001985430000 0.002202080000 
0.361893000000 0.045404300000 0.037052800000 0.038871500000 
0.289227000000 0.084869500000 0.071836000000 0.074295800000 
0.428054000000 0.025048000000 0.019604100000 0.021195600000 
0.485031000000 0.005631350000 0.004146230000 0.004670960000 
0.217820000000 0.118679000000 0.102548000000 0.103648000000 
0.201455000000 0.124158000000 0.107476000000 0.108261000000 
0.262826000000 0.090670900000 0.077068000000 0.078599600000 
0.030749800000 0.344613000000 0.324042000000 0.320434000000 
0.089093200000 0.230451000000 0.208149000000 0.206098000000 
0.234342000000 0.107541000000 0.092461400000 0.093715100000 
0.208352000000 0.126769000000 0.108180000000 0.107655000000 
0.017256300000 0.415699000000 0.396536000000 0.395589000000 
0.029697400000 0.352636000000 0.332480000000 0.328927000000 
0.011184700000 0.439406000000 0.420123000000 0.419581000000 
0.085083500000 0.237534000000 0.216334000000 0.214413000000 
0.439483000000 0.018341400000 0.014152400000 0.015366500000 
0.073155400000 0.254132000000 0.233027000000 0.230962000000 
0.297310000000 0.078736300000 0.066444900000 0.068990200000 
0.151398000000 0.172073000000 0.150939000000 0.149733000000 
0.047281700000 0.301100000000 0.279338000000 0.277486000000 
0.195875000000 0.132961000000 0.115677000000 0.116355000000 
0.115619000000 0.213239000000 0.192046000000 0.189597000000 
0.055285500000 0.286000000000 0.264625000000 0.261831000000 
0.077547600000 0.248300000000 0.226092000000 0.223820000000 
0.437401000000 0.020772500000 0.015981000000 0.016747600000 
0.068260700000 0.254361000000 0.232229000000 0.230081000000 
0.048333600000 0.289887000000 0.269791000000 0.267756000000 
0.059552200000 0.270148000000 0.247459000000 0.244057000000 
0.168931000000 0.142028000000 0.124020000000 0.124419000000 
0.084712000000 0.241191000000 0.218359000000 0.215447000000 
0.129246000000 0.186682000000 0.166256000000 0.165900000000 
0.200008000000 0.131100000000 0.114020000000 0.114774000000 
0.392113000000 0.036272000000 0.028856100000 0.030311100000 
0.159318000000 0.158339000000 0.139356000000 0.139575000000 
0.117189000000 0.201960000000 0.180956000000 0.180313000000 
0.033109700000 0.327339000000 0.306874000000 0.302666000000 
0.039986100000 0.312776000000 0.291949000000 0.288688000000 
0.146118000000 0.174177000000 0.152923000000 0.151657000000 
0.057437400000 0.274754000000 0.252665000000 0.250135000000 
0.022063700000 0.389269000000 0.371042000000 0.367091000000 
0.044592900000 0.304526000000 0.284772000000 0.282456000000 
0.029395600000 0.354110000000 0.333776000000 0.328733000000 
0.021103900000 0.404324000000 0.385349000000 0.384765000000 
0.262005000000 0.092788500000 0.079218800000 0.080742200000 
0.052531700000 0.289479000000 0.267512000000 0.265731000000 
0.026863600000 0.374671000000 0.356054000000 0.352629000000 
0.079257000000 0.244737000000 0.222472000000 0.220249000000 
0.334546000000 0.057282400000 0.047243300000 0.049112700000 
0.012465000000 0.435702000000 0.416439000000 0.415713000000 
0.065889400000 0.266330000000 0.244244000000 0.242765000000 
0.261149000000 0.101186000000 0.085716300000 0.085280300000 
0.042297400000 0.312251000000 0.290052000000 0.286000000000 
0.098019600000 0.222626000000 0.201178000000 0.200542000000 
0.155528000000 0.166024000000 0.145137000000 0.144052000000 
0.130681000000 0.173162000000 0.153348000000 0.153027000000 
0.453282000000 0.014518000000 0.011314200000 0.012538200000 
0.372211000000 0.041881800000 0.034045400000 0.035870800000 
0.098932700000 0.218813000000 0.196568000000 0.194676000000 
0.211873000000 0.121831000000 0.105473000000 0.106439000000 
0.194373000000 0.140660000000 0.120910000000 0.119721000000 
0.026644200000 0.376119000000 0.358377000000 0.353693000000 
0.186180000000 0.138607000000 0.120974000000 0.121569000000 
0.041781400000 0.313995000000 0.291858000000 0.287786000000 
0.117032000000 0.202600000000 0.181605000000 0.180953000000 
0.243674000000 0.102684000000 0.088074900000 0.089382700000 
0.044893700000 0.303411000000 0.283533000000 0.280800000000 
