3.3043846457318047 21.847774227123214 101.12527252748923 
3.0332151898156168 16.523722305590013 158.9011999727821 
2.0 17.75081582786153 255.90428309590772 
2.0 26.033055279186065 16.967515326652304 
2.064013315322649 26.038710134102317 9.130479027810352 
2.360186010824083 16.873535617585773 31.426831745805075 
2.268489179268843 21.47074313225512 10.647950614473816 
17.965116287400097 2.0 5.760265865891824 
2.0 29.58539642337772 0.7366962318969499 
2.2948615203624625 20.85752698750467 14.109514117281833 
2.2537802148920703 30.534535164383 12.586183377770315 
2.0 3.6553712409023236 1.0942057177312479 
3.905501306738169 50.69384813323482 0.28621526592617097 
2.0 5.141071357010295 0.8247721192636224 
20.226719948705735 12.998270264196446 0.580113303686586 
4.510487755430322 50.46682525872705 0.58482142396168 
2.3362693841400377 21.77015800249835 22.63754760847234 
2.1133725998308703 6.507652033434853 0.6290884019110491 
2.3333155851786462 41.32456302927437 22.4983443051181 
4.116837654916688 28.02452523369606 0.06627552634847644 
2.0064252024198637 17.937040364562584 15.36530662213834 
2.0 32.55198759696383 0.18104304493182377 
2.0 27.185652267735076 9.874167524811286 
2.0 35.10171442490987 28.166021713384062 
5.355589841990287 2.0 3.11487624758375 
4.330219134013181 2.0 2.494435913230203 
2.4297390683496927 2.0 0.02164521598230884 
2.8306504385446445 2.9305687385405976 1.3265458960995267 
2.713723046615268 2.0 1.0092989748594574 
7.099047125895016 2.0 1.0344403178089778 
3.4916236122827735 2.0 2.1294062174769337 
2.0 40.12045765338922 0.8486770923118565 
2.3386960574935713 3.1027840741674426 0.9962821353241109 
3.2007807567477613 17.17393810048263 0.10218059155006812 
2.408147313761485 3.3986404499992204 0.7805135788973387 
2.0274933992205124 7.793507657424671 1.0335567124875333 
2.0 29.27992097625536 0.4795276874101284 
2.0 11.846920303065026 0.19806383036679132 
3.2894726975187263 2.0 1.4212049015680068 
3.429106328076146 2.8463805885840516 1.4231344963199206 
2.5021656922670146 3.3291121411303877 1.1661342736865485 
3.9963033982586587 3.63778131745406 4.603960683029732 
3.8872745489333766 2.0 2.579994783195671 
3.2099924431474722 2.0 1.3366019740989747 
4.15682358341248 2.4255404197959574 1.4420806724485569 
2.09842230396925 26.66302400451606 11.631190723932288 
3.8546454987391994 3.584914655297234 4.917041735970514 
2.0 36.81399852574489 19.225959785440743 
5.565543660832205 2.0 2.6329278378784386 
2.0 28.442927718380894 0.35723836033132006 
5.738227282526429 2.0 2.911409983205278 
2.4569682343493677 4.800471352826241 1.000317546528871 
4.4841422169727005 2.0 1.8606225338102655 
3.104503043211589 4.174213828988261 3.4052214537819774 
3.259734093158126 2.0 1.5486124241472534 
6.4546404391104115 2.9827862822922517 2.1446281886330163 
4.321943571575207 2.0 3.6501001956716195 
4.03462303780371 2.0 2.85629708906546 
7.1934073301520485 6.149478976972373 0.38372646991536086 
3.4055020257182105 2.9148562855437232 2.763978360061477 
4.870036706552427 2.0 3.7548457824839856 
3.7274227974188685 2.735317505081665 2.9419236320700057 
3.173974907078076 2.989389287813406 1.5556947904666987 
3.649248784561685 2.974300552069897 2.505946710101477 
2.7474504322687965 2.0 2.072102181253165 
3.176909241896657 2.0 1.530848059617719 
2.1570993758018226 47.71791891131363 0.6032829879677386 
3.194415828631093 2.476148928897459 1.7794863585203908 
2.963318245138912 2.0 2.244823714292166 
5.847953085945893 2.91388355320843 4.15990685212765 
7.479438779151011 2.0 4.134599174998668 
3.9381596214141195 2.0 1.883264449540934 
2.7541322244846542 3.0055068946828585 3.1008974085252614 
5.385850190457263 7.682661935209772 6.366210307294756 
5.22338903024891 2.228410011145434 4.149731297888982 
7.143466946152426 2.555595338947978 4.858147150322021 
2.3856941089533374 17.698893611890185 9.298268298538702 
3.0337645082540177 2.0 1.220393886652258 
2.8403856177264837 4.074883138763898 3.1560371578611495 
4.801841749536873 5.4276699908329356 5.720877211600284 
3.9533124597235734 2.0 2.795206084612747 
2.273794163250475 3.129270580610724 0.8826656963730853 
2.010818765140793 35.98516332190835 17.76315596183195 
2.6516702674966286 3.6068245763492572 2.747388470143118 
9.245361868927818 2.741529075764727 1.1301382117495806 
7.031272803368997 3.977049277096717 3.357037393198987 
2.847248558080992 4.069060268272783 2.2281566581461805 
4.4743893118164735 2.171190009685364 1.7993677104979593 
2.687903078314011 3.2326219632766 1.8260404717560035 
2.0 49.35445966458082 0.3522105286240844 
2.0 3.234393649208193 0.7470548724777348 
4.431458105725852 2.2787475396603307 2.4080930792857798 
2.8028570736270373 2.024510577332528 1.455792539469564 
4.439389168775497 3.4340664888601777 1.4907268594147203 
20.444796097362968 2.0 6.253522286189746 
2.7097697592490113 2.0 1.5971663653897177 
7.181859623982828 3.9670900495319863 3.4208489115618184 
2.5808971475918545 2.0 2.26172092912563 
2.9920629298732244 2.0 1.3018930168034641 
5.710261132299328 2.0 4.109472697145332 
