0.076541900000 0.312784000000 0.264847000000 0.266742000000 
0.041049500000 0.452367000000 0.427025000000 0.447215000000 
0.120970000000 0.261749000000 0.218091000000 0.221155000000 
0.106731000000 0.277739000000 0.230254000000 0.233301000000 
0.408868000000 0.051379300000 0.035170500000 0.037392600000 
0.085893200000 0.304203000000 0.256356000000 0.258342000000 
0.025333400000 0.482297000000 0.455477000000 0.468340000000 
0.042187700000 0.382247000000 0.337651000000 0.339905000000 
0.044889500000 0.374699000000 0.329469000000 0.331930000000 
0.026924600000 0.476274000000 0.448684000000 0.461743000000 
0.069447000000 0.330080000000 0.282779000000 0.285184000000 
0.126900000000 0.253904000000 0.206023000000 0.207457000000 
0.028121900000 0.470905000000 0.442557000000 0.455923000000 
0.067034200000 0.335607000000 0.288360000000 0.290708000000 
0.414936000000 0.053773000000 0.036274400000 0.037291100000 
0.531926000000 0.005783870000 0.003534620000 0.004307500000 
0.099948400000 0.283310000000 0.236160000000 0.237441000000 
0.050593900000 0.363197000000 0.317155000000 0.319622000000 
0.064027300000 0.340839000000 0.293655000000 0.295836000000 
0.053236500000 0.360492000000 0.314164000000 0.315981000000 
0.145420000000 0.236907000000 0.189569000000 0.190043000000 
0.425022000000 0.042284700000 0.028545600000 0.030664600000 
0.088221100000 0.297712000000 0.249814000000 0.250824000000 
0.492474000000 0.015948100000 0.010252800000 0.011967800000 
0.467828000000 0.026024100000 0.016805100000 0.017892500000 
0.038672000000 0.460039000000 0.431141000000 0.444080000000 
0.442854000000 0.034794300000 0.022928900000 0.024736300000 
0.120814000000 0.263474000000 0.215066000000 0.215613000000 
0.082506700000 0.309779000000 0.262048000000 0.267294000000 
0.429708000000 0.038200100000 0.026341000000 0.028352200000 
0.237574000000 0.160442000000 0.120632000000 0.121871000000 
0.243875000000 0.157846000000 0.119115000000 0.119660000000 
0.364950000000 0.077221400000 0.054304700000 0.056237300000 
0.211562000000 0.167870000000 0.132602000000 0.138157000000 
0.282631000000 0.113484000000 0.084666300000 0.088127600000 
0.143619000000 0.239996000000 0.192856000000 0.193618000000 
0.069523300000 0.329046000000 0.280911000000 0.282501000000 
0.073711900000 0.320994000000 0.272859000000 0.274665000000 
0.043563800000 0.379146000000 0.334269000000 0.336492000000 
0.294936000000 0.103068000000 0.076072600000 0.079522600000 
0.248303000000 0.130792000000 0.098545900000 0.101284000000 
0.351084000000 0.077763900000 0.055385400000 0.058544900000 
0.022102400000 0.487524000000 0.461450000000 0.473359000000 
0.516291000000 0.010217400000 0.006545600000 0.007835090000 
0.099005700000 0.290037000000 0.242570000000 0.244642000000 
0.182439000000 0.179940000000 0.143555000000 0.149671000000 
0.148082000000 0.217752000000 0.175338000000 0.179232000000 
0.049332100000 0.366282000000 0.320445000000 0.322828000000 
0.055630200000 0.355949000000 0.309333000000 0.311169000000 
0.548313000000 0.002024660000 0.001269230000 0.001749860000 
0.181521000000 0.186786000000 0.149774000000 0.156201000000 
0.223419000000 0.160467000000 0.124308000000 0.126139000000 
0.088051300000 0.294176000000 0.250477000000 0.259519000000 
0.200751000000 0.173719000000 0.137822000000 0.143652000000 
0.379032000000 0.064894500000 0.045333800000 0.048402900000 
0.041714700000 0.452948000000 0.421551000000 0.442488000000 
0.368492000000 0.070434000000 0.048430600000 0.049668900000 
0.214686000000 0.164594000000 0.126639000000 0.129175000000 
0.488507000000 0.018530800000 0.012038900000 0.013555300000 
0.320740000000 0.101316000000 0.073148100000 0.075224000000 
0.059049600000 0.351381000000 0.304520000000 0.306381000000 
0.388194000000 0.058353200000 0.040293700000 0.043265400000 
0.136782000000 0.248507000000 0.201113000000 0.202215000000 
0.458525000000 0.027571900000 0.018086600000 0.019863800000 
0.170514000000 0.212920000000 0.168047000000 0.169589000000 
0.070872800000 0.318861000000 0.273770000000 0.281056000000 
0.304961000000 0.104217000000 0.076150900000 0.078700700000 
0.479527000000 0.023761900000 0.015420600000 0.017335300000 
0.282131000000 0.119731000000 0.088783300000 0.091379400000 
0.040452000000 0.458221000000 0.429098000000 0.442192000000 
0.228324000000 0.158346000000 0.120746000000 0.122991000000 
0.361244000000 0.079358500000 0.055703300000 0.057919200000 
0.288418000000 0.109946000000 0.081761600000 0.085282500000 
0.171192000000 0.191177000000 0.153060000000 0.157153000000 
0.272431000000 0.127934000000 0.095591600000 0.098197200000 
0.245300000000 0.136998000000 0.104114000000 0.106790000000 
0.033021900000 0.466822000000 0.437818000000 0.451306000000 
0.453309000000 0.030754000000 0.020288800000 0.022286300000 
0.139678000000 0.239624000000 0.199413000000 0.209594000000 
0.211453000000 0.172429000000 0.133210000000 0.135733000000 
0.129306000000 0.246208000000 0.208332000000 0.224361000000 
0.187774000000 0.177272000000 0.138520000000 0.141614000000 
0.266686000000 0.130395000000 0.097305700000 0.099484400000 
0.320961000000 0.091085500000 0.066112000000 0.069610800000 
0.343130000000 0.083002700000 0.059631700000 0.063110100000 
0.042034100000 0.397555000000 0.354435000000 0.357083000000 
0.329498000000 0.086341800000 0.062277200000 0.065640500000 
0.395946000000 0.057222700000 0.038279900000 0.039265000000 
0.117144000000 0.271738000000 0.224296000000 0.227887000000 
0.312826000000 0.099187900000 0.072512700000 0.075774600000 
0.525239000000 0.008286440000 0.005239380000 0.006659020000 
0.061286900000 0.344792000000 0.297814000000 0.300832000000 
0.024342500000 0.487745000000 0.461449000000 0.473947000000 
0.438223000000 0.035733700000 0.023820900000 0.025929600000 
0.047856300000 0.371997000000 0.326606000000 0.329675000000 
0.501896000000 0.013485300000 0.008658650000 0.010249900000 
0.154943000000 0.200613000000 0.163250000000 0.169804000000 
0.506348000000 0.013615700000 0.008715310000 0.010225200000 
0.542887000000 0.005752060000 0.003582360000 0.004633340000 
0.483432000000 0.020194300000 0.013036600000 0.014820700000 
