86.80967958051188 2.0149900564598666 3.622682924854516 
8.0021374302492 2.8315957116367785 106.18349901913518 
76.28336478140139 3.272578812571254 2.5361645217680473 
28.012025376446825 2.1185008412379576 3.122914434199973 
63.27036295764594 2.1107303091356386 0.6204249193785749 
81.10777220300665 2.023981401321202 3.5496343052510944 
59.854366362670945 3.958740928279099 11.730974680039791 
70.69184372796212 2.3935501262942442 5.979218076040021 
60.98115226241677 2.03154853178293 5.721090471039071 
57.65710342850006 3.9129981667005245 10.614561924529726 
67.46011108374506 2.012338288579629 3.994914800689794 
34.54983104420222 2.2219555368841157 2.7159496860758843 
58.50970359017269 3.6778639685633117 9.917114053261992 
73.58743606484728 2.003857226813429 4.151317769976988 
40.21536142123257 2.633305542233415 0.6499935008494333 
25.743065933820972 2.0 0.08259114498241213 
123.70788931962912 2.0457778777595665 3.045594197808307 
57.23563674972465 2.0320055645401065 5.215078273993934 
66.70183694250653 2.0 4.3951118633552095 
73.82587079680421 2.001790245567699 5.136911322557771 
76.00165496941477 2.274173621678867 2.4237688926441754 
48.9828119041581 2.1947178837586776 0.5594204852077802 
100.10088940210491 2.0 3.3138265798979845 
21.221234555349994 2.0 0.26673065795575823 
43.14826245326755 2.6773658186672304 0.4655798358181005 
18.08134133665053 3.7384036690204505 10.238546994117424 
30.05143802378704 2.027493234843505 0.4875023338999671 
56.927087493889594 2.160045911888782 2.82722252005916 
16.6045504510489 2.263886402102534 3.844159566848585 
93.48311334840129 2.0014410934492135 0.5711017257322286 
21.485103562485705 2.3038284897970174 1.6555151580801977 
72.72576675819575 2.422419668078867 1.5481652091375477 
17.074410901390426 2.178118085557019 0.920462349124309 
2.0 2.3893015221427896 2.18166527750481 
4.548607744282853 2.362446941555885 1.4479591558498983 
43.68901065848837 2.256770196025002 2.4438702784967776 
89.6534402496104 2.2894492386850853 4.1578971935049545 
88.16665195735834 2.0137487817816306 3.843182911899575 
66.20076143233227 2.1650019714173516 5.843699550919354 
4.848230121455671 2.0 1.339033378132947 
4.9565232844427145 2.690172500334187 1.5205496114968167 
2.0 2.0 1.1633042023105418 
33.28948225407072 4.4037189834794646 15.041884308393852 
21.732997863219268 2.0 0.17593464793979763 
47.32295097982501 2.0 3.2969841626667797 
2.0 2.0 2.3254920007181283 
9.235712036921566 2.108482782870194 2.4291490560660263 
62.27765514803335 2.4159572746209332 5.333093773948095 
72.73318564361242 2.1476868289851687 4.936440166363976 
2.0 2.1841463935185597 0.04749116125400121 
2.0 2.446420788463096 2.4130858454251967 
11.831773505560086 2.776602885859485 1.665121445857948 
8.387088887115608 2.0 3.9205711263841403 
2.0 2.0 2.2411060920681587 
2.0 2.0 1.0178401316287797 
16.928848833566402 3.383393648987249 9.722379693074277 
2.0 2.718089077092448 1.0085743230016213 
11.5 2.0 1.7842866906043 
31.827732186020953 2.0 0.3170230307066271 
13.58412006940392 2.0630230524640636 1.1669386754079907 
66.48025887505042 2.0 4.711642274199238 
2.0 2.0 0.9448649026655191 
43.663105903568905 2.4389307649740783 2.6309940837352217 
22.863232250398625 2.0 0.43863561828755204 
22.632042347792556 2.099661887861885 2.2116476746282023 
9.089439179222452 2.2633918492414726 4.445345786635007 
10.764984477637508 2.104040331491403 1.2081023635025119 
33.02765065758006 2.0626356491656015 0.3446402673954442 
8.559105980270335 2.074291102270161 1.374752170043002 
17.98999291425379 3.697168702175038 9.999801211176248 
15.015622914298232 2.1604276564068448 1.6858893955293275 
9.78416503847998 3.677345835647865 0.9016704080682432 
5.490109345552048 2.1787210911180317 1.4057870404365969 
8.215969530508916 2.8479986755707483 2.030780879442226 
8.772658294233787 2.0 1.4393728354575335 
6.187701886068252 2.6151405113551545 1.5597559725705643 
63.11563740568434 3.621130521815766 9.353646341647114 
42.015180346368254 2.0499578898149116 0.41878419641948295 
2.0 2.081678021839984 3.2996522588398784 
11.105260828075467 2.0 1.8535638092444697 
2.000945192515492 2.5010445167595585 3.082958264223087 
10.17677967333371 2.0674439889518657 1.9808541719974417 
11.828183517049142 2.0 1.464035718436944 
2.0 2.0720399488918004 1.309245883401925 
4.105089490856937 2.0891231381934814 1.1197634991287604 
74.11345172103026 2.323756822199679 6.9853691534330675 
2.0 2.1292183992900027 1.257461822261308 
2.0 2.7428471868477593 0.8826722842710124 
19.99834207566502 2.0 3.019948286709388 
7.092042254876802 2.379122874494214 1.2294836975350174 
3.0433705796485144 2.0 0.23474149737667815 
62.20869154599083 2.0003622469485447 4.492896773373499 
58.17921141516983 4.264558798281145 12.94507633898538 
43.72003598675799 2.0923690741196843 0.5177846042267018 
52.46349022038625 2.3251064030350164 5.698016063631602 
10.552861611155254 2.405276602487798 0.26008022247478046 
5.729866926831782 2.0259754730593524 2.4502809718742213 
22.0717566280369 2.0412693005844926 0.2510776973593362 
2.0 2.0 0.17120050288097843 
9.706499819813011 2.174692607743689 0.38070405037956156 
