0.007481100000 0.173516000000 0.180084000000 0.197504000000 
0.007628920000 0.171558000000 0.178314000000 0.196150000000 
0.007298950000 0.179013000000 0.185554000000 0.203165000000 
0.007669930000 0.165649000000 0.172203000000 0.189741000000 
0.008844380000 0.159250000000 0.166172000000 0.183891000000 
0.010165200000 0.153310000000 0.158709000000 0.176018000000 
0.014720900000 0.118567000000 0.118954000000 0.134794000000 
0.010940100000 0.147479000000 0.153418000000 0.170702000000 
0.009511950000 0.155602000000 0.161835000000 0.178912000000 
0.010980100000 0.135198000000 0.141025000000 0.157832000000 
0.007178310000 0.208367000000 0.213476000000 0.232184000000 
0.010293000000 0.152731000000 0.158075000000 0.175305000000 
0.007405760000 0.177960000000 0.184317000000 0.201768000000 
0.009268760000 0.157028000000 0.163366000000 0.180986000000 
0.091589500000 0.014261500000 0.014756300000 0.019162300000 
0.011163700000 0.135008000000 0.140802000000 0.157513000000 
0.017975800000 0.104548000000 0.104266000000 0.120189000000 
0.007794380000 0.165592000000 0.172118000000 0.189631000000 
0.015702200000 0.117742000000 0.118390000000 0.134915000000 
0.016170000000 0.114383000000 0.114347000000 0.129995000000 
0.008305070000 0.163476000000 0.169459000000 0.186778000000 
0.008794310000 0.161376000000 0.166939000000 0.184164000000 
0.016750300000 0.108876000000 0.108594000000 0.124323000000 
0.013874500000 0.124097000000 0.125500000000 0.141774000000 
0.017972000000 0.106114000000 0.105840000000 0.121717000000 
0.010555300000 0.152861000000 0.157904000000 0.175337000000 
0.028699900000 0.087668600000 0.087103200000 0.104015000000 
0.013767200000 0.125631000000 0.127352000000 0.143542000000 
0.021243100000 0.100524000000 0.100917000000 0.117181000000 
0.086265100000 0.017174100000 0.017688500000 0.022813400000 
0.168510000000 0.000415042000 0.000388583000 0.000439972000 
0.016754200000 0.108832000000 0.108553000000 0.124286000000 
0.016145200000 0.115787000000 0.115874000000 0.131657000000 
0.053864000000 0.040806600000 0.041315600000 0.051684100000 
0.015817200000 0.115851000000 0.116381000000 0.132887000000 
0.045465500000 0.053828900000 0.054010000000 0.066465600000 
0.059207900000 0.037681900000 0.039116900000 0.047668300000 
0.014515900000 0.123890000000 0.125226000000 0.141467000000 
0.070679700000 0.024754600000 0.025949900000 0.032348700000 
0.053244600000 0.045075900000 0.046688800000 0.056478800000 
0.106423000000 0.012448200000 0.013338800000 0.017623100000 
0.038007300000 0.063082500000 0.064947800000 0.077813400000 
0.026268500000 0.092355200000 0.092431200000 0.109009000000 
0.020497800000 0.102146000000 0.101876000000 0.117935000000 
0.175997000000 0.000170157000 0.000133098000 0.000147689000 
0.084318200000 0.018075400000 0.018569200000 0.023881900000 
0.021659400000 0.100245000000 0.100592000000 0.116909000000 
0.035587300000 0.063772100000 0.064832100000 0.077711700000 
0.022161500000 0.093109700000 0.093493600000 0.109832000000 
0.040213600000 0.057418300000 0.058743700000 0.070981100000 
0.010842300000 0.150672000000 0.155117000000 0.172476000000 
0.007969860000 0.164445000000 0.170827000000 0.188202000000 
0.150786000000 0.001958360000 0.001946390000 0.002260470000 
0.021161100000 0.101283000000 0.101726000000 0.117981000000 
0.048687500000 0.049879100000 0.050805800000 0.061845100000 
0.167315000000 0.000501409000 0.000491573000 0.000604519000 
0.010460900000 0.152508000000 0.158002000000 0.174777000000 
0.014667500000 0.122334000000 0.123430000000 0.139634000000 
0.028404200000 0.088505300000 0.087887300000 0.104627000000 
0.081317400000 0.019976800000 0.020859800000 0.025962300000 
0.030933400000 0.079574700000 0.081312700000 0.096425600000 
0.012019200000 0.131705000000 0.136438000000 0.153122000000 
0.120860000000 0.005806790000 0.006024520000 0.007545060000 
0.157553000000 0.001102670000 0.001064310000 0.001236060000 
0.007556920000 0.173239000000 0.179780000000 0.197150000000 
0.025441600000 0.093788900000 0.093477100000 0.109904000000 
0.029590100000 0.081746700000 0.083535800000 0.099006400000 
