2.0 22.97596815800125 115.88816490040696 
2.0 20.96834435246592 59.48091371299721 
2.393427952390269 30.138121188805982 113.7017207140918 
2.0 14.750361113491827 107.38108905549313 
2.0 13.2303645370094 118.0272651731249 
2.0222211033845574 8.671890805154215 149.39163840449825 
2.0 2.726512686094477 163.45287426276914 
2.26073516871303 7.7577891683474265 155.15773678698108 
2.0 10.651480941038947 165.67477552059478 
2.126131684635655 5.859832088771101 211.60605464772013 
47.67363428472129 2.0 256.0 
2.0 8.785021364858045 11.830836972102624 
2.0550185154303877 30.650790919565274 13.130990390150771 
2.0 13.12788306691693 9.498282089099092 
2.0017588685935968 2.3189838839300463 0.8192588259144086 
2.0 6.037135847852948 10.396487893081535 
2.0027692899432994 2.6107269969568483 3.297509010467799 
2.020792042839666 14.94337317547194 15.922958526302992 
2.0027996355808213 4.225458926918664 3.997499935800045 
2.0 3.114006438063794 5.081305320286119 
2.0 15.10618871302077 9.674374184059568 
2.090158999821022 14.709022337415433 8.188102823790949 
2.003538494151971 3.162216416344877 3.986001346086704 
2.0000888481205377 4.390411783749975 5.212475958421795 
2.0030724091371215 3.186383078903304 3.5326984720170884 
2.0 9.894974707939467 9.561648587839176 
2.0 2.0 2.285760311019798 
2.0008982549438397 3.825370778727412 6.150867261327797 
2.0273113518439385 2.0 4.085854538163645 
2.0 2.0 0.8783639161464611 
2.311322022924674 5.929842581252167 0.14007806986766447 
2.022945761153927 3.430462375511987 3.9796688959118964 
2.0000480642830114 2.511694654137133 5.433376040565259 
2.01626415011266 2.0 1.2719635193227505 
2.0 4.006407044609863 3.757610249281434 
2.134075594836928 2.0924550113418388 1.4762211311544347 
2.111139313639743 6.55191749845039 1.1481984355371668 
2.0 4.021368012997135 5.047395377095798 
2.3446921621292613 6.076358846500898 0.9412238865339594 
2.389216280106795 7.240819576086446 1.265170975956256 
2.000496001306254 3.3156594615245267 0.7734171084966326 
2.3552781027120737 6.363927271830844 1.5080403852040574 
2.24268238061314 2.8368903079788037 2.222325545114078 
2.0 3.1053230964904106 3.012751286854498 
2.0 2.0 0.10014352746448996 
2.0 2.2771193762907185 0.8987903517606015 
2.0 2.0 4.000280558535728 
2.1020521488647854 3.8023716556622262 1.5740892051032063 
2.1078775117939554 3.628044913253089 2.156455309313305 
2.0 4.192434918422432 1.4757682210182208 
2.082082433730808 10.182154449313407 7.437564888778044 
2.420580082196743 15.226432585930171 11.730924209942776 
2.6399244956169805 10.614231724359687 0.2605026128972743 
2.0 2.066311574757221 4.201029346897142 
2.0 2.796344837752506 1.3938854298149281 
2.000211995838378 2.0345320645540284 0.2283994286257369 
2.2632143678050807 11.150260978482113 7.9380629880871165 
2.0413021773136313 3.8610613527058266 4.739760532440255 
2.010382260434573 2.0 2.3639854367405544 
2.417037274063052 7.148898615477351 0.8565014467218697 
2.2472920420777585 4.992138640068947 1.8040243719553306 
2.047979472701893 6.217186061593424 6.903585749367624 
2.0 7.3713930599940936 0.5111388325295536 
2.0 15.466088690124973 0.2068066396615067 
2.0 23.23107519417909 16.792669641602885 
2.000035238418177 2.063873341838751 3.0179448645661435 
2.2697672784539558 5.1825259423009475 1.8398473429605957 
