2.0 17.321162593939945 200.34223289729016 
2.350241256280832 9.079337608284673 0.0 
2.0 2.0 1.5640340488484936 
2.0 2.0 0.12778739464782274 
2.0 16.73137196899964 5.848716557582332 
2.0 2.5689977764682532 0.6447798096938631 
2.0002677373899544 3.3542024371962187 1.1227934868268195 
2.2850160467950316 2.000630153666285 1.0741946750557667 
2.0 15.76283818226447 0.2899747553130645 
2.1294670975622445 4.640813533038164 2.1731312176524336 
2.0726342583557646 4.232023934564091 1.9191430863221726 
2.465790665425779 2.3103031657247444 1.1386029474529167 
2.0 2.1563878735176307 1.4332327550836992 
2.0573506421543692 2.0058725114394425 1.9915644412062257 
2.0 5.319438500718447 2.1219886176174905 
2.0781640846469753 7.322904830779707 2.479450442697708 
2.00436437577124 16.90613227887836 0.31053584349642094 
2.192858271765632 3.1615496373787453 1.3736281138234272 
2.0 5.167090596899621 2.4867963911687854 
2.026206768998221 2.1273794034268323 1.3957311210377532 
2.402726598696318 2.0239625342989775 1.1524850168895324 
2.0 6.838822881741579 2.9652271313850997 
2.1030501186508155 2.0 1.2708878095402676 
2.0 3.4993255638222873 0.564179617772858 
2.0 2.0 1.346885913632977 
2.0449742558899033 2.6735696336272268 0.710057428818827 
2.0529588046941276 3.229413742255513 0.9669662536578656 
2.0 2.0 1.678670682113645 
2.0 2.0 1.5004691508910768 
2.391818433476037 14.73578580175786 0.4078007756031671 
2.2028289754642882 2.0 1.05234418520096 
2.070526746097231 2.4979983023946684 1.5338980341270074 
2.2825542667862786 2.1156939370862973 2.0258224119612236 
2.0202972965129344 4.617451800889489 1.7506291787535182 
2.0990454092885327 2.1180871986894405 0.7521246189995515 
2.136035769645286 3.4492794729639464 1.2272785770963377 
2.0238526758104407 3.9876884578309824 0.5909680632901463 
2.3481329955976262 2.0 0.8041687824711925 
2.3152986185192823 7.633703410134295 0.22044168497204986 
2.097954633407247 2.734847278191252 1.0266388593112807 
2.0986805268091797 8.86761478968943 2.472992294650929 
2.00006793577753 2.000417463710858 1.6572924080113232 
2.0572160130941697 3.2265849808661207 1.4744799662956671 
2.1538446414263674 4.5040076851428115 2.319547939617979 
2.1672966800074858 2.2983175171147696 0.9499415881694941 
2.01974476891786 2.0510143839145365 1.5878811541206792 
2.37238548564712 2.0 0.9345990840070701 
2.0 7.487352602458579 3.228790628889504 
2.4812869176354337 2.0 1.6136974294426525 
2.0 7.4724441436230595 3.0807111670799943 
2.0 2.9999398912630264 0.7760652378519048 
2.1156846058472856 2.441082068689828 0.8513441364369494 
2.0 4.717111066216943 2.289484481389754 
2.031345507547265 2.4644956683288433 1.379511007976983 
2.131193777165792 2.0 1.6403587512965898 
2.0 2.3116234763651446 1.2455907265366988 
2.005959886840669 8.510426932718431 3.925897042311827 
2.1058312271152047 2.6448377333063795 1.4901750566615921 
2.0625943034950702 2.0 1.954340814168532 
2.0339205266683207 7.329769224787192 3.5727165911535006 
2.0146386442783792 4.621528194011754 0.517652330056308 
2.0 6.651299618448089 2.7059784557618642 
2.0044896640874783 2.0 1.6966181206190696 
2.0 8.520453483514949 3.6693316351027816 
2.1813659896686883 2.0 1.182838281611268 
2.0833664056232477 2.0922948206779273 1.5205102097700478 
2.2064277838975106 2.5703725459671167 1.165767767141139 
2.1793054409963424 7.005216961283825 2.6355440808932062 
2.0092619053853955 2.0033230674710287 1.1011301397766435 
2.0 2.0 0.8753766258170262 
2.318609796804023 2.443103514518744 0.9937327087922181 
2.041572929157926 4.179826666962665 1.891817062071261 
2.275341328441558 4.446951068310964 1.8116815832099786 
2.0 3.773178054814028 1.8379685613164596 
2.0 2.0 1.407606836819535 
2.3310924335986387 3.3783567810444493 1.3385487612031464 
2.5710248103103237 2.0 2.1963867748879604 
2.254358620724638 2.326791812297877 0.7368632429586319 
2.082247873026622 2.0 0.6767814443559712 
2.2013316368511155 6.5965692791509305 3.0447717502099705 
2.2680265133586306 5.106881366565794 2.0675759902160933 
2.0 2.8870664342688848 0.8939260167664425 
2.028118917382197 2.267771009305861 1.2939717635269523 
2.380149001085596 2.0530505072883916 0.833869720251156 
2.7945300370785002 2.0 2.2483574575084426 
2.1141505575963917 2.0 1.8322846807712796 
2.059087467091389 2.5560783325742373 0.4897915191032022 
2.072533327262398 5.104660737500316 2.263269979190543 
2.2945096409325214 3.803489965065963 1.7820802508503082 
2.0 2.0 1.9165830663470298 
2.136684169151149 7.042665303241247 2.8568558703698104 
2.334328044723626 3.411696238980517 1.2043942862889054 
2.7041733928030873 2.0 2.071915462501604 
2.0 8.51463428784136 3.2565867744281185 
2.0 6.883407414721434 2.7657266682547696 
2.0 2.2100664451470764 1.314005964747797 
2.334888316583566 9.163411399986526 4.375399905454015 
2.340327775114295 2.0 1.0189660080075105 
2.1035624517780027 2.5216191186876182 1.0908317590544856 
2.0 2.0 1.1966332772549497 
