0.080194000000 0.609769000000 0.596173000000 0.603133000000 
0.074761900000 0.631034000000 0.617618000000 0.621324000000 
0.612103000000 0.026396300000 0.020544700000 0.027421000000 
0.075637800000 0.616103000000 0.603700000000 0.609866000000 
0.283289000000 0.184208000000 0.164332000000 0.188351000000 
0.563419000000 0.040633100000 0.032491400000 0.042640000000 
0.081034700000 0.600077000000 0.586312000000 0.591330000000 
0.088155700000 0.446148000000 0.425395000000 0.444236000000 
0.318755000000 0.153382000000 0.135490000000 0.157414000000 
0.087802900000 0.574650000000 0.558459000000 0.563877000000 
0.215457000000 0.242630000000 0.221344000000 0.247323000000 
0.202242000000 0.246134000000 0.224171000000 0.250275000000 
0.108154000000 0.372418000000 0.350079000000 0.373626000000 
0.074458100000 0.634013000000 0.620760000000 0.625307000000 
0.083027800000 0.590276000000 0.575328000000 0.580538000000 
0.288774000000 0.180769000000 0.161055000000 0.184519000000 
0.382794000000 0.127163000000 0.111775000000 0.132814000000 
0.069501400000 0.645090000000 0.633514000000 0.638477000000 
0.338881000000 0.148794000000 0.130708000000 0.152932000000 
0.095410800000 0.418397000000 0.397405000000 0.418146000000 
0.119665000000 0.353524000000 0.330795000000 0.354927000000 
0.237466000000 0.216780000000 0.195862000000 0.220954000000 
0.465318000000 0.075408900000 0.063276700000 0.077792900000 
0.322741000000 0.150856000000 0.133036000000 0.154691000000 
0.419341000000 0.096062600000 0.082472500000 0.099868900000 
0.230840000000 0.222191000000 0.201226000000 0.226457000000 
0.169938000000 0.285029000000 0.262380000000 0.288550000000 
0.289995000000 0.171531000000 0.152375000000 0.175659000000 
0.622159000000 0.023866800000 0.018465000000 0.024713500000 
0.306558000000 0.166885000000 0.148562000000 0.171955000000 
0.081932500000 0.595227000000 0.581164000000 0.585766000000 
0.724292000000 0.004254240000 0.003672540000 0.005456490000 
0.511980000000 0.056906200000 0.047117000000 0.059603900000 
0.143191000000 0.314936000000 0.292174000000 0.317538000000 
0.095503800000 0.405937000000 0.384639000000 0.406378000000 
0.600546000000 0.029215300000 0.022802300000 0.030123700000 
0.401496000000 0.111648000000 0.096010900000 0.115146000000 
0.105937000000 0.374517000000 0.352052000000 0.375644000000 
0.760983000000 0.001388410000 0.001216720000 0.001916680000 
0.669723000000 0.013965500000 0.010702800000 0.014912800000 
0.699049000000 0.009560260000 0.007205490000 0.010290000000 
0.130269000000 0.332360000000 0.309507000000 0.334588000000 
0.574453000000 0.035926300000 0.028535200000 0.037134900000 
0.255982000000 0.202976000000 0.182350000000 0.206934000000 
0.085674800000 0.580744000000 0.564897000000 0.570308000000 
0.709759000000 0.007812000000 0.006248690000 0.009223670000 
0.250014000000 0.209524000000 0.188527000000 0.214129000000 
0.525821000000 0.049221100000 0.039796900000 0.050841800000 
0.384346000000 0.113986000000 0.098507300000 0.117222000000 
0.085419700000 0.583971000000 0.568709000000 0.573581000000 
0.093133900000 0.433041000000 0.412311000000 0.432091000000 
0.478450000000 0.069035600000 0.057499300000 0.071265400000 
0.098221300000 0.391398000000 0.369530000000 0.392307000000 
0.488099000000 0.067154300000 0.056246400000 0.070172100000 
0.661699000000 0.015728100000 0.012267700000 0.016951700000 
0.649355000000 0.017959800000 0.013498700000 0.018485800000 
0.344931000000 0.137420000000 0.120495000000 0.141391000000 
0.450068000000 0.078176100000 0.065738900000 0.080719800000 
0.549252000000 0.044594000000 0.036052500000 0.046346700000 
0.177785000000 0.273521000000 0.251098000000 0.276967000000 
0.741504000000 0.002877430000 0.002380860000 0.003615960000 
0.124854000000 0.349039000000 0.326440000000 0.350987000000 
0.103665000000 0.385366000000 0.363237000000 0.386310000000 
0.197355000000 0.257823000000 0.235873000000 0.261806000000 
0.148060000000 0.311726000000 0.288986000000 0.314435000000 
0.115066000000 0.364201000000 0.341627000000 0.365484000000 
0.436193000000 0.087826300000 0.074759500000 0.091201400000 
0.677429000000 0.012167600000 0.009187110000 0.012798400000 
0.442387000000 0.083428400000 0.070636400000 0.086476600000 
0.142417000000 0.319802000000 0.297184000000 0.322468000000 
0.263400000000 0.196763000000 0.176753000000 0.201102000000 
0.354702000000 0.132301000000 0.115652000000 0.136128000000 
0.540186000000 0.046631600000 0.037875000000 0.048581900000 
0.219355000000 0.237184000000 0.215386000000 0.241567000000 
0.155715000000 0.291783000000 0.269001000000 0.295268000000 
0.636130000000 0.021378700000 0.016712400000 0.022585100000 
0.189096000000 0.268850000000 0.246439000000 0.272424000000 
0.410384000000 0.100838000000 0.086632600000 0.104664000000 
0.519330000000 0.054318700000 0.044199300000 0.056160200000 
0.272708000000 0.185584000000 0.165949000000 0.189704000000 
0.591297000000 0.033485700000 0.026808400000 0.035324600000 
0.405197000000 0.103040000000 0.088707200000 0.106852000000 
0.266893000000 0.192336000000 0.172514000000 0.196640000000 
0.094954500000 0.428044000000 0.407300000000 0.427465000000 
0.171267000000 0.280710000000 0.258198000000 0.284088000000 
0.350399000000 0.137878000000 0.120639000000 0.141303000000 
0.076522800000 0.612840000000 0.599929000000 0.606431000000 
0.071140800000 0.639793000000 0.627326000000 0.632578000000 
0.497142000000 0.062274700000 0.051436800000 0.064293900000 
0.299702000000 0.170046000000 0.151451000000 0.174691000000 
0.111589000000 0.367697000000 0.345264000000 0.369002000000 
0.254704000000 0.203959000000 0.183239000000 0.208357000000 
0.247033000000 0.213266000000 0.192728000000 0.217783000000 
0.176643000000 0.276788000000 0.254264000000 0.280534000000 
0.097271900000 0.402156000000 0.380711000000 0.402755000000 
0.426730000000 0.089107700000 0.075624000000 0.091769600000 
0.224929000000 0.226559000000 0.205482000000 0.230844000000 
0.152336000000 0.303491000000 0.280766000000 0.306692000000 
0.365586000000 0.127949000000 0.111442000000 0.131345000000 
0.166867000000 0.287160000000 0.264733000000 0.290602000000 
