2.0 31.67936291488286 128.0 
2.617184042395599 59.846302120497825 49.84185902689876 
15.498831430352519 2.0 0.5975223184340699 
2.0 72.57343665122544 106.12464890016695 
10.940612771567547 2.0 2.0124428229051 
3.8405673806638503 2.0 0.770952477981128 
2.0 60.976169312214765 36.519797941631154 
11.755845579921242 2.0 9.687618170366097 
36.13602150911776 2.0 1.7516447918322022 
2.0 37.53667868428132 15.923298918277801 
59.94878232011762 2.4212207296226573 2.5361854545256364 
9.826454418606222 2.0 2.7230658964560703 
21.80831532409147 2.4566147530323503 4.889071401876411 
2.611552366291373 46.10240062173795 67.24050047303189 
2.0 38.269142552384956 27.168265306970103 
13.87138115089482 2.3416393582448 2.0009868629885794 
4.485409590529041 2.942710449985456 1.4473842895390447 
2.556886547889382 78.03966343111159 112.2434606658491 
5.547172895020502 2.0 1.7241887926301267 
17.06521725598053 2.0 6.8051781134292355 
16.695907102128224 2.0 4.47550708623905 
22.958543896459318 2.0 2.3302794909603683 
21.55173974948105 2.0 1.0715234356503478 
28.446666624627944 2.2050717601077188 1.7450582576782483 
57.61950226926979 2.0 1.2415533969865113 
28.71744223608348 2.0 2.374532025011001 
10.229449404138014 2.013734682793601 3.25980832960479 
11.903727741458596 2.0 1.8988455850402999 
18.714175803906386 2.0 0.5622794296162041 
81.96425500062568 2.04368909611931 1.8087222987060203 
2.0 71.09181452896799 27.363134985153476 
32.81610012514245 2.0 0.0281947952520909 
37.241980082744675 2.004266742864151 0.8623235068484595 
15.426960024880843 2.1478400128491435 3.7099797194163773 
9.657151332861272 2.0 6.217089262927249 
14.41290251069497 2.0 0.6359421222946651 
5.565149101091146 2.0 1.3981134600435834 
9.593024053489867 2.0 5.063822710390249 
2.617273315877077 2.0035316533661858 0.077149980574758 
23.96037107284608 2.3509013738081954 0.4159897935477382 
16.82095450150591 2.317324898161374 0.34209489104565205 
12.75861168076309 2.0 4.000685869511883 
17.488121762724518 2.109078346546836 0.7174902279610792 
14.346140795972838 2.3027202433334186 2.2204072245260598 
2.083540773984745 27.162160586309625 21.23872350652499 
36.381182052712354 2.0315764669058973 0.19657111329492635 
6.449715335606555 2.0 2.3232234696338865 
7.041964337531157 2.0 0.8502957587983397 
21.440142941401877 2.2259569414653075 1.3955323031047548 
2.0 44.369334149412175 19.350597550656886 
13.515907727728237 2.0 7.934758548001312 
22.394543218391494 2.281299861580954 1.0017272955493048 
12.198043579646537 2.000611817375828 5.597866013488392 
54.22712186402627 2.0 0.9417719570180956 
31.29003066971179 2.2851429173736033 0.4608885246114577 
6.543053339129251 2.1029859412657994 0.49374788265536806 
44.50086662277197 2.0 1.5818072208934717 
20.04992712286551 2.0 1.097228879327199 
17.445068228185473 2.485479929974169 0.7791226260777819 
20.015897530657274 2.0012142116483336 3.014504807778278 
10.538598143152432 2.1562587385801173 0.11904824057103225 
35.23161273101858 2.394934576541846 4.329879820349737 
13.479732418214155 2.012235613991858 5.314056796653303 
24.818150611765695 2.0 2.7954410956614364 
22.190206126690498 2.4608001300532094 3.6002489804372364 
17.092996777488217 2.005428586195713 4.734837017874576 
41.186220895517366 2.328097588894708 1.1926985116178885 
13.683645253423398 2.2973672475957665 0.3624488817246321 
31.28717664495677 2.0378497946623946 1.0977193768072175 
25.29858108229332 2.322766990194793 3.7416279416517573 
37.03329468301906 2.0 2.1434982654420542 
35.27792002870292 2.0778896160777354 1.526749106064356 
27.351919318680324 2.0 0.8288677121370918 
9.223943913700722 2.002995034561203 2.603171622564247 
8.781204884778884 2.0530658837404085 3.336687710132849 
37.981065790386886 2.208463792212126 0.5025767613376728 
14.406993453283894 2.0 2.9856499812002433 
46.30148573230623 2.4998571681824076 1.2730313857329394 
6.449205272305481 2.0 0.8976774899816071 
26.212116138443758 2.0008333871341084 2.0455695001101373 
47.67488824111647 2.0859374705022153 0.6866808299809886 
32.3450140610963 2.334230844636037 1.2840863998093166 
35.675286834223364 2.0813042952444847 2.0955176959282746 
21.90798340895268 2.2014679895005846 7.2749528063039515 
19.575881390466094 2.0 3.150479197739946 
16.95011569299784 2.2607961977829256 1.6239084606618908 
2.0 47.20865695033916 124.57580551021621 
3.1520443934285645 44.30396912732803 95.9774327597488 
15.392260157863575 2.0 0.9544051724780984 
47.23627427136094 2.0 1.9254381427917815 
15.278131730442935 2.0021718660706194 4.816791134459849 
9.428848395609277 2.2951557756164185 2.217400197611009 
33.83996913372487 2.196535250864844 2.3161563998558825 
10.319659169603257 2.0014910502351353 3.130580773668126 
9.732164175364128 2.0 6.031350482652766 
21.06805577593326 2.0045064287678995 1.2160525288391484 
35.04997464986445 2.2817384839123385 2.438261839461144 
9.944737923376106 2.0941485189674194 3.5347167488784392 
16.994338358472532 2.0 1.5286661145072173 
23.82394698817817 2.0 3.239097709316025 
