2.0 2.0 1.5256715116755935 
2.0 6.716464540141161 3.08650839894457 
2.0 7.019300402332782 3.91528529615168 
2.0 2.0 1.4243804416715182 
2.0 2.0 1.4113600410448313 
2.0 2.0 1.4476253832738004 
2.0 16.806366658314722 0.0 
2.2054868140546344 8.548039854246941 2.928152011387688 
2.0 2.0 1.3856851606226248 
2.0 2.0 1.462235628944582 
7.1975616623885275 2.0 2.6655623049586166 
2.0 2.0 1.7120301625548449 
3.0379040597923117 2.0 2.2404934763861974 
2.0 2.0 1.0041422130179822 
2.0 7.357485210089185 3.4186825238061846 
2.1044009995137936 2.0 1.8546036524785432 
2.079071766303956 2.255681417562174 0.6760094410936334 
2.1336278759736196 2.5062783149458774 1.0200081854263578 
2.0936629620806784 2.0 1.9741406726615165 
2.277150219068367 7.00957460891741 2.487653135928582 
2.2930432111920065 18.49504184191195 0.4259530761978364 
2.0 2.0 1.1658951202321197 
2.141814438577253 2.308296691274797 0.6071573680839615 
2.0 3.9605394880427833 1.8654865263308307 
2.0 2.0 1.1919395191115156 
2.0402489620328366 2.0 1.6401190851480996 
2.107611385470724 2.4283663575370964 1.1283499677955329 
2.0 2.0221281434576928 1.9521230838523083 
2.3649090262533363 2.2721681704869425 1.539468764301706 
2.0 5.464894815009942 2.194340848905295 
2.0 2.0 1.6614075034901856 
2.0 8.997531301564962 5.515336227653677 
2.181793617998772 38.0983766114315 0.45669240590883803 
2.0 2.0 1.070202834180072 
2.0012167738698823 2.054327525178416 0.8057193152645211 
2.0 2.0 1.307006037939563 
2.062058584048771 4.074956644882098 1.6098823959977173 
2.1890724181204635 5.354865437599146 2.1234397099947877 
2.1597984543009416 35.825896562600306 0.3649768926784587 
2.0 2.0 1.1076800552210515 
2.2587516918595245 7.353197468254459 2.9310290466946793 
2.0 2.0 1.5804048685566046 
2.618173121000879 2.0515619774989386 2.309992184483339 
2.0 2.0 2.005041776002898 
2.0 2.0 1.348926164905188 
2.0 9.118148437976703 3.54269149704923 
2.0 2.0 2.0486543251157228 
2.0165836659651193 5.360119202771832 0.8291216036527584 
2.0126009990072715 2.4772243798914286 1.2650967732230685 
2.220007189216892 3.7759570933031408 0.6854491420733757 
2.3732616002685103 2.0 0.8646054611851619 
2.2506859761503017 6.93126313858862 3.1878014341467744 
2.4159520912081156 2.0 1.747131030200359 
2.0732940730145177 2.224098125556316 1.2479600963322781 
2.0 2.0 0.9259122594983196 
2.2406305603721735 6.832187093085997 3.750288858898724 
2.0 2.0 1.144029333257503 
2.412185891901174 7.210625763132524 2.7799195817979423 
2.0 2.000308160596474 1.0872395522970564 
2.0012905104204024 7.430539879386044 2.559652871648793 
2.4077020514740726 2.2936033541195116 1.6834431758474693 
2.0 2.0 0.7443387158499815 
2.1116373783243434 3.5829465414998998 1.922710217172829 
2.0 2.0 1.3730943084625675 
2.075046357148084 2.1958144088545595 1.2135368952131675 
2.0 2.0 0.8281300462286678 
2.448955954119869 7.458897497516418 2.7489272852753195 
2.0 2.0 0.9756708002527745 
2.0372124860774496 5.206254305700833 2.5742482828131763 
2.0052534053502518 2.1003123084697872 1.1838768737755916 
2.0 2.0019183156830223 0.10583323924382546 
2.0 2.0 1.3283471222222216 
2.0293555993894166 2.233877080260127 1.2873823969691003 
2.021227153001035 2.0085148354727895 1.5565462471961198 
2.4074698371318055 2.0 0.5490114230961116 
2.0004453525237658 2.089507255179569 1.8162091845352022 
2.209655247009226 2.614857457683769 1.5129143579667008 
2.079194350531515 5.451462947060713 2.3187157020084403 
2.0012000368349985 2.560245437619212 1.230327777805632 
2.0 8.84476292792245 4.289919374293537 
2.0568075040308345 2.761474483320932 0.9433482728617311 
2.0 2.0 1.7912355436454817 
2.443894387968532 5.450758343605183 2.155793424879596 
2.382370989570032 4.79550339144264 1.4773250935049764 
2.0 2.0 0.6475051834493838 
2.1347495070940647 2.0 0.7206099646868545 
2.0 5.196092491942382 0.6169728092674596 
2.130274734879983 27.861203801421198 0.3383116454753876 
2.0 2.0 1.6134243415814775 
2.348708949904651 20.619039475987517 0.28270713384739715 
2.1974825547702816 2.132523325676266 2.036301248985541 
2.0 2.0 1.9250934204942494 
2.1384035831871437 2.1359340213323943 0.7765211124205339 
2.1497731173849792 2.0 0.9154786966283777 
14.310904827947814 2.0853204123231484 0.1974233402277512 
2.394744057058827 2.050691397812068 1.0424754133208038 
2.0129854298179506 3.9856358372314755 1.794673638550114 
2.0 3.0418868319581023 1.2768301714689918 
2.067918667780419 6.514729248759824 2.5275449568618846 
2.1649250003959684 6.757985620840552 3.2698332035697737 
