0.005019660000 0.171553000000 0.144781000000 0.151077000000 
0.007057190000 0.165726000000 0.139177000000 0.145597000000 
0.007878780000 0.165630000000 0.138710000000 0.145139000000 
0.004617690000 0.178078000000 0.151364000000 0.157711000000 
0.009370330000 0.161326000000 0.132918000000 0.140588000000 
0.005998610000 0.169216000000 0.142806000000 0.149124000000 
0.100288000000 0.062570100000 0.048902100000 0.051959000000 
0.196042000000 0.010868700000 0.008079160000 0.008701720000 
0.151033000000 0.027413100000 0.020813000000 0.022239800000 
0.053544000000 0.094908400000 0.075686000000 0.079857700000 
0.216074000000 0.007053850000 0.005180430000 0.005594840000 
0.028449100000 0.134985000000 0.110655000000 0.116278000000 
0.009257790000 0.162704000000 0.136236000000 0.142433000000 
0.275376000000 0.000307030000 0.000174541000 0.000186374000 
0.125925000000 0.036961900000 0.028184600000 0.029973800000 
0.032898900000 0.130975000000 0.107023000000 0.112517000000 
0.011197600000 0.148814000000 0.123380000000 0.129119000000 
0.100299000000 0.045772400000 0.035096300000 0.037134400000 
0.180434000000 0.014613600000 0.010809300000 0.011580300000 
