2.0 9.325955517650684 255.18451761197935 
2.0 3.8161948703745594 256.0 
2.0 5.277470058661301 208.31117039217628 
2.0 17.101057322031807 245.27624473444294 
2.5187314662275524 2.0 242.0177010147337 
2.0 6.580922012425864 256.0 
2.000000003598298 97.0 1.3710228055315994 
2.0000000098844404 29.1283221913312 0.6649498042872575 
2.000000007189244 63.577438867725334 0.873552769270296 
2.0000143543887505 75.8821279225118 1.6676819683134383 
2.0000000108628027 16.623220311734556 0.5892264888245322 
2.0029556764740795 56.46079015998828 2.3763376652219677 
2.005671281985285 23.17560381070225 3.2046676637066724 
2.0000000157246496 2.0 0.2129290190046621 
2.000063699575446 72.72013590576887 1.0694398397397644 
2.0 76.14844983363058 2.2660812326599173 
2.028547914832928 12.987029671607957 2.808425657130229 
2.011737018962123 20.79047825249772 1.202731575923747 
2.0000197370885107 21.961538102160464 0.7531247133462733 
