94.15015605452423 4.240413909956856 12.2920433065853 
97.0 2.0248125073903016 3.668858894401179 
91.81781634983746 2.0 3.8232058731911565 
74.22591653545808 2.1616214025055367 4.9471044084243 
72.70024748747304 2.2769626608033726 5.628600016260815 
57.09863886557121 4.277418245951619 9.208888006720297 
72.32082327853814 2.067069784322351 4.983581521277691 
90.68248359281854 3.543421657711493 9.815220027190282 
2.0 2.0 1.310785070708465 
2.0 2.0 2.370476259580862 
2.0 2.0 1.1679694623720231 
19.52154102199664 3.672802666061356 14.061710634123633 
78.8888807078395 2.0 4.157161439805474 
2.0 2.0 1.1172940860487852 
84.4562120521023 2.107638713160109 3.625223581196301 
59.51910955017294 2.3223700021383693 4.443620224468394 
20.876271282459374 3.800253265807018 9.343320244232581 
9.100324438606684 2.0280787790523935 2.4147924825822815 
31.414856474713066 4.049157503027134 0.25159237668855927 
10.154872162196455 2.356699359530487 2.2522980629086207 
9.903178746214351 2.125630746128825 1.86156678163426 
21.76897168106664 2.0 0.7073103437143791 
27.400651573591396 2.0 0.3687239363577274 
5.321394808515263 2.0138690145448535 2.699441352797847 
63.763551292257574 4.040410541168118 12.527199565224045 
28.11771269175217 2.0 0.3731967898018021 
76.8256389113793 2.0 3.4267949545898024 
60.80309465139944 4.17623652428599 10.678269229274141 
74.21438597444426 4.00090410728389 14.49047951129071 
74.1612321415953 2.1765832880844167 6.083247186822103 
8.183155218976482 2.494268620476346 4.237890325979664 
2.0 2.0012514758772935 2.3224361752393126 
2.0 2.0003783240096067 1.7120792781087346 
6.712777585834925 2.339542058402182 3.573922189980652 
71.62100241099576 2.009960812514964 4.330808901475548 
2.0 3.349617670880794 1.9604867234290921 
11.927257014239737 2.0126162173289983 0.21114434596684714 
2.0 2.09447426083182 1.7798456700164067 
64.16300321754208 2.0 5.175722957788182 
3.8629686192440733 3.374925256807763 1.7178862140817464 
2.0 2.0 1.877485582351504 
43.731604026893734 2.005449393514643 3.3655002779782954 
57.92560966813424 2.004185947827925 5.8663478836951075 
3.376927175843089 2.379875805561948 1.6912119665530396 
5.190176568930628 2.0200063633794545 2.907362952346003 
2.0 2.0 0.9416944052304386 
6.1568239727680805 2.0 2.285032072104441 
2.0 2.8107987907509897 1.7205436086940034 
2.0 3.548267808454969 1.135273695952877 
3.593565094331794 2.8233882772615675 1.70310118616657 
5.246098901207942 2.587860010903201 1.1712797144686253 
9.684381693189579 2.0 1.9684256552919273 
37.023662245531256 3.633888562279795 0.34500294161666767 
2.0 3.243801089762859 1.4152128466714726 
2.0 3.8313480680480785 0.9439910032378409 
2.0 2.0 0.03071108009845247 
2.1217601023831043 3.1561465057914675 1.4608313258323284 
13.849392595211546 2.1867882137604946 0.7536385198197372 
8.02583910074917 2.0023510483337836 1.2712750767284329 
2.223985696554071 3.6501782577494524 1.0508519874860847 
77.3448510608818 2.1918658821477064 4.358830395033911 
5.865630287081814 2.086228732973482 1.5251763494795192 
2.0 2.276700445363728 0.7758329582222032 
73.207949741064 2.4933697810395294 4.797396073428326 
2.0 3.2021879832253335 0.9671567521710847 
4.917995127390572 2.2798100420317384 1.3918632935375401 
4.177691997165702 2.1339567901493464 1.2667933810138792 
39.8464360442122 2.0207177151438347 0.4700641719542942 
2.0 2.0 0.6679423634274961 
3.399422742229847 2.0 2.5317430628913975 
100.47243046332702 2.0868751807428922 3.3804812534587203 
7.7403919606487 2.0 1.6093634862312878 
16.668933703767784 3.341393916021406 11.669430707587294 
9.002456147470603 4.4410314228772485 0.19463444294673674 
4.963105387734528 2.0655557517460497 3.1462623260108415 
5.0918935380022745 2.0 3.2646179281979912 
6.986361119703747 3.4002338885950767 0.18296684596541535 
83.30375546376018 2.010714798903796 0.412679377698721 
8.130525956885013 2.898321934383598 17.171320233857617 
2.0 2.0 0.0697831047727534 
8.100293053324563 2.0509494100440144 4.844984160618068 
6.042847740577276 2.101252924326886 3.9663718595291 
74.06948227296662 2.026207849561735 7.044327911309179 
2.4255391547127294 2.478562794710405 0.7590743663562142 
2.0 4.158211096856671 1.1042200997237441 
7.797778077208329 2.04807249526498 4.528915154455247 
2.0 2.126879227561939 0.8543403195978505 
8.025204179702655 2.0142933828445964 1.248379674176125 
4.642103187925124 2.154258336110611 0.9905087406468794 
3.440598560483105 2.0 2.766363942173146 
55.58186641892176 3.648596061676011 8.729925776754513 
72.06258444903506 2.1565263273308504 5.3221562013329375 
4.094071422990247 5.60444358345589 0.11928071507430785 
7.779197453921697 2.0884886446504582 2.375632899351137 
5.2891159915908705 2.2293885510260703 1.5017700843042043 
3.791711814009487 2.2538976152333516 0.8403736878268186 
3.7864884002951817 2.6427798783053356 1.767191310250826 
8.651113476097734 2.1081475796688336 2.3848361964045246 
7.237029268183402 2.3230191016894564 2.1448570650118763 
7.699242449716289 2.0181295769786853 5.069364544774393 
