2.0 6.263729043634827 145.36681702744892 
2.0 2.72259914428885 83.42267861773973 
2.1467169204220142 21.43255906377541 0.0 
2.0 15.205507892131713 85.19476863596812 
46.51905821552873 2.375430072468805 76.79726305677191 
2.0 7.982147618089856 77.75730160650954 
2.0 29.50624445873487 146.65107619582835 
2.0 29.82822361588692 14.27364486899378 
2.0 22.694747955878817 145.60787491287803 
2.000025527438639 3.8953397887356207 6.1426537534590215 
2.266021303875391 5.646089011749638 8.88499357977632 
2.022546190436827 3.763883591366528 0.9248623574152783 
2.0 2.0 0.3064184315984875 
2.0 12.814072090956172 10.039953541775335 
2.0 2.0 0.42249506473558074 
2.3873739804479532 4.29318550565023 1.5624295030466193 
2.0 3.1729698364175705 6.8551468378649005 
2.000812187722459 2.3989708013419113 1.0367333605339204 
2.058642903812343 6.485588593960192 7.769751343912284 
2.0005876121901283 2.0 0.4620096936076459 
2.0003230388084066 2.4560259415628245 1.3493415731049354 
2.164332610016034 6.370451520119439 1.7096614151206042 
2.0002547472585133 2.1307281708879566 1.3254309628842549 
2.307845984678361 2.236995625612428 1.2936237901935017 
2.010751812660773 15.48688157081296 11.329013378661891 
2.410863532679724 12.518680253187238 13.46789674321949 
2.001076290949586 3.6497750655954264 1.4243846993711158 
2.262349847296954 5.708310105534824 1.9959836342463189 
2.0 2.0 3.2704032531748357 
2.1368770846718856 5.629226260228835 4.782904034051605 
2.1829810645525045 2.4290100135548642 1.4674537438415305 
2.4500003939383417 2.231147758145379 1.2048335966672965 
2.0 9.406574145691 9.547215906430997 
2.0762600085897294 2.4700960602998583 0.6608019918328426 
2.0029561658063537 2.267953248000752 4.110852817939389 
2.127300695782749 10.539970982093271 10.945516198217284 
2.0 2.0 0.11179016758038074 
2.0725183713076976 2.438359151941997 1.4051832889109552 
2.431226886123172 2.0 1.438838010761062 
2.0372670202172976 3.131113715757767 3.332534615011495 
2.089570330517406 3.1547064717942925 4.936388342571295 
2.036785502198026 3.6577713588896756 0.709483387471652 
2.0 3.7490484004439795 0.42904247568301157 
2.0 5.041487402118566 1.0920620037243916 
2.1735771025038515 8.853747119865963 12.32264017114361 
2.0478441505546554 4.02702284518579 0.5023377764904349 
2.661945193045759 2.0427243913063755 0.20382822408793172 
2.278678754567169 3.847429759384788 0.5484328863088326 
2.3500115602456924 5.786514193838212 6.037004971165655 
2.424599922458195 3.8204192270312003 1.1496881209002625 
2.0 2.0 0.2861865238204604 
2.121018246445858 2.238218780271454 0.21061889196382316 
2.0999564516072575 9.474225563913244 0.6986422553129076 
2.288015070343334 2.524082293257441 3.146699989921432 
2.328202160194825 2.031822044841718 0.3431152580975972 
2.1301613049003723 2.517784505195842 4.458037234754576 
2.1776660878271956 3.9301805578860898 0.7823336874435621 
2.0 2.712331183875942 2.6355082226896167 
2.132021589544462 4.328191948457355 0.9008560625224846 
2.01318156327837 3.0351064817092026 3.8774937536059175 
2.0 6.107613569142721 0.46708132287269644 
2.0812281127136374 11.425093318748514 0.2993253815256987 
2.2863157906811455 4.284145593120071 1.8297404919120113 
2.025858622786633 6.156003760469045 1.052690335409667 
2.0099917091960413 2.296007297825759 1.0838276923828167 
2.32893618834089 3.571550703630403 0.6722708227865164 
2.0 10.559499259370025 0.5778491796623217 
2.0094377697440784 5.997273642077702 0.4736488381281008 
2.351223058392479 4.1050684692369055 1.915491038402456 
2.0 5.627703264031055 5.450569606665053 
2.329246542500652 3.851597863455614 1.8038200801382902 
2.15046375793889 3.576854071954388 0.6578786004533409 
2.1569063784506737 2.0 3.130250313409793 
2.0 2.0 1.0276436544494512 
2.339127186830489 3.793136525317382 2.0097890732517887 
2.1107582349037908 3.166247750641621 4.141433588416501 
2.0 2.041835493304975 0.43875799387436143 
2.0 3.709246058163861 1.3118727779497568 
2.2724560695266023 3.7110472129488286 1.2254885295813724 
2.3214488405307145 3.7502759475241714 5.2361909109035025 
2.0 2.0 1.2521314530058396 
2.030813087134881 3.7503420257219124 0.8582926388121179 
2.714667446134404 2.3591630647143713 0.1450929339025342 
2.0034524225500823 3.577208116051919 1.681501922376468 
2.3200248648002755 3.5000670964493765 0.8071570166790603 
2.2547769858910103 4.023521028985211 1.006366711636283 
2.4464438826166663 4.288490442148322 1.5327806745718977 
2.051236317153052 4.362685969416675 0.5135441214181318 
2.0168451130594205 4.404938229311705 3.4742135656744964 
2.307066066053549 3.862453262275313 0.6281155166791919 
2.240399937698772 4.081120262568269 1.4490423856953836 
2.2856742190246484 15.15667866840998 9.389622960563916 
2.3607455170284597 4.04489791069026 1.0561777905414007 
2.0067385839498932 2.15608179562482 0.8186312053569624 
2.0035575372860297 4.797855933939395 2.1308485166792996 
2.29134545260765 4.4374265470248595 1.3414266960303167 
2.0318622173230025 5.7850960967044465 1.4584806690220482 
2.0 4.443687825738467 1.6047575995179355 
2.1292456909543875 10.917231222137474 0.4552219665344772 
2.0358946217828313 9.326500564180986 11.170519253036696 
