0.007628920000 0.171558000000 0.178314000000 0.196150000000 
0.007298950000 0.179013000000 0.185554000000 0.203165000000 
0.007481100000 0.173516000000 0.180084000000 0.197504000000 
0.008844380000 0.159250000000 0.166172000000 0.183891000000 
0.010980100000 0.135198000000 0.141025000000 0.157832000000 
0.010940100000 0.147479000000 0.153418000000 0.170702000000 
0.007460590000 0.177526000000 0.183915000000 0.201342000000 
0.007178310000 0.208367000000 0.213476000000 0.232184000000 
0.007669930000 0.165649000000 0.172203000000 0.189741000000 
0.024442700000 0.094715100000 0.094434400000 0.110783000000 
0.045774500000 0.052597300000 0.052820300000 0.065116000000 
0.041636500000 0.057536000000 0.057594600000 0.070624700000 
0.057337300000 0.037468100000 0.038047400000 0.047781800000 
0.010600600000 0.152560000000 0.157744000000 0.174988000000 
0.051989100000 0.042374100000 0.042827300000 0.053436000000 
0.074934500000 0.022165400000 0.022987000000 0.028402700000 
0.046617000000 0.051672400000 0.052599000000 0.063927300000 
0.012003900000 0.132938000000 0.138054000000 0.154730000000 
0.154702000000 0.000925199000 0.000918962000 0.001076870000 
0.009427070000 0.154919000000 0.161002000000 0.177974000000 
0.020469200000 0.100640000000 0.100489000000 0.116840000000 
0.162531000000 0.000772985000 0.000734397000 0.000842109000 
0.026332400000 0.083146900000 0.083749100000 0.099160900000 
0.013555000000 0.127652000000 0.131088000000 0.147901000000 
0.016754200000 0.108832000000 0.108553000000 0.124286000000 
0.076751200000 0.020840600000 0.021615100000 0.026698700000 
0.063476100000 0.031998500000 0.033390100000 0.041264800000 
0.030557600000 0.077455600000 0.079287000000 0.094025700000 
0.010149000000 0.153290000000 0.158697000000 0.176007000000 
0.018015400000 0.104667000000 0.104382000000 0.120281000000 
0.144525000000 0.002292960000 0.002285190000 0.002762720000 
0.104980000000 0.007935580000 0.008417380000 0.010724500000 
0.128804000000 0.004395680000 0.004532090000 0.005634960000 
0.065865000000 0.027979600000 0.029116700000 0.036232100000 
0.035587300000 0.063772100000 0.064832100000 0.077711700000 
0.017612500000 0.107786000000 0.107476000000 0.123229000000 
0.134371000000 0.002661730000 0.002782830000 0.003475440000 
0.147739000000 0.001807020000 0.001781490000 0.002108210000 
0.151501000000 0.001398050000 0.001386940000 0.001663160000 
0.085999500000 0.015618600000 0.016026600000 0.020326500000 
0.050942400000 0.046240700000 0.046583800000 0.057858700000 
0.007870670000 0.164581000000 0.170950000000 0.188327000000 
0.081253500000 0.016605600000 0.017545000000 0.022309700000 
0.176280000000 0.000168434000 0.000129858000 0.000136039000 
0.054293600000 0.039106700000 0.040342800000 0.049510800000 
0.019562700000 0.102784000000 0.102528000000 0.118595000000 
0.028620200000 0.081796800000 0.083536900000 0.098716000000 
0.069627300000 0.027432000000 0.028693400000 0.035693300000 
0.044717800000 0.054096200000 0.054257000000 0.066760100000 
0.030405000000 0.080530600000 0.080133500000 0.096554900000 
0.096426500000 0.012017900000 0.012509100000 0.015652500000 
0.024576200000 0.093852600000 0.093545400000 0.109958000000 
0.062668300000 0.032652300000 0.033281800000 0.042046000000 
0.176419000000 0.000171128000 0.000131610000 0.000135684000 
0.011248100000 0.133533000000 0.138920000000 0.155584000000 
0.039699600000 0.057775000000 0.057838100000 0.070897100000 
0.071021100000 0.024762200000 0.025610200000 0.031470000000 
0.134054000000 0.003360580000 0.003468710000 0.004273500000 
0.046795400000 0.048322000000 0.048699900000 0.060396600000 
0.167315000000 0.000501409000 0.000491573000 0.000604519000 
0.021992200000 0.097458500000 0.097392900000 0.114076000000 
0.124962000000 0.005165190000 0.005441620000 0.007205590000 
0.184603000000 0.000160783000 0.000165301000 0.000251013000 
0.079751000000 0.017599700000 0.018536500000 0.023464400000 
0.013986600000 0.124205000000 0.125649000000 0.141929000000 
0.098570800000 0.009940000000 0.010575300000 0.013557300000 
0.139839000000 0.002556120000 0.002694440000 0.003549700000 
0.090489400000 0.012320400000 0.013064000000 0.016668900000 
0.021738100000 0.100069000000 0.099897400000 0.116247000000 
0.089170500000 0.014740100000 0.015544900000 0.019592700000 
0.120666000000 0.005722860000 0.006036510000 0.008030320000 
0.025918500000 0.085888900000 0.086440100000 0.102190000000 
0.171628000000 0.000256222000 0.000213354000 0.000232171000 
0.102126000000 0.008809930000 0.009349170000 0.011907000000 
0.015310300000 0.118298000000 0.118981000000 0.135418000000 
0.031843200000 0.076287800000 0.076672600000 0.091422800000 
0.030270600000 0.080889700000 0.082658800000 0.098044100000 
0.015913000000 0.113055000000 0.112975000000 0.128666000000 
0.023449900000 0.096362700000 0.096164600000 0.112385000000 
0.130869000000 0.003959890000 0.004200240000 0.005589250000 
0.063904300000 0.028772200000 0.029983000000 0.037359500000 
0.009005550000 0.157395000000 0.163908000000 0.181541000000 
0.013898800000 0.125799000000 0.127550000000 0.143730000000 
0.070592900000 0.026138600000 0.026720100000 0.033990500000 
0.072676700000 0.023479200000 0.024092700000 0.030328800000 
0.051808400000 0.044086400000 0.044470300000 0.055373900000 
0.062109900000 0.035103000000 0.036580100000 0.044864500000 
0.015765200000 0.117790000000 0.118059000000 0.133902000000 
0.017854700000 0.105683000000 0.105393000000 0.121228000000 
0.014720900000 0.118567000000 0.118954000000 0.134794000000 
0.052768200000 0.041244900000 0.042549500000 0.052124800000 
0.042276400000 0.055691200000 0.055816600000 0.068566800000 
0.110125000000 0.006555430000 0.006971830000 0.008916690000 
0.060199300000 0.037597000000 0.038630900000 0.047771600000 
0.049373100000 0.048047900000 0.048964500000 0.059642100000 
0.037838000000 0.061291000000 0.062447100000 0.075100000000 
0.033278000000 0.068257500000 0.069230600000 0.082750700000 
0.162015000000 0.000798492000 0.000784437000 0.000955684000 
0.055814300000 0.038119900000 0.038690200000 0.048566300000 
0.078467400000 0.020575500000 0.021168600000 0.027212400000 
