2.0 20.813976127253277 132.7096229989322 
2.0 30.246434544316433 0.0 
2.0 22.52340305617353 155.74459570601525 
2.0 12.96915954776952 37.18401290497978 
2.0 6.398053410926117 128.9636812573149 
2.0 8.27500076246564 105.89409845514449 
2.0050131639174236 30.62457641130644 12.411850464996931 
49.40356799940154 2.0 256.0 
2.139715771507428 14.698239676346185 50.88145183228556 
2.0 2.0 3.136755074548584 
2.0 2.0 1.4583242932907547 
2.238604845071043 2.0 1.5350600055922792 
2.0 2.0 1.2234640564343062 
2.0 8.712446314836226 11.407310373095811 
2.2013791622595678 2.0 1.3013635109156916 
2.3103221695469816 9.348089704174813 0.9021435788084006 
2.0327252129635727 2.94075804071697 1.4170822413256399 
2.0 6.308318778656952 7.829896644995781 
2.0 4.200438241298496 0.25007982414392793 
2.0167352845290947 11.333349379990853 10.813398972523833 
2.4028422134859238 3.2914357209571508 2.8139827175151435 
2.0382415890716894 7.2016790330519225 0.21622799485412753 
2.294128627098983 3.5251622235178397 1.9087430818440518 
2.008499788340211 6.39699231193771 4.9208357914922685 
2.3886738753776897 3.1155286355614775 3.9813553858492954 
2.0310309294277222 9.001487090293606 0.8590581463588847 
2.2251786785964245 5.325832323413563 1.064652168361435 
2.103645021701711 5.722555641182298 1.72449398601367 
2.427034038112792 9.234523202060775 13.838235088222472 
2.0085802831941297 2.7287486147080253 3.3325327850428037 
2.0115243205343685 7.993235984116414 0.3426961841043401 
2.395922150497154 3.5359291195110045 0.6162206536312157 
2.126493892361007 7.090984004520623 0.45448241859007354 
2.0240931852411426 3.5022756593155027 1.0457690603638565 
2.140100230867172 4.303544472187166 1.5798037770140825 
2.026406703115811 3.0286187244158493 3.818602696581026 
2.0 4.479472885401295 0.41361138562534805 
2.1110243957691894 7.82393729532412 0.2962160480661689 
2.0497560034797218 4.850454102359929 0.2858294033215727 
2.9868862942385097 2.0 0.820412258634409 
2.0 2.0 1.358410356492013 
2.0941436706037115 15.447781762928017 11.940285429232562 
2.3876713390530027 3.6899437324282682 0.8429072186856246 
2.0151244266190877 2.0 0.1265452243970273 
2.3373747117426857 4.036378776071005 1.216749755403939 
2.012563653941758 2.5553176590715228 3.0930788309176553 
2.116974910662014 6.017367254876831 1.8023348786419695 
2.4831485805443525 4.855892758081598 1.0014212996621605 
2.0 2.0 1.4842460521797471 
2.0894863757188076 2.0701251176492397 2.013712752503808 
2.0 9.349134375471138 0.6802040519726589 
2.030730927361608 2.0 3.035289147267498 
2.0 2.0 1.1505053429796686 
2.0 2.0 0.1312133797163213 
2.0 6.201395322707327 8.41930396004473 
2.0 2.0 1.54281760148339 
2.0 9.240576472322786 0.9357180879604619 
2.0 6.3765862744961925 0.4142403347482922 
2.0015552730905917 2.0 1.3892277157966646 
2.264998799598103 2.0 0.22472333609014528 
2.0 3.283756808576891 2.5097541234518093 
2.032143616550291 2.0 0.5725796414353219 
2.001595096059729 2.0244547892190137 0.035851912669898324 
2.473990028941451 3.74154942860752 0.8548393860627301 
2.0747807540590735 4.278932377553516 5.276667671998046 
2.1077087965799177 4.441400555122223 0.6850944185932886 
2.001086213810779 2.0166529969322875 0.4474368844977752 
2.391891768989867 3.9835027435794155 0.7478967429125456 
2.0193686440736642 2.8494886037663725 2.766818707575355 
2.1725489519989645 5.696891558366113 0.7555089582146226 
2.0268468949988017 2.4832603208110706 0.5923046254532892 
2.423044390364141 4.488059061594122 1.978082063815582 
2.875825033512046 2.0047718717417977 0.14024834894141375 
2.4071290298489405 3.7579880358285447 0.6512354305588016 
2.0543511722900742 3.5837655283433474 4.090786107602429 
2.0547687880769963 2.7630658352609485 1.8251234307227875 
2.12783619532196 5.162492468109351 1.833733940600679 
2.0 2.6390054682525976 4.8001284218158045 
2.0 2.1200282050643557 3.4142047949880894 
2.0 2.0 0.5206586069030319 
2.0058475701245477 3.6184699019196556 1.0617537800578236 
2.093604201086738 13.284423097901923 10.281654039921706 
2.0 3.6894579659504663 6.377727295014372 
2.011986430615623 2.041642533529194 1.0457629424286643 
2.94987192877726 2.231861250847618 0.9822760947401841 
2.2404825957573085 2.0 1.3262334145436734 
2.4008391546258716 8.017551007025302 1.099474419835678 
2.0 2.9945521320327146 6.249495701697366 
2.0237986060885693 3.3598193526865643 3.4845005773643924 
2.0 3.0800408208466497 8.179538191222555 
2.0 4.095977255498205 1.2408675621024798 
2.2432569085888483 2.0 1.5085872042963162 
2.0459633726535476 3.8621291145831007 0.5789831512192021 
2.332114554406487 2.5563776648796503 1.2167793605761155 
2.236926159009287 3.036237314937246 1.363738315642669 
2.206824397126071 4.048384945336067 1.5313390295563214 
2.0226554275589237 3.674869253874178 1.646068051624253 
2.0 2.0 0.2910467042542674 
2.0 2.0 1.2328593682075026 
2.0011192907220376 2.454568884564566 0.9427264709568903 
