0.008365150000 0.390021000000 0.348171000000 0.350142000000 
0.008581640000 0.387922000000 0.344508000000 0.347266000000 
0.012801200000 0.365795000000 0.321353000000 0.324989000000 
0.321394000000 0.026079800000 0.013969100000 0.015184900000 
0.309892000000 0.030591400000 0.016778600000 0.018096100000 
0.361881000000 0.012863700000 0.008227720000 0.009058060000 
0.356324000000 0.014003300000 0.006975960000 0.007755690000 
0.333604000000 0.021457100000 0.011202100000 0.012281400000 
0.405332000000 0.002196870000 0.001063190000 0.001230920000 
0.015611200000 0.352257000000 0.308686000000 0.311801000000 
0.383420000000 0.006222520000 0.003852480000 0.004219550000 
0.415617000000 0.000536405000 0.000425906000 0.000475614000 
0.007833960000 0.393802000000 0.351205000000 0.352868000000 
0.367449000000 0.009675630000 0.006155150000 0.006811810000 
0.018501800000 0.330673000000 0.284530000000 0.286744000000 
0.009568210000 0.384090000000 0.341252000000 0.344075000000 
0.178471000000 0.104365000000 0.072085500000 0.074095600000 
0.046906000000 0.232651000000 0.187235000000 0.190339000000 
0.033243200000 0.278875000000 0.233329000000 0.235835000000 
0.388071000000 0.004319830000 0.002338710000 0.002643290000 
0.284046000000 0.044945600000 0.029644100000 0.031331100000 
0.293968000000 0.040579900000 0.024074100000 0.025310200000 
0.172665000000 0.107682000000 0.075196500000 0.077261800000 
0.192811000000 0.091006900000 0.061480700000 0.063436900000 
0.009773730000 0.375747000000 0.331887000000 0.335152000000 
0.181082000000 0.092812000000 0.062051100000 0.064293400000 
0.346837000000 0.017097200000 0.008771750000 0.009622360000 
0.009585860000 0.383664000000 0.340810000000 0.343613000000 
0.018433100000 0.336285000000 0.290363000000 0.292547000000 
0.175901000000 0.107174000000 0.074810800000 0.077002900000 
0.105857000000 0.158453000000 0.117698000000 0.120836000000 
0.378679000000 0.008511010000 0.004446880000 0.004919910000 
0.287852000000 0.041412800000 0.028891400000 0.029910100000 
0.400897000000 0.002877290000 0.001407340000 0.001595790000 
0.335848000000 0.019952900000 0.010391600000 0.011275500000 
0.317690000000 0.027468300000 0.014810600000 0.016075300000 
0.415930000000 0.000536178000 0.000426424000 0.000476007000 
0.016094200000 0.339315000000 0.293278000000 0.295795000000 
0.351004000000 0.016134700000 0.009778870000 0.010684300000 
0.131213000000 0.145585000000 0.107784000000 0.110142000000 
0.328635000000 0.023683600000 0.012531700000 0.013678800000 
0.207774000000 0.076571800000 0.049804000000 0.051667600000 
0.300428000000 0.032694300000 0.018417900000 0.019610100000 
0.260076000000 0.048405900000 0.028775900000 0.030174600000 
0.139965000000 0.120609000000 0.084922900000 0.087084400000 
0.025608100000 0.301307000000 0.255668000000 0.258043000000 
0.342096000000 0.019389200000 0.010002400000 0.010997300000 
0.037859000000 0.248498000000 0.202980000000 0.205691000000 
0.182740000000 0.091536300000 0.061248300000 0.063232300000 
0.114274000000 0.151153000000 0.111045000000 0.114083000000 
0.019433500000 0.311853000000 0.266079000000 0.268638000000 
0.010642500000 0.371005000000 0.327031000000 0.329518000000 
0.162047000000 0.107882000000 0.074221800000 0.076657900000 
0.353808000000 0.014640600000 0.007437770000 0.008172020000 
0.078799200000 0.190018000000 0.146708000000 0.149602000000 
0.367524000000 0.011576100000 0.005644290000 0.006324340000 
0.021912100000 0.305451000000 0.259717000000 0.262265000000 
0.207132000000 0.076780300000 0.049701300000 0.051397400000 
0.027914000000 0.282898000000 0.237132000000 0.239720000000 
0.086485400000 0.174472000000 0.132394000000 0.135163000000 
0.236196000000 0.059857000000 0.037370400000 0.039024400000 
0.116659000000 0.149814000000 0.109892000000 0.112865000000 
0.269246000000 0.045322900000 0.026698600000 0.028028800000 
0.061029000000 0.208622000000 0.164106000000 0.167043000000 
0.204497000000 0.083838500000 0.055833500000 0.057695500000 
0.025173700000 0.303020000000 0.257640000000 0.259968000000 
0.074577800000 0.193096000000 0.149588000000 0.152516000000 
0.133151000000 0.134384000000 0.096408800000 0.099197200000 
0.257933000000 0.056239200000 0.034840500000 0.036257300000 
0.195035000000 0.087177400000 0.058043200000 0.060018700000 
0.408871000000 0.001092410000 0.000705585000 0.000777219000 
0.375481000000 0.010822800000 0.005400580000 0.005968380000 
0.392684000000 0.004847430000 0.002275260000 0.002597560000 
0.029234900000 0.280077000000 0.234357000000 0.236813000000 
0.014479200000 0.358137000000 0.314761000000 0.317882000000 
0.101311000000 0.169712000000 0.128472000000 0.130866000000 
0.074538700000 0.207527000000 0.164045000000 0.166795000000 
0.019238000000 0.328516000000 0.282740000000 0.285120000000 
0.057633900000 0.214753000000 0.169968000000 0.172930000000 
0.197753000000 0.084866500000 0.056192900000 0.058154100000 
0.049952500000 0.230199000000 0.185224000000 0.187974000000 
0.396229000000 0.003103460000 0.001574660000 0.001766220000 
0.088292100000 0.172944000000 0.130976000000 0.133747000000 
0.127887000000 0.149651000000 0.111356000000 0.113803000000 
0.011555200000 0.368139000000 0.324967000000 0.327794000000 
0.026063000000 0.284005000000 0.238287000000 0.240853000000 
0.041398000000 0.242070000000 0.196435000000 0.199534000000 
0.034383800000 0.269068000000 0.223862000000 0.226493000000 
0.055840500000 0.219182000000 0.174699000000 0.177454000000 
0.054396200000 0.224522000000 0.179684000000 0.182421000000 
0.158220000000 0.115733000000 0.081571500000 0.083752100000 
0.035134300000 0.256318000000 0.210693000000 0.213387000000 
0.080280300000 0.182297000000 0.139541000000 0.142390000000 
0.297019000000 0.033787500000 0.018953700000 0.020125100000 
0.025754000000 0.295828000000 0.250082000000 0.252414000000 
0.218981000000 0.075794600000 0.049515400000 0.051268800000 
0.220024000000 0.068125300000 0.043457900000 0.045211200000 
0.152740000000 0.115853000000 0.080816600000 0.083351200000 
0.082044600000 0.174918000000 0.132692000000 0.135323000000 
0.306855000000 0.030373300000 0.016827400000 0.017992000000 
