4.040790016920671 7.667993697152866 145.56194036426774 
2.503653123217547 9.851612869083084 23.045602813965026 
2.887459466553449 5.363893403887423 199.56007233041123 
2.0 2.0 0.6704629012050345 
2.2956628526683995 2.0 0.7184677007813518 
2.0 64.70436050195013 0.07732518493224916 
2.0 2.0 0.5163543655068037 
2.3496340293628877 2.0 0.6178905676041181 
2.0 2.0 0.2433810765360424 
2.0 6.949832582569563 6.094603028296755 
2.8701598752419932 19.235913061388594 0.24110292597002347 
3.2014861778766672 2.0 0.011364302748806843 
4.4134049456070485 9.549198100828221 148.42293300329428 
2.0 46.696364957175206 0.2482049160988219 
8.005994023425252 2.01646932111245 7.647368811291983 
3.041377631683136 7.907055054927949 196.42828464004043 
13.140652478095317 2.0 1.2870532141146944 
5.293871819282604 2.0 2.658004460737269 
13.346026931794773 2.114433643160206 3.5467744281315987 
5.095086743874903 6.607148856606263 0.21964623499123004 
95.06556338953169 2.558686471805062 0.46034081628843077 
14.52357757764852 2.0700623185768787 0.7870380475962215 
14.814454410127706 2.0 1.3041011680574446 
10.285422220671325 2.005096177097047 1.1829092178248861 
2.6809094495054615 6.476790058275258 39.572668275365274 
2.0 2.277113364234098 1.20380402128262 
4.184785137980853 2.1236225613862243 0.5420258405644487 
3.234581039753201 7.6176649415452236 11.167016842092712 
13.124465165979174 2.0 6.825179438606635 
13.714289057736323 2.0850301330910654 1.3056437671050745 
2.0 2.0 1.7847423754793152 
2.0 9.598497051898036 0.3473665109832105 
3.9786726268478545 74.52596032708098 0.3715051747077931 
5.59827507814767 2.2799925936896295 0.22615023665850792 
4.636692745578255 2.0 0.5706945567322905 
2.0 2.130851365813294 0.6840948621670224 
5.35754912955934 2.0 0.012899235676994358 
5.705862555286164 2.4826725848572857 10.853147668665255 
2.0 35.33475625646333 0.430643032861628 
25.33280849145601 2.0 1.588923140727804 
2.0 2.0 0.6417412484879286 
2.8428902780133574 2.1017090906729203 1.085657529444162 
4.233867960205361 2.088780331923505 0.727561631776332 
5.203902885935699 2.013955901875693 0.8545867891195233 
4.537845547513484 2.103869323673484 1.3980728609373974 
13.264972246545227 2.119698961369493 4.284341136532181 
2.0 2.159374784869876 0.5907377863480618 
6.42449752082639 2.081031055547143 2.888256517957138 
4.31489273118485 2.0908170214647495 1.1943235258547507 
2.0 2.326347675187541 1.7128270853445686 
5.685258847776799 2.00877215443659 5.20949647875352 
3.9465630518812143 5.0611511954926796 10.891377494520453 
2.0 2.0 1.312923940970109 
3.67534480353605 2.039164461568256 0.5181371922594679 
3.2932873878877267 2.333760888011009 2.044136393166466 
2.0 2.359779551581551 0.4749162410090071 
5.9215593628547545 2.399273643334193 4.809492092481425 
4.8057079317161655 2.2839893239670785 1.079118396659971 
5.929941963931768 2.006334338827394 3.7666319513876783 
4.377732080717849 2.2439437696269167 1.887253184943336 
2.9033931404306728 2.155362172788482 0.9553917668189411 
2.0 2.4095466984926968 1.6909731822199996 
4.969483492837673 2.0904045418749604 0.8296806916286715 
5.459323074566944 2.0 2.2836403444067557 
9.761914421303537 2.1372941443536924 1.1385474331598133 
15.290222626729946 2.1629217800890785 4.413538578428719 
4.140077778294511 2.322639590577241 2.104519298938185 
2.0 2.0 1.537829830510883 
10.97639331064405 2.0497591786987615 0.9100099983191978 
3.2107684519738564 2.16477838591812 1.1619573226707738 
2.6221017804971907 6.2710293452986345 0.08192930497063979 
12.134156261824556 2.0 0.4301536060333886 
3.835620420563925 2.085338155242231 0.3328123797946043 
8.353163511328683 2.0 3.78751812257849 
2.0 7.185906044559747 6.551675243116032 
10.904165546771317 2.0035778796051096 1.8379647110439892 
13.929537859346212 2.3842030808236943 2.2247984368242926 
10.813276402457657 2.375151226639238 6.157549131779813 
4.824823522033189 2.3237483430303163 2.3716194528997216 
2.698474345605998 2.0 1.1462981266126184 
8.303639201474013 2.2402636143011194 2.622859545750285 
14.668435009797847 2.2009067271159335 0.21781584129108555 
3.170350504663766 2.3360188683042287 1.8585846289617614 
23.356195763490977 2.015599279820849 1.6456886634069394 
2.534471901451318 7.714011659346756 6.527674015131988 
6.168889050389211 2.2581613938944325 3.8104914433932837 
4.732086226829497 2.4788144982527665 2.8279577820369806 
11.503520315669697 2.053613703411027 3.2951514299300184 
7.671078466825691 2.259456326514512 2.4502499143016645 
5.662512931436397 2.1448073651442603 2.4930587692704 
8.61922544855052 2.045062061058982 1.3916216347223491 
6.398651501813507 2.0 3.0393024418580823 
4.367076633607337 2.3013123631949437 1.9723199336973642 
4.586868997804034 2.0337340504850556 0.7323848421318753 
8.039450672898905 2.0 4.430504435418908 
8.841894010923626 2.049614595740506 1.084570585645468 
2.6424786706400605 2.256791457336247 1.0204954886284539 
2.0 2.085269716231915 1.3758359202501729 
4.650505027211388 2.1454775333092706 1.8742895990333164 
3.7536927749119178 2.3049582603778975 0.7064805790665489 
