0.004617690000 0.178078000000 0.151364000000 0.157711000000 
0.005998610000 0.169216000000 0.142806000000 0.149124000000 
0.005019660000 0.171553000000 0.144781000000 0.151077000000 
0.091982400000 0.045519100000 0.034822200000 0.037103800000 
0.019039200000 0.118771000000 0.093975400000 0.100451000000 
0.180478000000 0.014598300000 0.011272200000 0.011893400000 
0.152884000000 0.020374900000 0.015794400000 0.016502100000 
0.033610300000 0.097946000000 0.076292900000 0.081763900000 
0.068627400000 0.061429300000 0.047046500000 0.050366900000 
0.210700000000 0.007418140000 0.005803510000 0.006075700000 
0.218821000000 0.006297080000 0.004910320000 0.005161000000 
0.258844000000 0.001532330000 0.001126210000 0.001216490000 
0.018321500000 0.123763000000 0.100597000000 0.105584000000 
0.029524800000 0.103269000000 0.080703800000 0.086504600000 
0.114926000000 0.033370300000 0.025585300000 0.026849400000 
0.024289100000 0.109125000000 0.085693500000 0.091765900000 
0.014871100000 0.133684000000 0.107182000000 0.114217000000 
0.023908600000 0.112763000000 0.090876100000 0.095461700000 
0.104269000000 0.039827000000 0.030543000000 0.032109300000 
0.192824000000 0.009786310000 0.007868920000 0.008192000000 
0.021222100000 0.114606000000 0.090403600000 0.096696200000 
0.119943000000 0.031883800000 0.024444500000 0.025800400000 
0.018971000000 0.122679000000 0.099624100000 0.104581000000 
0.041194000000 0.089139400000 0.069431300000 0.074368600000 
0.015575400000 0.127307000000 0.101458000000 0.108264000000 
0.263812000000 0.000635677000 0.000442455000 0.000476968000 
0.011941000000 0.138575000000 0.114318000000 0.119851000000 
0.071891300000 0.055378500000 0.043027600000 0.045378900000 
0.121685000000 0.030699600000 0.023565300000 0.024845000000 
0.148120000000 0.021930700000 0.016963700000 0.017751100000 
0.042511900000 0.086657100000 0.067376100000 0.072174400000 
0.015210600000 0.131629000000 0.105303000000 0.112252000000 
0.250005000000 0.002422020000 0.001822630000 0.001975970000 
0.133347000000 0.026575200000 0.020482500000 0.021521000000 
0.007573600000 0.161354000000 0.135489000000 0.141709000000 
0.173988000000 0.014564000000 0.011362200000 0.011835200000 
0.099848300000 0.044016800000 0.033594700000 0.035831400000 
0.213377000000 0.006703100000 0.005358800000 0.005592290000 
0.011579500000 0.145636000000 0.118168000000 0.125503000000 
0.147803000000 0.023857300000 0.017775100000 0.018693200000 
0.093589800000 0.043894100000 0.033699900000 0.035388100000 
0.172973000000 0.014908600000 0.011635800000 0.012116000000 
0.184168000000 0.011221000000 0.009003920000 0.009384920000 
0.055199600000 0.075030600000 0.057759600000 0.061942800000 
0.026397200000 0.106355000000 0.083871000000 0.089591800000 
0.086137300000 0.051587200000 0.039441600000 0.042173500000 
0.077401600000 0.054307100000 0.041550700000 0.044414200000 
0.087885900000 0.047770200000 0.036525700000 0.038943000000 
0.237581000000 0.004318300000 0.003359530000 0.003627690000 
0.026809200000 0.104870000000 0.082564900000 0.088248000000 
0.037395000000 0.093136100000 0.072758800000 0.077864700000 
0.066530200000 0.061924700000 0.047909300000 0.050365200000 
0.031741100000 0.099854800000 0.078367300000 0.083800200000 
0.043079400000 0.082824600000 0.065001700000 0.068423400000 
0.013319000000 0.139554000000 0.112581000000 0.119770000000 
0.039094000000 0.091193800000 0.071115400000 0.076159300000 
0.142209000000 0.023786700000 0.018351200000 0.019237200000 
0.053833000000 0.077030000000 0.059342300000 0.063637600000 
0.025260400000 0.107557000000 0.086055300000 0.090575600000 
0.058217500000 0.068086300000 0.052902600000 0.055643900000 
0.253985000000 0.002196530000 0.001681870000 0.001832570000 
0.125130000000 0.027740400000 0.021737200000 0.022808000000 
0.033803500000 0.096984400000 0.075965500000 0.081281600000 
0.051832200000 0.078816800000 0.060764000000 0.065181000000 
0.231657000000 0.004560150000 0.003585020000 0.003766760000 
0.089837100000 0.047794600000 0.036839800000 0.038721800000 
0.009483810000 0.152040000000 0.124876000000 0.131510000000 
0.008257870000 0.156986000000 0.128872000000 0.136218000000 
0.010978200000 0.149222000000 0.121548000000 0.128736000000 
0.010604900000 0.148930000000 0.123927000000 0.129863000000 
0.061528200000 0.068278800000 0.052408000000 0.056185400000 
0.160398000000 0.018046900000 0.014012100000 0.014615500000 
0.048689800000 0.082375500000 0.063579100000 0.068207300000 
0.032547000000 0.099288900000 0.077899900000 0.083305100000 
0.006753920000 0.161810000000 0.135783000000 0.141947000000 
0.227287000000 0.005074260000 0.003974880000 0.004166960000 
0.272145000000 0.000541215000 0.000341196000 0.000373772000 
0.008926390000 0.153392000000 0.125478000000 0.132760000000 
0.057765500000 0.072871100000 0.056033800000 0.060087900000 
0.163756000000 0.015844700000 0.012648600000 0.013215600000 
0.136012000000 0.025865200000 0.019918600000 0.020926800000 
0.070504200000 0.057164600000 0.044406600000 0.046842700000 
0.243073000000 0.003201410000 0.002418560000 0.002595260000 
0.078938500000 0.051295900000 0.039992400000 0.041902400000 
0.046517400000 0.082660200000 0.064124700000 0.068714700000 
0.180857000000 0.011886800000 0.009533790000 0.009932420000 
0.142054000000 0.025135300000 0.019234800000 0.020323600000 
0.129778000000 0.027802300000 0.021352300000 0.022464500000 
0.191551000000 0.010205300000 0.008198990000 0.008543880000 
0.073667500000 0.054836000000 0.042626200000 0.044933700000 
0.222598000000 0.005611950000 0.004331390000 0.004593520000 
0.114593000000 0.035769200000 0.027305100000 0.029011100000 
0.109024000000 0.038863600000 0.029695500000 0.031244000000 
0.099885000000 0.041154700000 0.031489100000 0.033478700000 
0.012695300000 0.140356000000 0.113303000000 0.120514000000 
0.065177900000 0.066050900000 0.050739400000 0.054385000000 
0.280050000000 0.000056943000 0.000005181220 0.000002962660 
0.013761000000 0.134344000000 0.110088000000 0.115421000000 
0.273710000000 0.000182073000 0.000105749000 0.000108338000 
0.199172000000 0.008723520000 0.006982670000 0.007266860000 
