2.442498955912516 16.739621272104998 236.54165796670816 
2.0 7.026579347776988 256.0 
2.0 8.713583399315498 240.45180383000067 
3.205326300843934 2.0 1.2173616359901303 
3.376532570262361 2.3183211635094274 2.084594401673082 
3.8559633967086087 2.0022789693138923 0.7799556893057227 
3.455599466929707 2.3673558944715603 0.8969936294087439 
2.9119214694354727 2.0 1.7772438759336011 
3.3674861564172196 2.4533783866264796 1.3755441728847129 
3.1994003952105032 2.072179981282771 0.6235278496336583 
3.369091567257002 2.300952095100732 0.5857407676906505 
3.4310611271758686 2.0148054674268723 0.34844409621459627 
2.246947373051696 9.474947378049107 2.2195296023246245 
2.9274022369759063 2.0 1.846689072320778 
2.358234343716194 4.549794899174568 1.0736908918481218 
3.0012069733020588 2.0 1.9304598306022136 
3.0293386762487335 2.0166618779980356 2.384401182313994 
2.0 8.956054190580131 2.0179212555858683 
2.1872886928495205 7.303595532437127 1.139753620152516 
2.280479548090214 2.0448233994217833 0.716402938228768 
3.12137923154586 2.0213032552661327 2.0126809121655205 
2.536135548753358 2.0 1.0598152070807492 
2.3411846924894446 9.439551454008287 2.1783228868324285 
3.8945345526223214 2.0 1.6641850683392705 
2.806670286301189 2.4451679766805077 2.242004342767874 
2.0 12.548527363552328 0.2359050176243107 
2.2245279442719563 6.786458879381392 2.5823300946931766 
2.0 2.0 1.3163522311715963 
3.3725952893625943 2.0 1.0428056417989153 
3.205951489278424 2.0986483686544917 0.9184755560662775 
4.239467813469054 2.0 1.6298063314110236 
2.9674212808270757 2.0 2.3288728265277143 
3.333453202536493 2.2111029511857483 0.40450127516583845 
2.6028081321887786 2.2658721380129507 0.9861769119158919 
2.0 11.491221881622783 3.3765730984346214 
3.1120464527556475 2.0 0.7959692917924218 
3.5096492001320794 2.0 1.1838268824894784 
2.311389216652679 2.256197615357706 0.6313339619004997 
2.7720513297016875 2.364424115820165 2.706853220567662 
6.38584912707007 2.4838809956842374 0.9182083086993655 
2.342212115812382 4.60762405750819 1.182691338628376 
2.8867716651746793 2.0 0.8028628520244127 
2.0 2.283751969894703 0.7513860961375167 
3.2603510316171507 2.0 1.5184572294312073 
4.013310479010115 2.0 1.8960167494235964 
3.864089165160663 2.0 1.262051838611452 
3.0139860273538046 2.0 1.3075499778551034 
2.78136573876702 2.339042439275228 1.2340951445059043 
4.021131856348764 2.0 0.4850788368931317 
4.019616510110444 2.212945004468933 1.8806731858934649 
4.342861286805377 2.0 1.7098613167443877 
2.0 4.683496980199228 1.383322292046156 
4.163587511395725 2.0 1.8104629842354374 
2.044380560240586 4.766347346413482 1.6128649105744342 
3.173796897103102 2.0 2.531038590277666 
3.5196666438335784 2.431694764759632 1.6901419503690065 
3.2840740965755923 2.319698918219918 0.9467508404639311 
2.961450421710879 2.220080546208449 1.5376084541232051 
2.0 5.125759862374752 1.9254909423499442 
2.0 5.066995815727436 1.4388836085488546 
3.869441710791599 2.143768455908869 0.3667957600429368 
2.0 2.0623282064293207 1.0224191378962442 
3.9903582701030027 2.0011766042597268 1.7664298497853137 
2.9804523739429176 2.210547616763793 1.5532585665965324 
2.0 2.0 0.5498822941926783 
2.0 7.386393528003754 1.2180881422045493 
6.683237349011035 2.3487791056462215 2.9438482975557796 
5.898031197985751 2.0 3.0279747325118365 
5.953103919826689 2.0254706209893043 2.7587788730916176 
2.2197523828050687 10.68824388784885 2.8178986632797858 
3.1521837501400087 2.0569772869077756 1.449171108941072 
2.703402157767637 2.344061577047512 0.8585828628516853 
3.0227168362916186 2.2009328566813866 1.59382378420617 
4.0093530619072055 2.1779533963045594 1.7947581280270133 
2.0357590945748476 6.794891124374621 3.5563506499483086 
2.4077362359035552 2.0523450843169124 0.5677949629950805 
2.0 6.74195353938532 0.23976525087474798 
6.418386222226442 2.0294503975023646 2.893248061768722 
2.8268526859950254 2.0 1.491839033674731 
2.0 2.3218331455897205 0.8437765099687133 
2.5491463206705705 2.4656581987862505 0.9831126806981616 
2.0 2.0 1.3349959135210583 
3.27538467935551 2.035001739393806 0.45748735337169455 
2.0 2.838610829578217 1.2797839408295415 
4.044218047089762 2.0 1.5906909616203353 
2.0 2.314282857657512 0.7669679653930437 
3.802007500309121 2.0 0.954327092131328 
3.381348969554316 2.3291299973248805 1.002269813900926 
2.084467717656128 2.0187203486205902 0.7263193623210805 
2.0 2.0 1.3092278370514179 
2.442661769499774 2.5489778506634315 0.5845535726627975 
4.173129205869125 2.255832008665377 1.086686845514502 
2.0 7.810262582735328 1.1076134512524434 
2.73764471075442 2.234057593592006 1.1711833769011593 
2.8197617215477564 2.0 2.5538211509944313 
3.8730469583816847 2.0509153947929177 1.4069819974072544 
2.282047791274449 2.0 0.09176161708342656 
2.0623510752813816 9.492936768876348 2.4283694430777656 
2.0 2.0 0.16409737548023884 
2.054648622904545 2.039776153421565 0.6905504103338101 
