2.0 2.0 202.84489394643637 
2.0 7.655132812720149 256.0 
2.0 3.8743286774587773 202.88952281549885 
2.0 8.534074863052766 256.0 
2.0 10.766831294945273 120.63412403787363 
2.0 5.7782809772468795 232.75879213282622 
2.0 12.674394177959025 146.51191237544907 
2.0 14.559513396429097 256.0 
2.0 3.298701687936749 243.9708986350828 
2.3672602024023623 29.59860407009953 221.3321203247349 
2.0 23.461548346139548 213.41150095388468 
2.017476522334051 20.79072169556133 203.98887021128164 
50.86689480381911 2.0 170.62537033359263 
2.0 27.828073224596135 16.79722185596495 
131.36057019202724 2.3341129454216856 2.077848218564771 
120.84500275777889 2.405485591467808 0.9991193834469589 
247.8450027577789 2.2183362093808006 2.0014074163381808 
233.1259313847575 2.0 1.1309535432447717 
165.18688016436383 2.2961006574795957 1.3121160239610234 
134.0377945003455 2.391061908174702 1.6834521742595405 
256.0 2.0 0.09149654787597683 
138.1088508656687 3.285932948098046 1.5913274873307044 
