18.020221263403695 2.741396726883244 97.92959925587184 
2.0 20.11366947483055 256.0 
2.0 17.86171443720857 188.3049218654365 
2.414353937257209 23.291861576550033 210.15112500170454 
2.0 19.421323698512744 256.0 
9.537045100021263 2.051641250939677 2.577967339085866 
2.0 2.0 0.00437466396421371 
18.0785796482841 2.0 0.31595504324126544 
15.220985818074347 2.090693777487112 2.799137329900989 
17.250406013003914 2.0376212061932866 2.3907630415552443 
28.366259416215087 2.627617109694519 15.05768402572276 
26.445470070791945 2.0 1.0042188027296566 
30.019194050392176 2.5014902344930263 12.378799512649827 
2.0 2.027418789761897 1.4972211596911136 
42.13230556461155 2.189280801904421 2.7669699416733797 
27.99319825979592 2.0976978609622616 7.95437502908891 
2.0 2.0 1.5730794719501093 
2.0 2.0 1.2479077313532891 
2.0 2.036941429550524 1.3171746833491658 
35.49964490512627 2.0718741512466354 1.824928769669705 
25.678156306772976 2.000172031291882 2.912111085910909 
2.0 2.0 0.9249637867033063 
26.241233269699684 2.0 3.844624122585536 
3.940725048596696 2.300962600961223 3.934771897871986 
19.56589131803328 2.0 3.36496259172353 
19.771160409269758 2.252137224110857 4.016886354592259 
26.40509075014989 2.086809175975616 3.539693833774539 
17.908534137121272 2.2494522175722373 2.166694953170277 
22.266570324871374 2.3395477780977627 2.973979010779578 
20.235096988186758 2.0722053016965907 2.2970846093996213 
26.643244191370616 3.460607517457404 8.592619862820476 
16.589767448345007 2.2640492349952663 2.0145045899045266 
12.944224138914576 2.3448752395111794 5.851155239284894 
10.419130635587116 2.0302734572824996 1.007367144867739 
28.037662115885308 3.3511343931451396 86.90532080668049 
7.539401089574 2.1182392648668085 1.728004751668386 
17.799220183134565 2.279183658560558 5.100222926761145 
13.00389881544774 2.1942920007958873 3.6358846672385567 
20.17935914141647 2.0180222617623915 3.2323381599994794 
42.28405034303344 2.262461400640609 3.088062881863733 
2.0 2.0 0.5416605185778333 
20.2969092353936 2.005068336105099 3.019487502956594 
27.866163795518062 2.462716737533469 6.123660825321373 
2.0 2.0 1.2122114452078099 
2.0 2.0391398573137822 0.7906175021823105 
2.0 2.0 0.7478725404612738 
2.0 2.147801762455673 1.4424214194772138 
16.904877420812365 2.210148116040185 1.8710498767859978 
2.0 2.0414409908368603 0.8312915203305005 
2.0 2.0649713106162833 0.7011721510347204 
2.0 2.0005429479647954 0.5851009893626835 
8.891901721173191 2.0370732904802757 0.8164211761140222 
3.6488433817777066 2.036320086763929 1.6207040729505142 
2.0 2.0 1.446787007522955 
2.0 2.1849347656280695 1.0123356457266355 
21.095209498585795 2.0956416066366663 1.6270825384399727 
19.114194369087926 2.0247686722310405 1.944055077680321 
4.377904358292147 2.0 1.66433498880903 
2.319853512792168 2.0 0.9609852839818672 
7.458245674547206 2.165447702650049 2.1595171492750023 
13.085139834384437 2.734445018317784 48.87781321720836 
7.1451074517237725 2.14918529439453 2.0334719237783956 
2.0 2.0258055489534463 1.5468940916573797 
2.0324955192793723 2.0037944603849387 0.6289836259329137 
2.0 2.0 0.9871691589656882 
8.452534579499034 2.067896438233824 1.3115774453513995 
8.166463805537191 2.3275681658096934 2.5109855782523276 
2.014838402356501 2.436608393461851 0.4682002354458732 
2.0792918324622147 2.2540894264699785 0.8645436743268742 
2.0 2.021705519531864 1.6337031460141238 
8.64261448086306 2.1696143098821956 0.16783781412458 
2.0 2.2301093226723245 0.7161183023276345 
5.577932587619232 2.3926960056101514 4.9395545177683085 
8.428815640457302 2.161269028012435 1.0701603542015399 
4.2519486872565775 2.0868454831755208 2.359275396750598 
2.0 2.038712588981442 0.5010500284659762 
2.4981502370931414 2.0125531424656518 0.667084434730633 
2.0 2.0 1.32812893937668 
43.70050558619717 2.399662115503732 0.32632591093972413 
28.385974109300655 2.0 1.2862086253114233 
2.0 3.527408945445954 1.0866961095893592 
4.4251252842079385 2.127859420713791 1.7230756016752637 
2.0 2.0 0.27620241864310424 
4.772901713329187 2.0 2.7583460552194845 
5.292970609160191 2.178064008938634 2.238068403422187 
11.254513009104905 2.2107088416691125 0.08533683561500338 
21.592362799725823 2.0821339019188145 2.0229893373229015 
2.0 2.017452752102814 1.6404804337965389 
2.0 2.0 0.42613888661051647 
2.0 4.462338930005133 1.1495353744987824 
26.68678447820682 2.581706487468144 9.601774694662335 
14.540822933391741 2.1420290628385548 1.759528463792265 
17.400228732893527 2.059775796815112 1.8977082078305432 
27.481374538447525 2.1881649843207973 5.637830816746359 
2.0 2.0 1.527242330438484 
2.0 3.6684839302721453 0.5321553944754562 
5.558890383612379 2.214621525684236 5.645222816727973 
45.81909858251717 3.0803975854792522 15.151578466863189 
4.927353886254599 2.0430757269118107 1.776219305640264 
2.0 2.0601924828502836 1.043740021428771 
