0.068435200000 0.331995000000 0.285417000000 0.291205000000 
0.055630200000 0.355949000000 0.309333000000 0.311169000000 
0.059049600000 0.351381000000 0.304520000000 0.306381000000 
0.489407000000 0.018890500000 0.012169400000 0.013921100000 
0.061524400000 0.346207000000 0.299124000000 0.301142000000 
0.481740000000 0.020780700000 0.013451000000 0.015347400000 
0.464355000000 0.026008900000 0.016908600000 0.018295300000 
0.276628000000 0.119837000000 0.089266400000 0.092215300000 
0.076541900000 0.312784000000 0.264847000000 0.266742000000 
0.045587500000 0.371936000000 0.326518000000 0.328976000000 
0.066417700000 0.336690000000 0.289908000000 0.296164000000 
0.520626000000 0.008471820000 0.005327750000 0.006587690000 
0.252087000000 0.127625000000 0.097015200000 0.101257000000 
0.040610800000 0.457611000000 0.427901000000 0.441333000000 
0.090012100000 0.261878000000 0.221717000000 0.230565000000 
0.082721700000 0.310126000000 0.261746000000 0.262259000000 
0.022265000000 0.488567000000 0.461912000000 0.473070000000 
0.258608000000 0.123504000000 0.092194500000 0.095067900000 
0.400865000000 0.055325800000 0.037904300000 0.040273000000 
0.389146000000 0.060605100000 0.042072900000 0.044599200000 
0.201295000000 0.158156000000 0.123642000000 0.127546000000 
0.031065900000 0.474990000000 0.446235000000 0.457485000000 
0.301810000000 0.110383000000 0.080199800000 0.082095400000 
0.076723100000 0.300620000000 0.261010000000 0.270505000000 
0.041523900000 0.449974000000 0.423187000000 0.443907000000 
0.408868000000 0.051379300000 0.035170500000 0.037392600000 
0.452252000000 0.033265200000 0.021840100000 0.024109300000 
0.033853500000 0.470327000000 0.441836000000 0.454386000000 
0.367740000000 0.072618300000 0.051167500000 0.053570000000 
0.470481000000 0.022593900000 0.014670300000 0.016484700000 
0.049793700000 0.365597000000 0.319655000000 0.321522000000 
0.460098000000 0.029177300000 0.019085100000 0.020949500000 
0.157090000000 0.188298000000 0.151239000000 0.156075000000 
0.045320500000 0.375766000000 0.330587000000 0.332712000000 
0.325617000000 0.088716100000 0.064356500000 0.067975300000 
0.500477000000 0.015140400000 0.009598570000 0.010714800000 
0.351084000000 0.077763900000 0.055385400000 0.058544900000 
0.058199400000 0.355273000000 0.309776000000 0.316553000000 
0.035610200000 0.466865000000 0.437920000000 0.450850000000 
0.379032000000 0.064894500000 0.045333800000 0.048402900000 
0.124678000000 0.215459000000 0.176820000000 0.183138000000 
0.303596000000 0.099743000000 0.073679200000 0.077519800000 
0.037647700000 0.462626000000 0.433237000000 0.453529000000 
0.115685000000 0.224160000000 0.185122000000 0.192000000000 
0.088291600000 0.263111000000 0.222945000000 0.231880000000 
0.054619800000 0.363253000000 0.316556000000 0.318142000000 
0.048381300000 0.368654000000 0.322905000000 0.324845000000 
0.392954000000 0.054725100000 0.037576600000 0.040461100000 
0.085172700000 0.269276000000 0.229097000000 0.238173000000 
0.322881000000 0.089787400000 0.063865500000 0.065650100000 
0.288279000000 0.108522000000 0.080552500000 0.084023600000 
0.069523300000 0.329046000000 0.280911000000 0.282501000000 
0.022686500000 0.484227000000 0.457911000000 0.470210000000 
0.146533000000 0.196121000000 0.158539000000 0.163813000000 
0.188222000000 0.174386000000 0.136195000000 0.142198000000 
0.029473300000 0.478503000000 0.451430000000 0.462883000000 
0.207403000000 0.150122000000 0.117751000000 0.122955000000 
0.103640000000 0.240567000000 0.200810000000 0.208562000000 
0.042805700000 0.379971000000 0.335220000000 0.337734000000 
0.164690000000 0.179354000000 0.144205000000 0.150478000000 
0.278442000000 0.109362000000 0.081918000000 0.086017300000 
0.219291000000 0.140215000000 0.108866000000 0.113718000000 
0.415424000000 0.048907200000 0.033232400000 0.036057900000 
0.239342000000 0.128949000000 0.098940900000 0.103484000000 
0.084569900000 0.278170000000 0.238013000000 0.247392000000 
0.417128000000 0.044366300000 0.029844200000 0.032498700000 
0.201725000000 0.154447000000 0.121601000000 0.126897000000 
0.310287000000 0.096032700000 0.070518900000 0.074320000000 
0.235468000000 0.132492000000 0.101996000000 0.106578000000 
0.028378500000 0.482216000000 0.455471000000 0.466736000000 
0.094531100000 0.253069000000 0.213021000000 0.221504000000 
0.215000000000 0.145173000000 0.113335000000 0.118331000000 
0.558337000000 0.001907870000 0.001233010000 0.001738200000 
0.507074000000 0.012230600000 0.007465870000 0.008199540000 
0.068755100000 0.320680000000 0.275589000000 0.282919000000 
0.101628000000 0.242905000000 0.203079000000 0.210980000000 
0.341296000000 0.085441400000 0.060432400000 0.063859200000 
0.195081000000 0.170603000000 0.132795000000 0.138542000000 
0.135205000000 0.205788000000 0.167684000000 0.173487000000 
0.062842800000 0.339468000000 0.295097000000 0.302540000000 
0.543513000000 0.002770330000 0.001754240000 0.002205350000 
0.080588800000 0.293886000000 0.254003000000 0.263534000000 
0.072334300000 0.303377000000 0.263372000000 0.273623000000 
0.266216000000 0.120046000000 0.089135500000 0.091901800000 
0.042187700000 0.382247000000 0.337651000000 0.339905000000 
0.144053000000 0.204787000000 0.167714000000 0.175105000000 
0.437366000000 0.042296900000 0.027363100000 0.028233400000 
0.529325000000 0.005456740000 0.003482080000 0.004618240000 
0.299169000000 0.108112000000 0.078807800000 0.082722800000 
0.098162200000 0.245897000000 0.206057000000 0.214152000000 
0.169679000000 0.175897000000 0.139729000000 0.144065000000 
0.347544000000 0.082829900000 0.058401000000 0.061987200000 
0.151110000000 0.192900000000 0.155590000000 0.160704000000 
0.360449000000 0.074092900000 0.052495400000 0.055573100000 
0.427513000000 0.042294300000 0.028329700000 0.030747900000 
0.315220000000 0.092749900000 0.067529200000 0.071051600000 
0.374497000000 0.067541900000 0.047391300000 0.050465300000 
0.446255000000 0.038707700000 0.025536600000 0.027880500000 
0.041161500000 0.456445000000 0.430740000000 0.450469000000 
0.114745000000 0.226981000000 0.187776000000 0.194796000000 
