13.875124162634918 2.0695703463809583 4.562429765136577 
72.47165410409666 2.0 4.901249917143718 
70.72173562949405 2.075560287951492 4.788605974450816 
27.6023850193723 2.1043760370238513 0.3146086413857641 
71.52757111602808 2.0 4.585298713471101 
24.40368550327097 2.004950537325971 0.37268781148797864 
8.825044804895896 3.2194171754893492 0.4787466638173046 
7.288621987043967 2.265101014468738 1.416294337093174 
89.17018807000196 2.0 3.6740747518194237 
60.6786810365043 2.3989791092373967 5.612394739279445 
13.345146691776073 2.0837915248679972 4.741892651124961 
4.8079870195701035 2.0 0.21197082215698515 
2.0 2.1533834241175915 1.715400860501222 
34.28138759942162 4.011913706628286 8.483155603208985 
4.7136862258156125 2.1619283005709256 3.5632689470477024 
122.1979202463026 2.0 3.4935231384630088 
31.71176524578089 3.910893315239755 14.80545515313431 
2.0 2.5599158243095155 1.5389077772916102 
14.206266814442019 2.05839256272197 0.7442818251834371 
11.408635233434063 2.1472758250456714 0.8202437690925763 
4.613119410705431 2.3626890263208677 1.935570744925404 
24.472599345637235 3.5201366195164954 11.513379567776305 
16.670856885573826 2.235285622317214 1.2250315997974344 
4.999702258998926 2.3405820164947246 4.803197741810124 
7.028331591898356 3.0103633566003136 15.218696264262288 
59.414597315164734 2.0 0.7089592082317859 
2.0 2.0 0.6440051223110501 
45.759093699437585 4.161697912038468 9.790748747970087 
13.327300942354805 2.109629005939461 0.918553557526977 
10.062409802656592 2.0 0.3917657057992151 
64.45496536334664 2.404828352804878 5.284753037449794 
17.44752882286713 2.1590933261420924 0.46419216925093437 
4.848004177683775 2.1259980834153485 2.300380377176364 
66.26910847685731 2.1854823793199682 5.672467306512139 
3.8188062617366807 2.001711365700733 1.1786407548901257 
16.77203798001503 2.572883395584908 0.3251428087269508 
2.0 2.0 1.162786192806463 
13.312800432606176 2.2800004612597315 5.570737486343317 
49.16728440469656 4.024468232000385 9.378373144354445 
2.0 2.0 1.019282050146562 
5.178748920197881 2.078676466467042 2.687178286493008 
3.55110760311106 2.0 1.3070381891641445 
13.318117422777027 2.940990595989547 12.149888464084635 
5.226697528771677 2.3588275479273646 2.832271622072399 
4.717102600492684 2.1644523686572965 3.6058413894433543 
78.4258581212308 2.0 5.118932369918044 
67.33504247333482 2.1704489008242653 5.4727603196701535 
2.0 2.181166011494489 0.9019548035913679 
5.023868186273006 2.4898657752897377 3.7614607861210754 
2.0 3.018320460988944 1.201035867707488 
5.0200993210084786 2.1147318167833458 1.3965482672380312 
81.43832985024918 2.1354858456263224 3.991727878775551 
41.29715746147152 3.625598240482078 13.465317835895167 
4.8814185296230015 2.042885053050329 2.411657411371178 
3.4122962656221034 2.1333108568176495 2.234294908505114 
28.979559969384724 4.115589580979557 12.538077594357029 
4.346827387153364 2.210563443869394 1.8951414806020372 
4.633613077642468 2.3507485791361877 3.1173143509475087 
57.49424649065662 2.3339910064899043 6.078734709585104 
4.050471984145809 2.0 2.241082150795087 
3.872986047101155 2.429594895272375 1.4161458700459475 
3.9907507219269247 2.0 1.7752562455767067 
2.0 2.2486361142453 0.8353542013625943 
3.9105476828317625 2.2568725790773807 1.656231621309086 
4.750845616428883 2.0561547249801717 4.027290285031601 
2.0 2.366567367773637 0.7763329495991398 
3.74300188231412 2.0136863717364304 1.943207937146306 
4.3415478969100745 2.0237439092716545 1.2680094574938956 
3.5161426471832256 2.022761458063941 1.6790345703375058 
27.663618890809822 3.690421676725058 13.499151784038986 
5.200325260151238 2.4399427891251917 3.360676980169017 
4.271340249687903 2.1672369382515435 1.841778557152468 
5.479184198758061 2.1184024926737233 0.0015030975181078432 
2.0 2.6525174850924946 0.33109349726238824 
8.849556068063997 2.4711797650701186 4.501581690393707 
4.71330510209777 2.2682004459491716 3.1477241860505347 
3.139970861975965 2.4171393454035024 1.2577579651918387 
3.491600896681298 2.0 2.172638711895238 
5.264430775870519 2.201148865766899 2.5381371991221395 
9.099725369670388 2.493330471549815 5.243133852316471 
12.372239873147887 2.082568890380894 0.022556172867762903 
4.99322177921977 2.188535463631394 4.517611263955074 
6.083652795890986 2.2388098956315408 4.608553215730376 
2.0 2.685699880913 1.5048171591741042 
68.3524722356456 2.2710095028331776 6.077983929249669 
4.175228910766993 2.2999346245027907 2.564076031322353 
2.0 2.9188011439079746 0.7290037643652132 
10.40720382468986 2.1113255972830456 0.1127376448098038 
3.0193645025878104 2.347510345390776 1.4760042162676426 
5.469773955661655 2.268631599857763 3.2162244609262105 
5.3545104433824555 2.0786068067337173 2.136834626389727 
2.9971303372326297 2.3269333498674767 1.2160668004521065 
5.333679172603121 2.1614698142205775 2.3667581414231904 
2.0 2.383022760578157 1.1258543640879735 
2.0 2.0739896315248822 0.7608409660965006 
2.2845454856439034 2.089309167940151 1.3300534489054177 
2.0 2.2518888468228186 1.0470701317024362 
6.432878288654882 2.0946711252239045 0.6192142959779146 
6.536113296545604 2.684771885052092 0.0 
4.908067306951644 2.3290061932807453 2.8673686424098648 
