2.0 30.926890004402182 101.4389088640477 
2.0 6.300873604130729 59.830229343064445 
2.0 21.144424599577818 76.73202549560358 
2.0 11.384891266939071 31.10429412136577 
2.0 8.38603713451191 83.32162070434441 
2.0 13.013388692227718 118.39908766250237 
48.580238966356774 2.0 37.313476533015944 
2.013001713310536 3.2790905563141477 25.029764259304287 
2.0 14.629020453065039 32.46699595688641 
2.0 23.411550386293193 129.49624561928533 
2.13388375566511 4.216074228813978 2.143958044154598 
2.0 2.0 1.412483696745821 
2.006299571804665 8.592931484295512 1.2686704904534447 
2.0 2.0 0.07910635680986644 
2.1131746315615167 2.0931996610458006 1.6221786815721506 
2.004991195712512 10.888266516413843 9.893335202354201 
2.1329175110511143 14.513582029386638 9.1335477608424 
2.1005531031453235 2.0 1.4347700574150821 
2.0061670519419796 10.41425357568956 0.8819647366636838 
2.0 2.0 0.17047280014304889 
2.0127495722054802 2.9139429843988713 2.8644267628943014 
2.1527285617146124 7.021204068258205 1.135379615727146 
2.0 2.0 3.847294979659428 
2.1817479586255195 9.093404116696101 1.5066586620682572 
2.065764338839856 2.9332708073902407 3.434039488045742 
2.112423645679945 8.344183197180724 0.2739333376943815 
2.07481500819954 9.93558949801342 7.022099958258186 
2.0742110755306338 4.864699558739514 0.39439707161091586 
2.429863524853227 3.552190030848345 0.5583460395388431 
2.234298613199123 6.150334531662453 5.338259141189981 
2.053996093202807 2.578497015615576 6.874624059212973 
2.0569689190964255 13.3380784477487 10.898733896121698 
2.134101610707904 8.75516415304541 1.0429727838332064 
2.0 5.135030247665007 0.8669291216169932 
2.1602241727208362 5.5486038321026 0.5993719605148099 
2.0259449332272412 4.057099895673206 0.3626429193548019 
2.0661108721953556 5.746604225498345 5.901765256631778 
2.057967142298398 2.230705747929062 1.1463977875781748 
2.0 2.0 0.4773704620373297 
2.1159346337800895 3.5670427628880352 0.833041155448899 
2.0 2.0 1.2914672571444834 
2.090456258449661 3.5147024053863447 1.7973923976688373 
2.0 3.0660551964116607 4.910051417253438 
2.0000688577999544 2.682623698603836 3.9210144535601197 
2.168061480067338 11.180010757506645 0.2443528655333005 
2.0 2.0 1.5068469943055287 
2.26860169035645 4.3087448920362075 1.9309818415949813 
2.16120985394342 3.703071241700551 0.9342188472977367 
2.0 2.0 1.3391985927102454 
2.0 2.6370355884158623 4.609364649177158 
2.1577619575959526 2.0 1.196246847725348 
2.156113582648221 3.8001816056623645 1.0810202080140907 
2.3188760598247207 2.6184777681958535 3.602961852092328 
2.014156398218066 2.11031855250719 0.8553238602687641 
2.2392951059908905 2.0 1.083377507701465 
2.0167466249576997 6.074813637746487 1.6612231911725228 
2.376708517810205 3.978544946060688 2.0961156105267986 
2.0 2.0 1.7248345115009691 
2.0067868555435484 2.3307871883642517 1.311831158355452 
2.0919226653762566 6.448955471894756 8.379809545470906 
2.0051478071091453 6.120136298312565 0.7131159114650256 
2.0 2.0 0.7798847907393388 
2.3153962429366484 2.070051323764548 0.508931963114684 
2.46795431722514 3.3550919205483503 4.043385057977909 
2.0 4.4835240494204065 0.9982015072811893 
2.154646465252387 8.686873976030757 13.787985952019655 
2.037612596369759 2.156857073402772 1.2384461689350919 
2.1671499385893043 3.000892893462303 2.5833627009617466 
2.0 2.0 0.03029763008292896 
2.0 2.0 1.5757236176594098 
2.2020509668905395 13.369717070529989 0.2793569346266742 
2.782360780170074 2.0 1.055687862120809 
2.180316837420379 6.406511578719018 0.7228336921979168 
2.1580733028496266 4.862880445514652 1.5759651013944458 
2.102409087712472 6.063734944856567 4.65755336501448 
2.0029016190978566 3.999056518085987 5.075996391741311 
2.185008059335575 3.54443129822927 1.2148391305345758 
2.174002878339622 6.838280388343557 0.22907354325107931 
2.0 2.0 0.22947074639726273 
2.1394325319716994 4.580756823025838 1.1009659574007118 
2.107599273389199 5.516150754552173 1.4987790131599548 
2.0 2.0 0.8284047131198036 
2.0 3.750133122525864 0.5167826359665972 
2.270416511610937 3.686922504087718 0.20918978410519884 
2.3206616146450023 5.809130577773816 6.990259418352563 
2.3148637570715143 3.8593591882795413 1.7585042254577827 
2.1260628379778534 3.7417481420619723 0.6829805190169083 
2.360711261050441 3.5241174285464156 1.4012573486332711 
2.0441512386155436 2.7578029178977923 1.7521133525131596 
2.2469864154872163 15.188337901601544 11.350864720579757 
2.329726626741973 3.806817714798285 1.8451427651250598 
2.000574287421295 4.556300498263553 0.46804132471658844 
2.189407877002433 9.674210812441999 8.55682020760833 
2.418207988280906 2.0 1.7830327480732027 
2.034847308929522 3.6530262168250776 6.139298097678992 
2.234948145203719 2.918230614284345 3.038645403252866 
2.0 2.0 1.5517481226674943 
2.070844495217737 4.11303320573162 0.6459711278879702 
2.394799395312039 2.1292653418629235 0.6573285299260812 
2.0739364636417914 3.537245011949498 1.0651002599132393 
