0.077695800000 0.611018000000 0.597676000000 0.604426000000 
0.079436800000 0.609886000000 0.596189000000 0.603169000000 
0.081233000000 0.606333000000 0.592507000000 0.599544000000 
0.076507600000 0.612844000000 0.599939000000 0.606440000000 
0.081260700000 0.606329000000 0.592494000000 0.599531000000 
0.077850800000 0.610983000000 0.597694000000 0.604421000000 
0.081162000000 0.608467000000 0.595244000000 0.602132000000 
0.072218900000 0.637495000000 0.624620000000 0.630142000000 
0.078307200000 0.610376000000 0.597016000000 0.603754000000 
0.075986400000 0.615238000000 0.602735000000 0.608978000000 
0.257834000000 0.230873000000 0.209141000000 0.236553000000 
0.098757700000 0.379800000000 0.357268000000 0.380719000000 
0.070150400000 0.642015000000 0.629924000000 0.634916000000 
0.083912800000 0.587826000000 0.572671000000 0.577804000000 
0.078565100000 0.610158000000 0.596789000000 0.603519000000 
0.070439800000 0.641557000000 0.629389000000 0.634323000000 
0.081347500000 0.600254000000 0.586535000000 0.591442000000 
0.072103000000 0.638891000000 0.626315000000 0.630913000000 
0.251076000000 0.252569000000 0.229658000000 0.257475000000 
0.071051600000 0.640407000000 0.628055000000 0.632843000000 
0.075848600000 0.615972000000 0.603565000000 0.609729000000 
0.077421700000 0.611975000000 0.599029000000 0.605504000000 
0.074065200000 0.633752000000 0.620573000000 0.624567000000 
0.084847000000 0.582316000000 0.566902000000 0.572042000000 
0.152678000000 0.300433000000 0.277771000000 0.303700000000 
0.069507600000 0.645223000000 0.633656000000 0.638629000000 
0.077128400000 0.612168000000 0.599228000000 0.605710000000 
0.115426000000 0.362723000000 0.339968000000 0.363946000000 
0.072158300000 0.638385000000 0.625735000000 0.630267000000 
0.087146300000 0.574865000000 0.558699000000 0.564100000000 
0.088483300000 0.574161000000 0.555977000000 0.560805000000 
0.092660400000 0.437298000000 0.416685000000 0.436088000000 
0.074449100000 0.631415000000 0.618031000000 0.621777000000 
0.080182600000 0.608845000000 0.595118000000 0.602068000000 
0.091449700000 0.437965000000 0.417356000000 0.436704000000 
0.081599200000 0.597921000000 0.584162000000 0.588828000000 
0.079489200000 0.609685000000 0.595982000000 0.602959000000 
0.118013000000 0.350616000000 0.327830000000 0.352140000000 
0.075637800000 0.616103000000 0.603700000000 0.609866000000 
0.073569300000 0.635905000000 0.622955000000 0.627194000000 
0.075403700000 0.628045000000 0.614373000000 0.617788000000 
0.082645400000 0.595136000000 0.581064000000 0.585662000000 
0.107217000000 0.377158000000 0.354929000000 0.378454000000 
0.072769600000 0.637757000000 0.624977000000 0.629981000000 
0.080718000000 0.608836000000 0.595213000000 0.602147000000 
0.079982800000 0.612491000000 0.597200000000 0.600480000000 
0.090987200000 0.439177000000 0.418484000000 0.437836000000 
0.073071500000 0.636659000000 0.623790000000 0.628110000000 
0.649739000000 0.030663300000 0.027451700000 0.034777600000 
0.076444100000 0.614756000000 0.602227000000 0.608460000000 
0.076892400000 0.612602000000 0.599687000000 0.606180000000 
0.073879200000 0.634823000000 0.621756000000 0.625871000000 
0.069817500000 0.643956000000 0.632238000000 0.637084000000 
0.071050600000 0.641784000000 0.629582000000 0.634277000000 
0.339234000000 0.137115000000 0.120117000000 0.140775000000 
0.071601900000 0.638901000000 0.626303000000 0.631450000000 
0.073436300000 0.636200000000 0.623118000000 0.628486000000 
0.131991000000 0.334219000000 0.311361000000 0.336341000000 
0.069592000000 0.644131000000 0.632441000000 0.637308000000 
0.410429000000 0.100281000000 0.086049800000 0.103769000000 
0.083730200000 0.589131000000 0.574330000000 0.579201000000 
0.069538100000 0.645117000000 0.633542000000 0.638508000000 
0.144279000000 0.323082000000 0.300440000000 0.325648000000 
0.096942400000 0.396917000000 0.375170000000 0.397567000000 
0.085350000000 0.577698000000 0.561696000000 0.566966000000 
0.074246400000 0.633218000000 0.619991000000 0.623930000000 
0.131060000000 0.341064000000 0.318446000000 0.343214000000 
0.702526000000 0.013316800000 0.011912500000 0.016105200000 
0.074351300000 0.632352000000 0.619046000000 0.622888000000 
0.081255000000 0.609184000000 0.593617000000 0.596700000000 
0.083111800000 0.592737000000 0.578456000000 0.583121000000 
0.083340200000 0.591659000000 0.577333000000 0.581865000000 
0.082840000000 0.592972000000 0.578469000000 0.583468000000 
0.076136600000 0.615079000000 0.602563000000 0.608804000000 
0.120268000000 0.348548000000 0.325820000000 0.350313000000 
0.744072000000 0.004056590000 0.003041880000 0.004503450000 
0.358894000000 0.124461000000 0.108231000000 0.127852000000 
0.072383400000 0.637961000000 0.625257000000 0.629737000000 
0.313957000000 0.178384000000 0.158040000000 0.183544000000 
0.726010000000 0.007153580000 0.005112400000 0.007370110000 
0.358114000000 0.128941000000 0.112700000000 0.133137000000 
0.672250000000 0.018421400000 0.016789800000 0.021134400000 
0.070095500000 0.642173000000 0.630103000000 0.635112000000 
0.093274600000 0.417710000000 0.396784000000 0.417605000000 
0.089355900000 0.455313000000 0.434740000000 0.452979000000 
0.079498800000 0.609316000000 0.595901000000 0.602589000000 
0.074113800000 0.633312000000 0.620079000000 0.623760000000 
0.460612000000 0.086868900000 0.073247700000 0.090080800000 
0.191757000000 0.266234000000 0.244033000000 0.270212000000 
0.074020900000 0.634016000000 0.620865000000 0.624890000000 
0.070090800000 0.642907000000 0.630929000000 0.636016000000 
0.606951000000 0.032825600000 0.025695000000 0.034267900000 
0.079102500000 0.609755000000 0.596424000000 0.603115000000 
0.180749000000 0.294963000000 0.273588000000 0.300208000000 
0.081603100000 0.597065000000 0.583069000000 0.587893000000 
0.070050200000 0.643031000000 0.631064000000 0.636164000000 
0.329004000000 0.151684000000 0.133507000000 0.155574000000 
0.551788000000 0.042918100000 0.034530800000 0.044491900000 
0.080524900000 0.611648000000 0.596287000000 0.599555000000 
0.544342000000 0.045972200000 0.037537500000 0.048225100000 
