2.0 36.448093687510536 210.87788469058378 
2.0 33.36134342106436 158.41799873905785 
2.0 25.77287805927022 256.0 
2.0 42.86113916915738 128.0 
2.0 26.800920767193716 225.55601066091774 
2.0 34.583330512397026 237.22828905960347 
2.1918975602836173 31.158633019774577 223.95486523076022 
2.5499807039899602 36.58599044570084 93.29668073733947 
2.0 36.59545259118559 95.59718070779391 
2.0 54.92518974623847 230.4277959179769 
2.5486521933921003 2.0 2.6435257357118402 
9.128660354140049 2.0 5.192595456284302 
3.0278943247649197 55.395312407417485 92.70732272147669 
2.2193207508230812 38.2540363142101 24.102577622230882 
2.0501489173570118 37.20142073154683 92.76270272968839 
2.8070887339011437 55.2783062461377 88.95840170425797 
2.0 75.09976532103045 35.45082320298722 
2.8714468829731064 64.27660435684452 75.4988456805882 
2.0 2.0 3.0088223770250835 
2.789520447427515 56.20523561734429 82.32195227528864 
2.48936916916052 65.4305364632632 103.43330725038643 
2.4201132211529592 47.22879506426063 93.32327763614886 
2.560199950163436 56.412794176418245 58.076547027945686 
2.1888763328267578 39.561867665749105 18.931058908234647 
11.99490227952305 2.0 3.469516637139872 
2.8738869786616403 87.5 115.81395546306955 
2.4396402108061923 45.661166963439385 95.01758974231669 
11.245272403020365 2.0 4.740608151190094 
2.56016070988944 60.333560846577136 73.78083026684526 
2.0 37.83247273520874 15.980951326762739 
3.0390290296441123 25.26263133692355 13.391501396330977 
17.662411879660972 2.0 8.17307066340414 
2.7628851504833762 60.46444214247961 50.91004653143986 
2.100845437848576 33.98726767362643 90.68482595253266 
15.613071734655195 2.0 7.979956458297911 
2.4992887117980653 86.99052074013156 30.177510833764728 
2.0066100589272042 32.529484697138265 100.79395538667839 
19.85530493866744 2.0 4.3799032317602515 
2.0 67.66346978070399 106.49795625738716 
2.9785184119603763 57.52405954376724 65.09825540647896 
2.858175919078564 56.89225075156538 41.7368213789526 
2.048807387928833 70.0526396468243 27.0932865822886 
23.37788710494606 2.0 5.0629241326294885 
2.6257362814987375 47.96853870387711 81.06825219310196 
2.0 32.47116671463158 92.48999882994828 
2.974158943025726 42.10576520530894 24.114129513568813 
13.534375506063807 2.0 8.51527088675494 
2.9889709372000457 58.08761567949036 67.36886361226979 
2.0 142.94436526419378 0.20315491615784664 
2.0 58.12283864049735 98.2522423740448 
2.0 42.96034181029796 99.26076659250229 
2.685818859700531 57.739199553733386 61.4957691550227 
2.5991767794420433 91.72043123519562 94.73951242422942 
3.0664043635461984 73.75198957872284 82.89286503347306 
23.997623500669352 2.0 1.5788265558611423 
2.928983759529145 44.98621046979015 87.6523805327786 
3.009419169527314 37.68152466046787 84.89294925120073 
9.829790606662923 2.0120421157844515 4.083387151320126 
2.6036237462569494 92.22010967509794 96.596231309789 
35.11503553264767 2.0 1.3047888685558915 
2.0 44.15033697778092 23.474716578391515 
3.36232720996131 77.518826321751 113.14979775670878 
26.496436107415576 2.0 3.7812639300437585 
11.975380682775734 2.0 5.8537357332681115 
2.0 37.38989572913291 17.058992188120214 
3.031250571728134 61.359300993831084 56.25724156933073 
41.09367400162328 2.0 4.127693336565613 
2.0 89.38584931913019 0.005679607851790447 
3.290293872628605 64.21273328304834 53.65969074150948 
2.7782623027253237 43.603607701436296 21.213820671466472 
2.0 62.18710332019983 25.417105808964727 
2.4048947294977805 75.88541778355602 23.324078421785764 
2.0 45.20540395317145 28.395204280274115 
2.0 60.286660553901825 102.27496713436766 
10.242071889068393 2.0 4.38780460015658 
2.0 2.0 0.20831852090320302 
23.959197239365636 2.0 1.5022412318479779 
2.9981666599802494 63.94668438356491 72.1740651097888 
2.0 2.0 2.0803229464013753 
2.0 2.0 0.30277721862352536 
49.29513332718844 2.0 1.5196886675007546 
11.423235380404604 18.31991754573599 0.3662863895698898 
3.2505941951514172 59.52358936205206 94.66042767988463 
10.364625630940044 2.1295779344286414 6.873017375215625 
14.657668643271334 2.0 10.837301499023965 
2.0 37.294306417591 84.885216131259 
2.7128287586249087 72.16629640962108 53.46930855895488 
2.0 2.0 1.2178857508492698 
18.57197204122808 2.0 2.932495451601227 
3.089010220517212 63.3996622162239 58.9167602201051 
2.6597172779137654 55.92504519867969 105.8013652063288 
2.0 2.0 0.7067085349594349 
2.0 35.11663297734473 89.5720180488998 
10.193238043091057 2.651002403736563 3.095187758081546 
2.0 55.87026400640124 31.379613226876348 
2.67449334624386 55.07903373868307 107.61133614639073 
10.496749852773654 2.0 1.7305859278451656 
15.231432728721524 2.0 0.77499281134793 
3.0355544999333746 39.11828844460645 23.520662512730862 
46.82715648007026 2.0 0.8037537255184759 
