19.9733951703342 2.0 256.0 
2.0 36.85466221427403 0.0 
20.486807688691655 2.1326797790333782 18.729358989014596 
2.0 41.16216945427092 0.0 
9.727490230335526 2.0 1.4952320103099213 
8.199154459492092 2.0667533747478535 4.1268782409996785 
63.373146776621766 2.5603013595703903 21.421119471729035 
2.1902295623211114 2.4875889830630706 0.5923205850744644 
3.4410362213117898 2.2760679294809263 0.7681616075088247 
6.338440404419275 2.112565355336267 1.9980520173731713 
7.307358186703981 2.0999571017846415 2.232007001442893 
6.8869341096284185 2.2436311059353384 1.1187345422149977 
8.548641320565736 2.0 2.6254401059023023 
4.268629371292306 2.494196667344322 0.9050088295527298 
6.029935393325577 2.2199866726472783 1.0770100874714492 
9.958745778254436 2.0412189980066744 1.4582607411851836 
8.06934103547544 2.0 3.532901520215212 
3.4225006920726737 2.2080404878231956 0.9630122267927896 
5.276555180546019 2.1235236564861464 0.6377599478984237 
3.3806299772284163 2.471218534786267 0.40921836930220645 
11.536130372400324 2.0136411036234776 0.8589233136459782 
23.37684277320486 2.930456340028851 16.161688856529636 
9.908516041077299 2.0 6.498237532157871 
5.307693636363359 2.312582715941866 0.769400781007841 
4.934431185886256 2.1483413683015518 0.8273695246001644 
10.28587225064295 2.097188155608047 3.630506588017838 
2.0 2.0 0.08000019903761824 
5.210165684541729 2.371110501001183 1.1904625341234123 
2.0 2.4956237664190093 0.2652067189545557 
6.6038036822644735 2.1847832490977437 3.006219997017202 
9.721587995620819 2.024696604683036 3.089383503209879 
2.0 2.2556380162769405 0.47935513425749854 
8.139976896383098 2.1094040446391085 1.626008311998024 
5.010642459410963 2.1022130374568775 0.6653416791769995 
6.403189867856285 3.0659757712499913 18.998998210919623 
9.922223578565886 2.0462309861558303 0.43090108501026947 
7.1510554716489105 2.2051462864478606 0.8259878690347392 
6.751280569689106 2.2962492136663113 2.038093521901479 
7.538052517185795 2.0 1.1932493039646475 
9.85644667930627 2.0 5.739241167544898 
2.374686120377227 2.141855280896629 0.6679372808487789 
9.627049195968667 2.0 3.3410216367338506 
10.052052690469045 2.01553390293084 2.7380639227834402 
3.4308096113464375 2.0636520316529827 0.8198848191347873 
3.8953015554675243 2.3451494452993487 2.0288673485703588 
2.8349165361736546 2.0 0.4375658679751573 
4.7511157268640565 2.4015028906245393 1.0569649609787226 
10.176969231734882 2.0510440298106793 0.44890809411735155 
6.2760784549095865 2.004603425864165 1.147289556930831 
5.1524534562984385 2.3146666623439134 0.558873182534164 
7.049643455777882 2.422450478976969 2.1823044730607384 
23.355150454103395 2.802238119254098 13.096389435529673 
2.653960054935573 2.3018753261676115 1.0867772243350267 
3.5713537008533773 2.0 1.7063385635041173 
7.5456953863307135 2.20144975797741 2.672551856393286 
4.7778183144788215 2.3717199558352267 0.5864847857105104 
7.073180589028162 2.819279319975428 0.14877657211407147 
5.565343287502505 2.169116857306073 1.590649002862618 
7.6021030809468355 2.2434085849710894 2.3340477079606616 
5.947688455969238 2.376006328981861 2.5594354679739424 
10.394806772781985 2.61830067062576 12.847957400221532 
6.923138292294047 2.2508354452847503 1.3097537124895733 
9.475584640286211 2.0 1.6162281461131824 
7.435129675491524 2.3835562675304818 2.871967317162703 
6.346721865892075 2.2827780095778105 2.1404590731782354 
7.647080732273075 2.321925635071625 2.1391705753640853 
5.231725551064618 3.395373112646764 0.1866056534152437 
7.881772894085842 2.3186198435491807 1.834325733293039 
12.487151045133116 2.784880125873563 16.17127548004524 
6.552240690347517 2.1950736610044355 1.3639599106217157 
6.2206837687665235 2.0 1.2507012064705185 
8.919442987119565 2.0 1.8068865944315586 
10.077533334105162 2.0 4.75651114853795 
5.719546126284403 2.0 1.430606370776132 
10.19234594686737 2.201310064049441 5.234154696612058 
12.307799882996605 2.804536181241383 15.66258370514132 
7.718515595962801 2.1085305182448417 2.415825198259996 
4.196534981743241 2.1875735212934444 1.9568077033247997 
9.989039511810283 2.0125808979033013 3.171846245763785 
14.72010383326816 2.970033756002626 13.077812121989624 
6.010334870612147 2.1753762902868066 1.4638239548221086 
7.038443876188443 2.0 1.7053127607996676 
6.432204047774948 2.342647380792242 1.2927456492401845 
3.85113930332067 3.2702003079751885 14.580002675600133 
6.7035424755795425 2.3271758601339583 0.9490653066185852 
4.640226453140888 2.2805981569655494 1.0224483294633064 
2.0 2.8531293495462196 0.6937947582037509 
8.119819187841387 2.321130522510908 2.5139782633312775 
7.110932911342066 2.405599245655277 1.7501341846348022 
2.759683634637559 2.081433162333211 0.5390790470420039 
2.680746890826794 2.0018993339632947 0.35664484680801833 
10.342146481780176 2.0321166174408956 5.787500227075876 
6.6870174471700246 2.271426826274704 2.2919422759919392 
4.417406423873978 2.1126752351984246 0.9975129679549342 
8.422124628088259 2.0 5.28315743046181 
21.903857127396243 2.8698796035696947 19.347310440783485 
9.739491185516089 2.254779338285509 3.8917055505418796 
17.697484676014124 2.556284241258801 16.411882659561158 
9.893251608415094 2.2028947113014787 4.27052825550847 
46.911312576905004 2.6030286909734643 20.215167454847474 
