2.0 17.630009833045303 74.69552123452908 
3.198753924569163 17.36540631450594 110.70242840395258 
2.3092806346463908 8.724026770096561 14.510164726980845 
4.6060024544788 2.0 3.3387188243352 
4.902167880765117 2.0 2.425823426820454 
7.335485676908652 4.758281567685881 0.5536614761627705 
9.437270948960016 4.438916232683956 6.624369763846014 
2.0 21.58758314984861 0.2982867947552488 
2.3077492090317344 35.54180075377453 21.048068051686716 
2.0 39.9641105805251 9.03752096446135 
7.392554507467755 2.8657639384890343 4.184436516150548 
2.504103631504245 22.430533656552086 143.1973446909466 
4.215470874173901 65.25297920583677 0.2747189026166948 
4.017557610938592 3.8892221649986842 3.9464051775343236 
2.0 31.427978850706403 20.205541916043316 
11.396627961241297 2.790599578513625 0.8411368443646392 
10.004452553270147 3.076157015969945 1.2120178981389875 
2.068019490456636 2.959728364156457 0.9547980021583451 
2.0 35.85181712526961 0.18723755543763454 
2.4491726344645537 29.629841781402625 16.34973662531975 
2.0 25.171317840635197 0.06477528401274468 
7.295963167016574 2.0 3.676928700838059 
25.495846392376592 5.352894532987954 0.39381321809209807 
4.762403098082057 2.7817497202153456 0.8882364989198379 
2.383219083657563 21.59278277198984 24.363551932319606 
2.0 2.7676639224460673 0.9101764608186977 
2.0 2.9753616881001363 1.2057949044349625 
2.0 45.97409335486035 0.010728954286550518 
3.172729556803528 3.3582370694368375 1.7737908241889415 
2.0 3.9310032487022526 0.7878886552355178 
4.638812798864153 2.0 3.0977580461187797 
3.0723667317261376 3.3208420162399475 1.6605873733627778 
6.157747575322892 2.0 3.4226177265435442 
3.923774849655774 2.0 1.0737900586180995 
4.415627006539051 2.8698988220731456 1.297672782961656 
6.331581007613947 3.2227699876884546 3.7719966967018737 
2.0 27.484844764549273 18.392228219484796 
3.9949780811278366 2.4979548697542144 3.011731660840547 
2.650650955276773 2.197162379518096 2.04400254927343 
2.0 18.46704064496089 15.088041670234382 
5.756192085180499 3.4994800580267373 3.5449127645519614 
2.0 16.709593270240408 0.5815253996014415 
7.259265432759651 3.648534057305187 4.08253111722092 
5.712719109759179 2.4582289890742945 3.6237258545133146 
2.0 3.4406503308497562 1.1447026536344163 
3.4973498713410107 2.0 1.4818388012191788 
10.751487558463515 4.969176778610178 0.07613237922936615 
2.0 3.778956828439295 1.25117824110163 
2.1795225639785984 27.47936386217519 26.030936578160503 
4.276574092741971 2.5718258868131776 3.3643642044572846 
2.420586827127746 2.993146303276465 1.0535844438394786 
3.5863820960825867 3.7831000544385613 2.951438204884333 
31.12106381934312 5.440561402284692 0.13445046948876527 
2.8531614791745366 4.18420309320418 2.0522826524947835 
7.414752495769434 3.576295815089534 4.897595238937228 
2.6166594163560473 2.703160484421886 0.94645593672915 
3.6498133474578918 3.1547290421419087 1.1747927180022304 
3.411007232597349 3.195710837347986 1.5941780729833661 
6.81939164937421 2.9390531937763895 4.256086256998138 
7.32930752833931 4.3570522203395585 4.5536320771790475 
2.0 4.739612755627115 0.7372966873127282 
2.370176378259746 46.54015347312758 0.6593984603128418 
8.22582733256996 2.0 0.03663686571464808 
3.459193060215136 2.805267248819912 2.6794752555905363 
3.173597239932098 2.68573479412916 0.6109167791532784 
2.439020047602998 8.255506465331916 17.511627189614764 
3.2689091549528584 4.228981568966036 2.084673588700116 
4.428238715256345 2.6191693147007626 2.1837819069520497 
2.508709971327601 3.0916924323518415 1.9793134497397669 
8.676899012996062 4.489758444095418 9.27202979558179 
3.137983124516506 2.7521651867335146 1.3550521768248347 
7.273950501404891 2.0 4.296728464066577 
3.778817637878368 3.604518729939352 2.8669126337342647 
8.691654580571678 4.334848202375254 8.653334567723258 
4.28986990215319 2.0 2.210763428670609 
2.6262400402174206 2.9970106772403793 1.2014361082306906 
3.912034460426885 2.437872025444745 2.8514957614045304 
6.3584924790667445 3.1242329589705675 3.93982256014869 
2.0468514974286767 20.484318476311042 14.041049973203762 
2.3263397673582222 4.537286155146856 0.9869679036267235 
3.2419778448050565 3.1938226055121373 1.4822102511077124 
4.195249924380947 2.5605953791623386 2.852744416398811 
4.278894969476127 3.8345202898244515 3.4369328023823575 
2.3916844626787386 2.5813111342752832 0.6043570083651837 
2.0 2.7985386597025137 1.304611133039486 
2.1558898802642874 9.364222085458454 0.7662603616486493 
7.468323357494951 2.0 4.0480712535406305 
3.4104875177837424 3.279578103678921 1.7118756184496973 
3.917950635792108 2.0 1.967610840608118 
2.527057403784137 3.72609709910565 1.439826543995493 
2.8515732155306384 2.0021896321367834 1.0546530145024908 
2.133875411770953 2.865684847698902 1.1208065113828138 
2.0 15.529684705693185 0.3540846665373545 
7.023625447669456 3.3922194322756063 3.118279068458655 
4.7535508406277085 2.799790206315526 0.9268624316344591 
3.372982958223025 2.64419651099364 2.4576086019446195 
2.0 2.85248345843347 0.858990948257826 
2.8716886055315793 3.0376738482651753 1.3817938385436217 
