0.008891580000 0.453309000000 0.434348000000 0.436329000000 
0.009387970000 0.452185000000 0.433064000000 0.434814000000 
0.008541580000 0.475952000000 0.456326000000 0.455588000000 
0.008643150000 0.471274000000 0.451681000000 0.451422000000 
0.430707000000 0.020518500000 0.015951500000 0.017295200000 
0.013694300000 0.428215000000 0.409021000000 0.408300000000 
0.014270300000 0.423130000000 0.404146000000 0.404339000000 
0.358859000000 0.052141300000 0.042620300000 0.044561100000 
0.018355800000 0.411119000000 0.392233000000 0.392049000000 
0.015230700000 0.419561000000 0.400625000000 0.400748000000 
0.009928700000 0.446924000000 0.427698000000 0.428749000000 
0.036675900000 0.323748000000 0.304364000000 0.300924000000 
0.010877600000 0.442035000000 0.423055000000 0.424853000000 
0.470747000000 0.008363570000 0.006330700000 0.007043850000 
0.030222900000 0.342309000000 0.323662000000 0.319719000000 
0.021174400000 0.403928000000 0.385015000000 0.385296000000 
0.353937000000 0.055142000000 0.044303900000 0.045298700000 
0.012182200000 0.432106000000 0.412877000000 0.412775000000 
0.390379000000 0.038336800000 0.031007800000 0.032929600000 
0.171868000000 0.148324000000 0.129960000000 0.130325000000 
0.104670000000 0.209845000000 0.188644000000 0.187865000000 
0.011162300000 0.440337000000 0.421049000000 0.420548000000 
0.442307000000 0.012427800000 0.009500840000 0.009857980000 
0.078723000000 0.246229000000 0.224008000000 0.221775000000 
0.092191700000 0.216873000000 0.195315000000 0.193920000000 
0.372340000000 0.041083800000 0.033365300000 0.035062600000 
0.399042000000 0.031343600000 0.025125800000 0.026673800000 
0.380375000000 0.038986500000 0.031520900000 0.031816600000 
0.339215000000 0.061345400000 0.050762600000 0.052915700000 
0.154096000000 0.154152000000 0.135390000000 0.135513000000 
0.149307000000 0.166339000000 0.146889000000 0.146910000000 
0.053570300000 0.288337000000 0.266009000000 0.261819000000 
0.068260700000 0.254361000000 0.232229000000 0.230081000000 
0.046862100000 0.295439000000 0.273032000000 0.269743000000 
0.483361000000 0.004333280000 0.003159850000 0.003429480000 
0.441416000000 0.021710900000 0.016409200000 0.017013000000 
0.286026000000 0.081268200000 0.068936700000 0.070603900000 
0.026586100000 0.368611000000 0.348799000000 0.344244000000 
0.086770100000 0.224728000000 0.202969000000 0.201420000000 
0.065725300000 0.262500000000 0.241535000000 0.239398000000 
0.054121000000 0.282672000000 0.262193000000 0.259783000000 
0.220020000000 0.115039000000 0.099334100000 0.100410000000 
0.288996000000 0.084842900000 0.070045600000 0.070170100000 
0.497859000000 0.003307740000 0.002351530000 0.002677910000 
0.011846500000 0.435405000000 0.416145000000 0.415922000000 
0.116189000000 0.188893000000 0.168322000000 0.167633000000 
0.202606000000 0.122865000000 0.106310000000 0.107168000000 
0.039304300000 0.318211000000 0.298985000000 0.296472000000 
0.289618000000 0.074353500000 0.062495200000 0.064239800000 
0.030173800000 0.346266000000 0.327765000000 0.323982000000 
0.029602100000 0.349397000000 0.330558000000 0.326287000000 
0.348256000000 0.058377300000 0.046812000000 0.047216400000 
0.395377000000 0.036246500000 0.029059900000 0.030946900000 
0.179445000000 0.150258000000 0.129997000000 0.128646000000 
0.064482200000 0.265753000000 0.243848000000 0.241349000000 
0.304101000000 0.070046100000 0.058820900000 0.060671700000 
0.056423200000 0.276650000000 0.255992000000 0.253656000000 
0.359931000000 0.046104800000 0.037619200000 0.039410900000 
0.228590000000 0.112847000000 0.095125400000 0.094423700000 
0.200262000000 0.144609000000 0.126078000000 0.125536000000 
0.475597000000 0.006700690000 0.004927990000 0.005312090000 
0.020185000000 0.406100000000 0.386980000000 0.386105000000 
0.061073800000 0.274250000000 0.252399000000 0.249606000000 
0.026859300000 0.354019000000 0.334706000000 0.330901000000 
0.081465200000 0.240893000000 0.219074000000 0.218047000000 
0.420752000000 0.025665100000 0.019699600000 0.020374300000 
0.043602900000 0.298584000000 0.276367000000 0.272516000000 
0.031185600000 0.333877000000 0.313713000000 0.310188000000 
0.113238000000 0.207294000000 0.186515000000 0.185047000000 
0.017810300000 0.416369000000 0.397242000000 0.396055000000 
0.217820000000 0.118679000000 0.102548000000 0.103648000000 
0.043240100000 0.315312000000 0.295381000000 0.292053000000 
0.247192000000 0.098411900000 0.084016800000 0.085387600000 
0.033461100000 0.331888000000 0.312200000000 0.308335000000 
0.258550000000 0.096120100000 0.082097600000 0.084349700000 
0.021344700000 0.398887000000 0.382242000000 0.377684000000 
0.413239000000 0.026227800000 0.020891800000 0.022323300000 
0.041255000000 0.314990000000 0.295612000000 0.293119000000 
0.022232500000 0.392200000000 0.373332000000 0.368714000000 
0.035909200000 0.323601000000 0.304984000000 0.301754000000 
0.212161000000 0.119981000000 0.103357000000 0.104759000000 
0.026762500000 0.357126000000 0.338773000000 0.333930000000 
0.069709300000 0.252919000000 0.230771000000 0.228636000000 
0.018033500000 0.412781000000 0.393886000000 0.393724000000 
0.270028000000 0.086018400000 0.072542000000 0.074270000000 
0.303629000000 0.073733100000 0.062295500000 0.064102200000 
0.406761000000 0.028150300000 0.022514800000 0.023985700000 
0.024956200000 0.382070000000 0.363962000000 0.359992000000 
0.147314000000 0.177869000000 0.156294000000 0.154518000000 
0.326434000000 0.061564500000 0.049398100000 0.049688300000 
0.126812000000 0.176969000000 0.156983000000 0.156563000000 
0.505896000000 0.001489410000 0.001021990000 0.001199490000 
0.049544300000 0.291867000000 0.269381000000 0.266140000000 
0.025246100000 0.379886000000 0.360549000000 0.355808000000 
0.424868000000 0.023915600000 0.018768300000 0.020190100000 
0.313863000000 0.064866800000 0.053805500000 0.055671900000 
0.025414000000 0.376242000000 0.356765000000 0.352119000000 
0.451949000000 0.008351860000 0.006333400000 0.006554490000 
0.021998400000 0.393211000000 0.374350000000 0.369718000000 
0.243069000000 0.099970000000 0.085429400000 0.086725400000 
