2.0 18.12649968578451 152.5189116856622 
2.0 16.72384907506914 152.75768459735096 
3.452177870977961 21.646069493798862 130.733683496615 
2.9805327656681015 17.329880311295977 149.18940708739024 
2.0 30.368552668391857 0.4265009754123632 
2.0 29.530633786305554 15.447772748371335 
2.0 17.775357532867627 14.496263883933263 
2.0360786540896467 46.059823797144105 0.728196677855319 
2.0 17.540818328902798 10.852389209294273 
2.129571440978066 18.193194798264383 13.396497698592961 
2.1551603144505997 20.558919755422124 26.45409060451392 
13.016862656806644 2.155007831634996 4.194336873936862 
2.0 12.895828586060226 26.518633183170266 
2.092290901185965 21.833313307716864 0.25762395443512887 
11.260791236178328 2.0 4.957756266667642 
2.0134447920863177 9.121898236024396 11.241669387816405 
4.209166013480754 5.2037941969783414 0.7578327840736843 
2.220378739134534 22.801057400125842 17.652102514770053 
2.000804549867318 45.97974202705608 0.6289466512062866 
2.792841556457558 2.0 1.6862506949379437 
3.0100353768961208 2.0 2.3447034406482046 
2.0 36.8087817668168 19.73161751784457 
22.218211737907698 5.6241341475142645 0.12990410915372416 
3.7752489740172823 2.0 2.833093645970911 
3.3004856656151293 2.7998968204040797 2.2831734537961204 
2.2099216920374607 3.3687316408806636 0.7382924434544271 
2.0 3.4176073481802507 0.6452015884179549 
26.031008747028558 10.159337316939315 0.531887770309629 
2.0 19.813388201326468 0.8346471989761817 
2.7418474219330453 3.433923525649462 1.6628892983661474 
3.1555246920104865 2.0 1.859683316084612 
7.051240084838312 2.7061842859650813 3.1331209808637763 
3.304260234670938 2.9098047338658244 2.764647025643116 
4.191403291672432 3.9275702841696654 3.235393187789688 
5.309315916899495 12.575522339988874 0.004455632162262191 
17.029984130279868 3.955617517970865 0.3699410922041011 
2.7752414750077588 2.0 1.1267585940080798 
5.856945060410561 5.724535609649672 5.072488071121747 
2.5923725127307624 3.4957720438117774 2.3687853098587976 
5.67769950315684 2.0 3.0807054587347604 
6.213026564002811 2.0 3.5468887758053538 
2.532553885385176 2.0458401966079456 1.401665489298704 
3.5320715796004776 2.0 1.0952665337999732 
2.035457945313281 14.658308583683176 0.13179997224970036 
2.304842053660226 26.558365972389314 18.52095142749759 
3.288096293845977 3.4900495846213673 1.9783495256405668 
2.5697100552962326 3.4064404910712236 1.4152484158325904 
5.483478562926112 2.0 4.6394034371712705 
3.4506396656374716 2.789287719331578 1.038156432487595 
13.11974965764444 2.0 4.998533329558472 
14.394669708056934 2.1703742537956043 5.02852854229189 
3.535034991334555 2.0 0.8657856657285145 
2.321274237503779 21.014919180073576 0.6157436012514277 
3.692382605283812 2.6965403311756457 1.5655830914279283 
3.9146463833604113 2.0 3.1982409162065237 
2.942974552842023 3.3933704791844512 1.006074532450128 
5.945784058834574 2.0 3.3835716092222983 
2.2345199855004094 3.3470486375476267 0.7855823766917658 
4.4783369734343825 2.761134495733789 1.2799810034029777 
7.7266124599224035 2.0 1.5329838432839984 
46.42070425838364 2.0 0.09703075249581605 
2.0 20.640636413399847 9.588791521910249 
6.58456228497422 2.0 3.1916980949845364 
6.361482233190009 3.855553190346697 4.94508264908457 
3.145230738481735 4.357634351825723 2.4339634120534894 
6.897498120401174 2.928429535538754 0.5074230234966772 
3.7073233161502976 2.7116598155210347 3.5099273030596434 
5.517417910676204 3.734460156665848 4.184093919959372 
6.260426913897026 2.0 2.2061422260223256 
2.4320265633270113 29.0526690061227 11.667078875409427 
2.606217848554998 2.2105787861062183 1.4224991213064104 
8.004953309389279 2.0 4.083629367163109 
3.0946467848651062 2.890735239904928 1.2244835063499386 
8.760502395868421 3.7991307457348102 3.858323544140912 
2.4936770940494064 3.5678885898901482 1.1577963850587158 
8.741687006158708 3.949465350542293 7.582536240611697 
2.3973232503713433 3.366488441502715 0.5926926262488177 
5.48232914857782 2.0006471394057095 4.507348840301615 
6.919670992422458 3.991407095908112 6.92442635437293 
8.871001392533355 2.0 4.531752996543404 
2.0 2.857507224986933 1.3740487777158983 
8.885055807325829 2.8164480405327206 5.062432659322401 
3.2170661899248563 2.9252515903591187 2.7391845766543224 
2.0 18.099468032676132 11.301772145002236 
2.0 2.6170770497049 1.103660886538321 
2.7545147530340586 2.3828761810573678 1.0652401188449896 
2.0 2.971378310471801 0.6130542750774945 
5.757249104351214 3.7043114557411947 6.829361571479806 
3.5319773544625352 3.4198879001140483 1.7973085169774965 
3.9306053762353974 2.929547555073893 0.8740680856030565 
2.6799507920776966 3.0738473864993052 1.8626230309089236 
2.0 3.8673329335345645 0.07675069947750246 
4.329843143737602 4.2046790190536605 3.1838692325462827 
5.789326550773484 5.918399414954672 5.672265748169801 
2.0 31.67617692534172 0.4364306456553897 
2.040830210377646 3.2788015720396917 0.9410119725505088 
6.242154795637104 6.1188578934582445 5.4217325382350525 
27.855456219492936 4.046040146125806 0.2733729924066348 
6.8951293845266814 3.8813663719987694 7.029624659275368 
2.7187487795251477 3.1190354342983637 1.237287494337039 
