0.007481100000 0.173516000000 0.180084000000 0.197504000000 
0.007298950000 0.179013000000 0.185554000000 0.203165000000 
0.007669930000 0.165649000000 0.172203000000 0.189741000000 
0.010980100000 0.135198000000 0.141025000000 0.157832000000 
0.010165200000 0.153310000000 0.158709000000 0.176018000000 
0.010940100000 0.147479000000 0.153418000000 0.170702000000 
0.009511950000 0.155602000000 0.161835000000 0.178912000000 
0.007628920000 0.171558000000 0.178314000000 0.196150000000 
0.007178310000 0.208367000000 0.213476000000 0.232184000000 
0.039699600000 0.057775000000 0.057838100000 0.070897100000 
0.049284000000 0.045041800000 0.045407900000 0.056483300000 
0.037639100000 0.063785000000 0.063753300000 0.077853500000 
0.022000300000 0.097059000000 0.096981800000 0.113277000000 
0.121631000000 0.005541890000 0.005828250000 0.007720340000 
0.134121000000 0.003670910000 0.003893770000 0.005185370000 
0.045289000000 0.052207800000 0.052444300000 0.064689800000 
0.095697900000 0.013007400000 0.013476200000 0.017515900000 
0.075059400000 0.022577500000 0.023095400000 0.029482000000 
0.030036000000 0.078291400000 0.080080000000 0.094902400000 
0.062502900000 0.033167300000 0.033786800000 0.042618700000 
0.124962000000 0.005165190000 0.005441620000 0.007205590000 
0.015487200000 0.113442000000 0.113359000000 0.129004000000 
0.032900300000 0.076795300000 0.076430600000 0.092234700000 
0.024716900000 0.093176300000 0.092839900000 0.109354000000 
0.024442700000 0.094715100000 0.094434400000 0.110783000000 
0.014963200000 0.118485000000 0.118819000000 0.134690000000 
0.063388800000 0.031731000000 0.032307500000 0.040783900000 
0.033298000000 0.074501600000 0.074261400000 0.089858400000 
0.068634500000 0.027829700000 0.028426200000 0.036120500000 
0.145578000000 0.002037010000 0.002159520000 0.002845090000 
0.051963800000 0.043648100000 0.044039200000 0.054854500000 
0.100544000000 0.010677100000 0.011118200000 0.014564600000 
0.109977000000 0.008043700000 0.008480700000 0.011291400000 
0.135817000000 0.002993660000 0.003211520000 0.004332680000 
0.045218900000 0.054516000000 0.055412300000 0.067146700000 
0.013164000000 0.129242000000 0.133093000000 0.149777000000 
0.026548400000 0.089636700000 0.089095700000 0.105788000000 
0.119283000000 0.006012310000 0.006372240000 0.008524080000 
0.019899400000 0.102210000000 0.102001000000 0.118142000000 
0.036140000000 0.070973800000 0.070727700000 0.085762300000 
0.128580000000 0.004588400000 0.004875370000 0.006505250000 
0.013673800000 0.128124000000 0.131735000000 0.148545000000 
0.052790600000 0.041991000000 0.042430200000 0.052921400000 
0.020288000000 0.100861000000 0.100644000000 0.116860000000 
0.013873100000 0.125864000000 0.127627000000 0.143799000000 
0.165793000000 0.000601463000 0.000593871000 0.000742637000 
0.059473500000 0.033648600000 0.034859200000 0.043084900000 
0.023375000000 0.095714900000 0.095480100000 0.111746000000 
0.017941000000 0.106153000000 0.105877000000 0.121746000000 
0.058151200000 0.035566900000 0.036758000000 0.045288100000 
0.071765900000 0.025918700000 0.026452800000 0.033632600000 
0.016218700000 0.112868000000 0.112748000000 0.128402000000 
0.037133700000 0.069597800000 0.069344500000 0.084190400000 
0.130442000000 0.004006930000 0.004282790000 0.005762240000 
0.039682900000 0.061712600000 0.061661300000 0.075359600000 
0.084373500000 0.017592600000 0.018091800000 0.023277100000 
0.007883550000 0.165090000000 0.171673000000 0.189121000000 
0.065764000000 0.030677600000 0.031260600000 0.039530900000 
0.017292000000 0.109183000000 0.108894000000 0.124586000000 
0.054248300000 0.040323900000 0.040823100000 0.051034900000 
0.033997500000 0.072372500000 0.072233200000 0.087676700000 
0.014419600000 0.123967000000 0.125359000000 0.141580000000 
0.176612000000 0.000141965000 0.000104691000 0.000112706000 
0.149578000000 0.001599880000 0.001582550000 0.001897220000 
0.008775710000 0.159126000000 0.166035000000 0.183721000000 
0.113236000000 0.007114940000 0.007488910000 0.009914510000 
0.139839000000 0.002556120000 0.002694440000 0.003549700000 
0.031171800000 0.079969400000 0.079577800000 0.095912400000 
0.170280000000 0.000299660000 0.000271786000 0.000322775000 
0.015461000000 0.118219000000 0.118862000000 0.135304000000 
0.014671800000 0.121990000000 0.123072000000 0.139364000000 
0.097160800000 0.011943900000 0.012395000000 0.016189100000 
0.089636800000 0.012940200000 0.013711200000 0.017487900000 
0.054595500000 0.038726900000 0.039274400000 0.049236200000 
0.155972000000 0.001008500000 0.001032750000 0.001301480000 
0.152443000000 0.001316390000 0.001377230000 0.001781820000 
0.077325800000 0.019212600000 0.020187900000 0.025468000000 
0.103076000000 0.008591520000 0.009081200000 0.011520300000 
0.011046400000 0.133859000000 0.139351000000 0.156038000000 
0.115822000000 0.006705690000 0.007065380000 0.009389120000 
0.079179300000 0.018168300000 0.019138300000 0.024243300000 
0.057063100000 0.036807200000 0.038306800000 0.047019500000 
0.086061000000 0.014659400000 0.015448400000 0.019558300000 
0.018528000000 0.103657000000 0.103400000000 0.119426000000 
0.016893900000 0.109348000000 0.109062000000 0.124742000000 
0.038632900000 0.063719000000 0.063676300000 0.077764900000 
0.029475700000 0.086503300000 0.085953200000 0.102778000000 
0.159731000000 0.000865634000 0.000859576000 0.001044300000 
0.049004100000 0.049434300000 0.050344500000 0.061286000000 
0.047422400000 0.048891000000 0.050636200000 0.061428100000 
0.012638100000 0.131298000000 0.135997000000 0.152665000000 
0.012251900000 0.131586000000 0.136301000000 0.152994000000 
0.070066500000 0.027209300000 0.027781000000 0.035281400000 
0.026187900000 0.091664300000 0.091694900000 0.108179000000 
0.042689300000 0.056931100000 0.058375600000 0.069802800000 
0.028330800000 0.088529800000 0.087905400000 0.104641000000 
0.010736900000 0.152756000000 0.157569000000 0.175011000000 
0.102328000000 0.010446300000 0.010875100000 0.014249500000 
0.031825500000 0.077486200000 0.077189700000 0.093255500000 
0.009674550000 0.155574000000 0.162519000000 0.180094000000 
