2.0 23.310982726099382 152.4975070260187 
2.0 29.610115030439545 163.9237127618661 
2.0 14.56304390884101 180.54161882893348 
2.0 5.6854923753772955 133.70617938400966 
2.079133930652147 9.13906208122917 165.26640261882255 
2.0 7.796213215159177 165.66647754662654 
2.0 11.309912431526683 155.99426655797276 
2.0 20.71560509248407 188.40344129133135 
48.82167428577293 2.0 256.0 
2.0 2.0 1.5427073078641367 
2.009359978984031 2.0421242414674814 1.341178609347848 
2.0 2.294235075030029 1.6467533837697488 
2.052464195943239 2.201758558747284 3.4677804254558904 
2.0318795951858153 2.0910540218347866 0.586339670323563 
2.009148428537305 2.478875942782187 0.5070970959728318 
2.0494137630749303 2.1463174234378966 1.4523928125377796 
2.0004097628540944 2.023673049559493 0.7926998847703639 
2.102591356790427 2.075031352728626 0.9811513675055434 
2.082018218895056 5.952807245430293 1.745845533445312 
2.211712321968116 2.0998733916159407 1.151696262018131 
2.0034324658348983 2.007175824931459 0.5698944800469219 
2.0111871561297816 2.97820231630144 4.856192101041783 
2.111198582486315 2.290943114887627 1.921129670316867 
2.0388196711395294 2.1641434262191477 2.934132788867852 
2.0540699132556575 2.0430556487174005 3.137872554103732 
2.1978110176205217 3.020000869508465 6.901037007424304 
2.0950766855344067 2.2815505404865313 1.1322108212577833 
2.0 2.0 1.8565574995287788 
2.050924458561088 2.4211554859463122 1.0712824593222934 
2.0010978829882466 2.041079151681359 0.4058565444970663 
2.0505686338330773 2.1887582634209544 1.3181729029975733 
2.053766281829982 2.0 0.7390257654795458 
2.0 2.005462961385484 0.6647719390137041 
2.0640214818927287 2.079051494586226 0.46501385897963377 
2.0 2.731184354375104 1.4542940813884115 
2.0 6.034953492158651 5.5637010065420585 
2.0 2.0 2.476324315936801 
2.320913276965765 2.01108829471156 0.6015780607282049 
2.0 3.0889617789489643 3.0221091368753434 
2.0795567896450575 2.195330543345246 1.7778815036358118 
2.03098911663779 2.0487998891930523 0.5487822679771084 
2.0451787048965646 5.5648473074603855 5.112472030684911 
2.107210801106517 2.005310149187067 1.2927844951768512 
2.1523686964776014 2.5722656622316427 2.8692428171170086 
2.198149629741863 3.669987793433643 6.426036902676693 
2.0 2.0 0.25447447695509595 
2.0301423388181763 4.404551809118212 1.1298234225298294 
2.012904495300011 2.0 3.2604908428646167 
2.0415621500038754 2.573372677593584 3.5455978296500095 
2.0899417431581697 4.2636186471807775 1.1565798968237238 
2.0 2.1778894533316064 1.0387965807865494 
2.012398057804296 3.171617464274953 4.7625389841491605 
2.106676129425267 2.0 1.756758942392983 
2.201573867869219 2.0 0.5237266734933612 
2.111275716107807 2.202740064525413 1.6087977002351783 
2.114561427412421 2.0 0.886271989412063 
2.061445577678128 14.762299388788932 13.685293596007066 
2.0089063106614056 2.0340916195832244 1.1179010223199388 
2.0185284325506374 2.8094082586100635 4.0573127341742445 
2.1587252170660247 2.0 1.2678255554188045 
2.0419539327836302 2.1998086313446166 1.8096992808978825 
2.0 4.216910514761529 5.126084637071649 
2.249348992298747 2.0 0.1104593148942481 
2.0350871269045547 5.465400051162192 0.30184302335525415 
2.4672325734615024 12.559725718481907 15.46797557371971 
2.0 2.0 0.6356086958769231 
2.0 2.0 0.44729440104519824 
2.102574476189629 2.0619279698305557 1.9942738830846718 
2.0 2.0 0.1802185355747981 
2.0036169862263313 3.585305809224777 4.070031742345654 
2.1150608529059753 3.844552295606129 4.661818825705851 
2.0 2.0 0.7696023144244688 
2.088220190425511 3.5545936129321802 0.7579468248019849 
2.114412900131782 2.0 1.242732488439268 
2.3070282706380727 2.029332822747168 0.3037472828207737 
2.0 2.0 0.3405266543095365 
2.1191539807814177 3.78498302584815 0.8957399042476423 
2.068223434337122 4.477687807385308 0.6415626543719957 
2.0 6.147402928617584 8.724522873699472 
2.0071665403570518 2.1218169965176203 0.6239480615077375 
2.108194434364748 4.471652127998901 0.8686024840486508 
2.0273572941685534 5.718996355174841 1.1376009922740655 
2.1087562872452343 4.248518753743342 0.7964129491522306 
2.0401086711971 2.5114961724285636 3.207852110004342 
2.0824218275850335 2.678781142236464 4.080496053315962 
2.1501736167784347 2.025473385891724 1.6411552959622604 
2.0004321669493135 2.0451696948266997 2.2204664342489324 
2.2585668667128793 2.028541156267848 0.29433776508740017 
2.0 3.0511270293863224 1.3840925965679172 
2.2547780958254977 5.607203972247307 1.3056630321948395 
2.267352232291101 5.675581146337807 6.690147410317955 
2.070527175137342 5.872225361413656 6.834067509912076 
2.010125068018882 2.077573030706111 1.0618853233082486 
2.037549110811204 2.8125621121616664 2.183319204288633 
2.240218622355362 9.258523415013002 1.3958229460960763 
2.022968952170788 2.349718602008478 2.3691337230619816 
2.0 10.404829229964715 9.286805005271372 
2.0 2.134979550836146 0.7308814375616998 
2.0 2.0 1.930407098776064 
2.0420342553983253 11.724307548010177 9.26791628283429 
