2.01304710206712 36.04079316982739 135.4719573618631 
11.613400213845651 2.5874916778095187 129.7390447553021 
28.669769791272607 2.1288213129109574 5.23166696512393 
22.590064132776376 3.116062172037628 13.75698176023438 
17.81128852859623 3.20514213169921 14.700171541349471 
5.975962383439138 2.163683724365967 2.8744993342888563 
2.842860677439159 2.104587576278636 1.1614017302316668 
6.554298480963695 2.1607916109153993 3.1730528945651706 
2.0 2.2619969050302684 1.2817603971504354 
24.873141743221986 3.255369244652506 13.106969017181001 
4.033969369925897 2.681527391157041 151.2618685328291 
20.05949817248441 2.8917103864719964 11.809744504486119 
3.170813659037293 2.0 1.1253025373624428 
18.913221439116924 2.0 5.814850752425675 
13.15127618236815 2.645989482167666 18.27475456662949 
8.079713071884182 2.2909563183009674 0.5447001044810921 
74.10665119622229 3.440193027779644 21.506565939014774 
2.0 2.0617097803167774 0.7345920522561386 
20.334365056259667 2.0 0.0 
14.2023024975417 2.9626923296359005 23.837968849050323 
31.48378870010639 3.353328239099095 19.20289325644907 
4.326203515801637 2.0 0.7126620906372941 
5.8244292129031 2.3041469555970315 0.5268321983508538 
2.0 2.0 0.4301030284542779 
6.667958398652265 2.0543898713701467 5.8844860133574715 
24.11981321753379 2.459213907461961 4.821369990838718 
2.0 2.0 0.7581932574321608 
5.95250279177753 2.6750322438919536 163.2779425351107 
4.959578174286719 2.0 1.875684220872273 
17.744646551672815 2.0 2.19718325103089 
3.8721517679280844 2.015805477148423 0.0935654941831964 
2.0 2.3505294436338073 1.3186557618366521 
2.0 2.017431464348902 0.4948911615657624 
9.852824391242315 2.0180549015248173 1.5441934212167758 
2.0 2.0 0.040559082851863604 
8.641104703698609 2.0401053880766957 1.3996682372770488 
28.26296801592285 2.326136031491399 4.404548765733114 
3.3795848824537034 2.038225934675762 1.0226434918911882 
5.479205628461828 2.0438120733213325 1.3039743137591993 
13.104762756957603 3.318109583142265 14.645880638650054 
13.396362205608721 2.1123142006209967 1.8392987096826254 
4.316072024197844 2.11170055941106 2.4001791954737293 
14.461272175495802 2.070247630879928 3.627878965148124 
2.0 2.038914571801647 0.38079115336360425 
2.0 2.118619926728253 0.34722153721684607 
5.311430307555815 2.0310047257495865 0.6601762479161055 
5.769849594921218 2.0742921262669882 1.9535367107011745 
15.466234190333457 2.02061111113457 3.5235580736334167 
8.90302040143938 2.0187484351237854 1.96212028048987 
2.0 2.0645396835153824 0.652008661509517 
10.519972736939472 2.1524455790702675 3.8550277682792213 
12.777772347099647 2.2273775417308723 4.975285336777523 
4.181748328639401 2.140002790249903 0.6025874699657837 
8.451824986193365 2.041152458524981 1.1324360789212617 
19.263221883563908 2.6912374626154967 21.74820779649907 
7.685943325697032 2.088135231205419 1.6083869705872225 
2.0 2.171890419598362 0.5331662152720384 
13.598745410924824 2.0 1.334437588500549 
10.90360830019754 2.0 0.17038293217784073 
5.901231340822043 2.222010620172005 1.6582477976897982 
6.220254095942575 2.1078771838848707 1.5278323265887557 
6.971422966899746 2.2461703956382824 0.7210190755457971 
3.6638685070732593 2.4084693751308786 0.9922375649012474 
8.030283277287687 2.036512929471914 0.853636461727883 
10.902114248734522 2.0586120789756803 3.7156362616117975 
5.743114896484863 2.2191114477732774 1.774072074343617 
9.557846780829124 2.426058617456815 0.0 
2.0 2.3378841547606326 0.8717618005750689 
6.621206785906846 2.1061935953641155 1.4524667832204068 
2.0 2.0429710811969577 0.5051904134303322 
11.295720906874044 2.0 1.1077114840814863 
12.94795209333709 2.313163588995299 2.9830114910275514 
4.225417638401985 2.078270025804538 0.0010407135819381352 
6.071297854356509 2.1758141663910515 3.1748664448171744 
7.0421015083999645 2.1173366433971577 5.652755486415902 
6.33112069416595 2.1193468382973735 2.5469244662143034 
9.765919869622927 2.0466235258232888 2.6689595042367564 
3.110990800553033 2.6543948496502727 0.36410553148319114 
2.0 2.203452980399039 0.5832922576478943 
7.722213396437473 2.061835136329056 1.4606330483234622 
12.12885488785377 2.066275421789464 2.2023275157066515 
7.071913109009543 2.103125916634613 0.9370356895084795 
10.433081701997052 2.135751134263837 0.9427835038216656 
5.373396791492161 2.189989238981791 0.9224416453941879 
6.155283692418278 2.1080147748698095 1.7017534959983323 
5.7305041827934335 2.215481911811151 2.887986284820399 
2.5101140220086937 2.109372446971932 1.392628696671471 
4.782746221744802 2.0426470231466176 0.9037248091981048 
58.3397837288965 3.1930912515976244 19.54789663754835 
9.771445593287897 2.1187803480447815 2.6148436933906805 
9.913737561295648 2.352470043925933 6.946255991906037 
3.583866336563494 2.0 1.9870887974490954 
4.40670888914203 2.114004517564662 1.6269855725881188 
12.012574456233809 2.1805151302063988 2.1253099141146023 
4.06825371022747 2.047158983191698 1.036971558987407 
13.461616104012556 2.026790667975068 2.0373342638265024 
6.3168003860044735 2.1937533024187847 1.1678331283097947 
7.089109348074459 2.1772254204113435 2.328302632053699 
