0.033703800000 0.548498000000 0.542335000000 0.555114000000 
0.033295600000 0.552942000000 0.547334000000 0.559951000000 
0.043020200000 0.411649000000 0.405411000000 0.428788000000 
0.101514000000 0.172930000000 0.168034000000 0.180834000000 
0.050822700000 0.382789000000 0.377691000000 0.401058000000 
0.132226000000 0.149149000000 0.143768000000 0.155636000000 
0.078831200000 0.204768000000 0.198971000000 0.212158000000 
0.213354000000 0.098241500000 0.093655800000 0.102917000000 
0.034466700000 0.445324000000 0.441282000000 0.464052000000 
0.049597300000 0.397669000000 0.390641000000 0.415974000000 
0.116823000000 0.158117000000 0.153541000000 0.166085000000 
0.146658000000 0.136166000000 0.131142000000 0.142543000000 
0.557611000000 0.005200620000 0.004130120000 0.004843530000 
0.036783700000 0.428705000000 0.423991000000 0.446506000000 
0.282509000000 0.067294500000 0.063458500000 0.070862200000 
0.055620200000 0.278679000000 0.271269000000 0.284222000000 
0.156001000000 0.128163000000 0.123202000000 0.134305000000 
0.514723000000 0.009647980000 0.008299600000 0.009434990000 
0.173327000000 0.115509000000 0.111538000000 0.122545000000 
0.151979000000 0.132350000000 0.127347000000 0.138677000000 
0.100025000000 0.177250000000 0.172264000000 0.185084000000 
0.336484000000 0.047008300000 0.043797100000 0.049308500000 
0.051407800000 0.313895000000 0.305830000000 0.320752000000 
0.234495000000 0.086408300000 0.082170600000 0.091085700000 
0.071175100000 0.221163000000 0.214922000000 0.228064000000 
0.165611000000 0.121573000000 0.117434000000 0.128826000000 
0.247948000000 0.077541700000 0.073718300000 0.082057200000 
0.257276000000 0.075623100000 0.071619400000 0.079751200000 
0.134846000000 0.143344000000 0.138972000000 0.151090000000 
0.543143000000 0.006258400000 0.005265950000 0.006007770000 
0.107001000000 0.168924000000 0.164002000000 0.176915000000 
0.111600000000 0.163738000000 0.158866000000 0.171663000000 
0.092467800000 0.182277000000 0.177015000000 0.190086000000 
0.051434000000 0.311347000000 0.303303000000 0.318025000000 
0.405035000000 0.027189900000 0.024051800000 0.026294400000 
0.241987000000 0.081082400000 0.077174900000 0.085703700000 
0.417613000000 0.025826100000 0.023646800000 0.026740900000 
0.529646000000 0.007667470000 0.006551570000 0.007459180000 
0.057103200000 0.263825000000 0.256097000000 0.269122000000 
0.356495000000 0.040267800000 0.036460200000 0.040005100000 
0.368343000000 0.037074600000 0.034390200000 0.038655700000 
0.345475000000 0.044932700000 0.040871100000 0.044863600000 
0.069491400000 0.226235000000 0.220505000000 0.233500000000 
0.142258000000 0.136816000000 0.132424000000 0.144420000000 
0.217113000000 0.093111200000 0.089459100000 0.099139400000 
0.487962000000 0.013129500000 0.011538700000 0.013067000000 
0.053274600000 0.289753000000 0.281153000000 0.294976000000 
0.066258000000 0.230682000000 0.224184000000 0.237327000000 
0.066214100000 0.235011000000 0.228979000000 0.241908000000 
0.050299200000 0.392021000000 0.385450000000 0.405517000000 
0.051847500000 0.299308000000 0.291348000000 0.305097000000 
0.124807000000 0.155521000000 0.150002000000 0.162038000000 
0.073713300000 0.214939000000 0.208890000000 0.222069000000 
0.048701800000 0.399175000000 0.392811000000 0.414079000000 
0.195888000000 0.106100000000 0.101385000000 0.111098000000 
0.228588000000 0.091553200000 0.087191700000 0.095986600000 
0.436841000000 0.021052100000 0.018383500000 0.020036300000 
0.075199100000 0.210835000000 0.204923000000 0.218103000000 
0.311486000000 0.056724900000 0.052253100000 0.057307000000 
0.398128000000 0.030162600000 0.027815300000 0.031395400000 
0.390442000000 0.031795700000 0.029354900000 0.033104000000 
0.451483000000 0.018937700000 0.016921700000 0.019402300000 
0.640232000000 0.000516362000 0.000392371000 0.000481928000 
0.034779100000 0.440956000000 0.436765000000 0.459407000000 
0.580267000000 0.003645360000 0.002652620000 0.002801200000 
0.052293800000 0.297669000000 0.289748000000 0.303421000000 
0.162019000000 0.123884000000 0.119743000000 0.131248000000 
0.053683800000 0.283683000000 0.275228000000 0.288733000000 
0.063460800000 0.242351000000 0.236096000000 0.248974000000 
0.203947000000 0.101898000000 0.097295800000 0.106740000000 
0.568281000000 0.004055460000 0.003221160000 0.003685960000 
0.611541000000 0.001826130000 0.001246100000 0.001424330000 
0.065548900000 0.238361000000 0.232209000000 0.245105000000 
0.272861000000 0.070095700000 0.066233300000 0.073912800000 
0.055912500000 0.270307000000 0.262338000000 0.275445000000 
0.059779200000 0.257549000000 0.250092000000 0.263097000000 
0.062193900000 0.251825000000 0.245757000000 0.258589000000 
0.300492000000 0.058594200000 0.055565500000 0.062398400000 
0.501017000000 0.011683200000 0.010290500000 0.011668900000 
0.042529100000 0.417803000000 0.412289000000 0.435299000000 
0.046907900000 0.409530000000 0.404163000000 0.425526000000 
0.476436000000 0.014832700000 0.013174200000 0.014918000000 
0.089042700000 0.186205000000 0.180869000000 0.194014000000 
0.428648000000 0.022531500000 0.019727100000 0.021569000000 
0.035470500000 0.431675000000 0.427066000000 0.449826000000 
0.290098000000 0.063658700000 0.059884200000 0.066985400000 
0.085999000000 0.193311000000 0.187797000000 0.200978000000 
0.464559000000 0.017032300000 0.015140100000 0.017125600000 
0.328125000000 0.049254200000 0.045982100000 0.051785200000 
0.268225000000 0.072653100000 0.068689700000 0.076525600000 
0.127312000000 0.149274000000 0.144831000000 0.157134000000 
0.321713000000 0.051117100000 0.047902600000 0.053523500000 
0.083205200000 0.201327000000 0.195699000000 0.208583000000 
0.039556500000 0.424091000000 0.419318000000 0.441459000000 
0.184802000000 0.109006000000 0.105116000000 0.115741000000 
0.625196000000 0.001005830000 0.000665626000 0.000784355000 
0.597026000000 0.002696550000 0.001892430000 0.001982280000 
0.062811900000 0.245840000000 0.239525000000 0.252392000000 
0.177231000000 0.113584000000 0.109673000000 0.120554000000 
0.379816000000 0.034306400000 0.031802300000 0.035818600000 
