2.0 35.84331644671305 0.0 
2.0 42.400018546333115 0.0 
10.402878150471487 2.522496784998501 16.265997454402296 
6.901848463706038 2.0318911347980193 2.3772899694892713 
20.317603173210994 2.0 42.88373336207598 
6.064954931287046 2.0258104049687082 2.1108454735690807 
7.903979021306148 2.389618976407638 2.87040978852555 
4.322419515804936 2.2230270421919713 1.5192098424112128 
65.96247422180534 3.066231274542185 21.49451833285618 
4.040406862017944 2.5907211928004648 0.0 
6.665746786154776 2.1346628844305178 2.180810653959234 
5.5115916750383445 2.009049569471496 1.9567959706129188 
3.210989793014055 2.9338743770394284 0.34137448292663725 
30.904557094356583 3.1742961593579633 16.30271035398404 
5.391008230827246 2.4584081485914324 1.219441859420411 
9.711159227813376 2.0 4.675946824762832 
6.275932699103182 2.282896782877624 1.8701552823409293 
2.0 2.0 0.5659217426560506 
7.461436288031919 2.0 1.6871093667151458 
6.223508221737351 2.112382209630739 1.9205074509689606 
6.660493520904636 2.0681701060086546 2.4430335968797543 
5.0278834559113115 2.205328179772523 1.011558084551492 
10.285032012341837 2.0 6.6166040914246205 
4.504943854187603 2.278207098396415 1.4087161832507038 
7.553682966658578 2.2759076070970186 3.170428721619305 
8.422000763172896 2.0 1.7693557863877207 
5.8373011132685 2.459385185995563 1.318488494021988 
5.197275159661902 2.0943530387362976 1.2948411048504882 
6.623224883658139 2.3250861744309423 1.9924311091366085 
2.0 2.0 0.48582251067651194 
8.435485711795984 2.292875460724661 2.313108401661151 
7.845172468085176 2.2201527746827843 2.258547175178432 
7.94237197743062 2.005493383584002 2.510338968878896 
10.121888965354755 2.011431455681972 6.470286888011861 
2.8954270192723035 2.0891480989315516 0.8072133876241149 
6.332846931722215 2.0280712551913638 1.3468356024294932 
3.5815635117299003 2.0875593085780055 0.7595034239254715 
2.0 2.322529505047706 0.5226934628770119 
8.013462696683039 2.3982096619279214 4.341182203651847 
3.398827628434269 2.176945276526869 0.9567703045672147 
4.210929086161891 2.0 0.8920893487572059 
3.2905025940218753 2.025947389884331 1.001720656098366 
9.929829604405862 2.3241916624372165 3.2499798328683793 
8.169557683383196 2.336306286849029 1.928295113186512 
7.429314694712886 2.176455394682129 1.456777772003875 
2.0 2.217743250021355 0.6349218875631296 
8.274891404594479 2.0 5.522151154943456 
8.05137634245197 2.397880212879779 3.3758373332525826 
10.2606401428368 2.347482191428993 3.4279823938676257 
10.817359895851911 2.5544019562291966 12.033838614234673 
10.482754516494145 2.082418939065838 5.724577663543352 
6.192710221302145 2.0067074662951185 2.194525173110354 
8.092437823716038 2.0335831432873763 3.0438948657259166 
11.38411317868948 2.6010695748375787 12.976014531171506 
4.179791267277619 2.319365077976894 1.5979797987713509 
4.092549531812052 2.018091413713172 1.4493693046132026 
2.775816765834203 2.0810115832590834 0.7284597596452339 
7.863242642472889 2.177883019948543 2.97797539576265 
3.2715502191827546 2.0470093895141304 1.1173508410324 
3.669701280183204 2.0 0.8051861498353485 
3.6522847256082622 2.0 0.8246073066262464 
4.541954259173748 2.145565170291131 0.660991739534726 
2.0 2.238503301336193 0.09349316822236631 
59.000016200043376 2.95398414517352 19.131768515565096 
3.0314735038021783 2.0 0.364472386460026 
9.804519463012383 2.0 5.636593308962583 
8.263678153628543 2.3535532299122797 1.7736756376077685 
7.889932302030839 2.0224250093499596 5.216031696734841 
9.624056402647476 2.317593511377483 3.604483570796285 
3.7525106255233673 2.0 1.5586124736827731 
2.0 2.124942315708497 0.41777401514416895 
2.1806755515141316 2.15337619576047 0.3048993552172188 
9.890112822440308 2.3070886121269876 3.5032419935475048 
4.504769520876394 2.1076314235102633 1.242791280854027 
8.084748862478515 2.0858960547735927 4.617797448544398 
8.117815408988898 2.0 4.110118783035191 
10.558456959572375 2.0 3.8240096020185614 
6.877424373137396 2.025844775641863 1.121172593733517 
2.0 2.0472189581379006 0.6081672655994448 
13.401560481563386 2.624362604738354 16.47143150817761 
19.747146964161523 2.863704639222623 13.359905925596754 
2.0 2.0 0.6598619704330948 
8.370624354182938 2.0081076916376337 2.5754537146069896 
3.264923290483238 2.047098308190776 0.7484244920980191 
29.971707259624175 3.1312563577587342 17.33917891765223 
4.594844657235049 2.1701834581572474 1.1805964140314271 
8.138833196412966 2.0 2.6715927100185386 
2.0 2.0 0.691950393328127 
4.76872540388573 2.124692153305495 1.0452876743062045 
4.5316602961690196 2.0 1.2719963656109603 
6.971175590768955 2.006140386646883 2.0672097419373023 
3.575682631925865 2.0897471132096523 1.0460172637681575 
6.658011709639361 2.08683815652877 2.82223074948969 
27.78271278238003 2.805594838706835 15.090624430048704 
6.699026371979993 2.424745769691995 1.6226138847941218 
2.0 2.2052180774805334 0.24146161877476624 
3.301807889757195 2.165068493539126 0.3164790303833622 
10.441394475788934 2.0 3.6811231811086995 
6.824798502494756 2.431408235264545 1.6821298430899874 
4.247207479523418 2.3520267460979913 0.8605861084056706 
