0.008581640000 0.387922000000 0.344508000000 0.347266000000 
0.009773730000 0.375747000000 0.331887000000 0.335152000000 
0.007833960000 0.393802000000 0.351205000000 0.352868000000 
0.020518800000 0.307420000000 0.261674000000 0.264227000000 
0.013387700000 0.361150000000 0.317887000000 0.320940000000 
0.392118000000 0.004192050000 0.002251340000 0.002519630000 
0.371919000000 0.009289160000 0.004547490000 0.005037670000 
0.041398000000 0.242070000000 0.196435000000 0.199534000000 
0.033071500000 0.261150000000 0.215509000000 0.218186000000 
0.009568210000 0.384090000000 0.341252000000 0.344075000000 
0.363773000000 0.012542000000 0.006800970000 0.007266750000 
0.416244000000 0.000535514000 0.000424933000 0.000474675000 
0.010653000000 0.371011000000 0.327037000000 0.329522000000 
0.015642200000 0.356735000000 0.312300000000 0.314610000000 
0.080374700000 0.177021000000 0.134605000000 0.137256000000 
0.132644000000 0.127492000000 0.090893700000 0.093194500000 
0.212919000000 0.077660300000 0.050587000000 0.052317200000 
0.105779000000 0.150523000000 0.110810000000 0.113202000000 
0.170321000000 0.101038000000 0.068702500000 0.071033000000 
0.337810000000 0.021252500000 0.011294600000 0.012124200000 
0.245839000000 0.058385400000 0.035744000000 0.037567400000 
0.128255000000 0.130939000000 0.093812100000 0.096183300000 
0.189329000000 0.087163900000 0.057580300000 0.059754300000 
0.061183000000 0.208065000000 0.163557000000 0.166502000000 
0.097563700000 0.157418000000 0.116822000000 0.119282000000 
0.197690000000 0.082067000000 0.053572600000 0.055714800000 
0.167972000000 0.104857000000 0.071745600000 0.074138200000 
0.029949700000 0.273426000000 0.227673000000 0.230318000000 
0.043269600000 0.238651000000 0.193324000000 0.196086000000 
0.328910000000 0.022941800000 0.012221000000 0.013240600000 
0.229900000000 0.063362200000 0.039906900000 0.041597300000 
0.150322000000 0.111755000000 0.077500000000 0.079581700000 
0.113737000000 0.143070000000 0.104150000000 0.106545000000 
0.177976000000 0.093095000000 0.062500600000 0.064357400000 
0.302938000000 0.031770600000 0.017773000000 0.018952100000 
0.311500000000 0.028067800000 0.015587200000 0.016687100000 
0.182740000000 0.091536300000 0.061248300000 0.063232300000 
0.083755000000 0.171828000000 0.129878000000 0.132453000000 
0.017873300000 0.322793000000 0.276931000000 0.279470000000 
0.145822000000 0.115716000000 0.080863600000 0.082944800000 
0.051333900000 0.225973000000 0.180741000000 0.183839000000 
0.236196000000 0.059857000000 0.037370400000 0.039024400000 
0.048282600000 0.230098000000 0.184719000000 0.187800000000 
0.260076000000 0.048405900000 0.028775900000 0.030174600000 
0.269246000000 0.045322900000 0.026698600000 0.028028800000 
0.100504000000 0.154291000000 0.114113000000 0.116542000000 
0.046569300000 0.235000000000 0.189839000000 0.192581000000 
0.349120000000 0.016056100000 0.008205110000 0.009001420000 
0.071800200000 0.190871000000 0.147424000000 0.150141000000 
0.250152000000 0.054569900000 0.033285000000 0.034827100000 
0.276458000000 0.044020800000 0.026021100000 0.027366800000 
0.023280100000 0.300029000000 0.254273000000 0.256827000000 
0.343667000000 0.018211700000 0.009286720000 0.010249000000 
0.222991000000 0.065857500000 0.041728900000 0.043478300000 
0.077311000000 0.181921000000 0.139088000000 0.141758000000 
0.024968100000 0.289510000000 0.243774000000 0.246346000000 
0.158310000000 0.107040000000 0.073645900000 0.075665000000 
0.214364000000 0.072496800000 0.046499200000 0.048270000000 
0.030261500000 0.267573000000 0.221890000000 0.224520000000 
0.402578000000 0.002042230000 0.001010130000 0.001155810000 
0.219244000000 0.068529400000 0.043455000000 0.045045500000 
0.112988000000 0.146379000000 0.107179000000 0.109714000000 
0.191979000000 0.084782900000 0.055698600000 0.057848700000 
0.024111300000 0.294741000000 0.249005000000 0.251572000000 
0.027773400000 0.282148000000 0.236390000000 0.238992000000 
0.255710000000 0.050702300000 0.030745400000 0.032299100000 
0.315826000000 0.027524000000 0.015068100000 0.016184600000 
0.018309100000 0.315032000000 0.269245000000 0.271811000000 
0.017242400000 0.328337000000 0.282406000000 0.284950000000 
0.121480000000 0.136731000000 0.098641800000 0.100983000000 
0.124719000000 0.134304000000 0.096691100000 0.099086700000 
0.025817900000 0.285861000000 0.240120000000 0.242691000000 
0.072588400000 0.187868000000 0.144603000000 0.147328000000 
0.062771300000 0.205036000000 0.160697000000 0.163583000000 
0.060257900000 0.211753000000 0.167090000000 0.170027000000 
0.012682000000 0.365433000000 0.322364000000 0.325381000000 
0.203513000000 0.080726100000 0.053032000000 0.054918800000 
0.037361100000 0.255273000000 0.209445000000 0.212579000000 
0.038833600000 0.246086000000 0.200630000000 0.203357000000 
0.057699200000 0.213825000000 0.169083000000 0.172035000000 
0.116465000000 0.139697000000 0.101267000000 0.103590000000 
0.016078000000 0.338319000000 0.292290000000 0.294812000000 
0.065000100000 0.201939000000 0.157775000000 0.160627000000 
0.019765400000 0.311480000000 0.265711000000 0.268266000000 
0.021419000000 0.303914000000 0.258190000000 0.260728000000 
0.090491800000 0.168381000000 0.126799000000 0.129539000000 
0.138472000000 0.122503000000 0.086629400000 0.088934700000 
0.016746000000 0.333018000000 0.287034000000 0.289568000000 
0.092460600000 0.162592000000 0.121585000000 0.124246000000 
0.038378200000 0.251018000000 0.205232000000 0.208350000000 
0.032313300000 0.264559000000 0.218865000000 0.221532000000 
0.069164800000 0.195914000000 0.152138000000 0.154927000000 
0.173966000000 0.098627100000 0.066869500000 0.068942300000 
0.299982000000 0.032657000000 0.018502100000 0.019721800000 
0.029162400000 0.277284000000 0.231544000000 0.234158000000 
0.283692000000 0.040440900000 0.023149000000 0.024715900000 
0.055710300000 0.217959000000 0.173002000000 0.176013000000 
0.382395000000 0.006458440000 0.003173840000 0.003561820000 
0.286972000000 0.037950100000 0.021707000000 0.022927800000 
0.145263000000 0.119361000000 0.084021500000 0.086261000000 
