2.903622757071904 10.161531498380649 97.13714497941369 
3.4899486166938303 6.219083010208353 78.21948382150349 
4.372938217019156 9.692299766598138 54.60761452163624 
6.46090629772794 2.0 4.914326710715375 
2.0 7.190027713240514 6.824872384738855 
15.804677338601707 2.0160482171460976 0.24586312571433988 
6.830835329404578 2.0028046894106937 0.39648180474529765 
5.488059346463642 2.0596295541319787 2.823341914025389 
5.6478840301245805 2.427152149165569 3.161273664175476 
2.625148184473018 8.422435573998147 121.3036832199363 
7.142453807262651 2.5087058485483893 0.42351508421888034 
2.0 3.057534438316517 0.04327592248645473 
3.9923190243181583 4.956677097684658 24.511304549902125 
6.06433003209695 5.391833770590524 6.29921766689265 
4.890084012878073 2.098031300584222 1.8994837548101333 
3.614507078659516 2.4119697666937356 1.4659538961123286 
5.603522564540056 2.4810857967596993 1.0866093413494968 
5.122480819287645 2.011722637512598 1.635581523265384 
2.407778328080382 2.0 1.2622527803600283 
7.095727826008069 2.0 0.5760673640530829 
2.0 2.4251912611652413 0.9565970609796128 
3.783856993119417 2.0 1.4954221794338223 
2.0 2.0 1.1632432058732425 
4.624284274666845 2.2984921770378017 2.276527269578668 
5.322437026468942 2.375199323632309 1.702463286987581 
2.0 2.1041454879984243 1.1276884919435348 
2.0 2.0 1.2941773485639696 
5.962477274539745 2.0 3.457163440787025 
6.049575116827598 2.2442457177228987 2.703253199882984 
3.945783871595452 2.402451647371068 0.6191027244954355 
2.76679632267051 2.3057875501100225 0.9911981168410625 
4.630007111673279 2.273010899170014 1.336671592822416 
5.139729058841391 2.205052671049407 1.5738586794984744 
5.313159302541089 2.116372487294466 1.1943204146825663 
4.188821616648698 2.1434419137208254 0.7118794195491555 
3.3714508572520065 2.3108438580360193 0.6882879516398219 
4.00174933128107 2.2646558007653037 1.1961739021339441 
5.459659843948135 2.0 1.84167364394796 
6.202860633764107 2.210922560262911 6.28752822943156 
5.2170821213234335 2.240941043599832 1.3609190411255652 
4.583488230926431 2.2410222298497144 2.545817076447122 
3.066010651947149 2.135040729097773 0.9586269288318044 
4.723782682876966 2.268669442754516 2.6026641218649464 
4.550009492987169 2.1328943307849233 0.8523195101956486 
5.47176119522226 2.0161547647058775 0.8308097270337358 
5.235661481237672 2.0 1.6816369839122023 
7.709066536426147 2.0 2.70796103563712 
4.241785643181473 2.0 0.5398017251560407 
5.311608144948025 2.118468773672819 2.058605553092783 
4.334459551919069 2.3642850035446434 0.9149898650331083 
7.9109633980470635 2.0 0.8130699351080558 
6.372101681439741 2.2777811846995664 4.500055284883582 
2.0 2.0 0.5751400774447011 
3.396458744601362 2.0 1.0022819771168163 
5.207693102421665 2.0524945513306565 1.9504145490244942 
5.502491549273769 2.4489146573156866 4.0241538474717125 
4.889420677089569 2.132389777311552 1.2998661655861408 
4.42702554072962 2.485775315078763 1.0458124572510143 
6.003476054152095 2.0822476530479097 3.302622921227416 
3.4619121894326073 2.0 0.23872672550946228 
5.076691751825897 2.4872019550658324 1.006163600107655 
4.302845214021377 2.0268401268447827 1.6184969595665772 
2.0 2.0666930474539034 1.149948172052874 
6.460459621818638 2.0 4.237849778433729 
5.55244335241718 2.163669027058748 3.7439742801955607 
3.2384795284404397 2.1691787954149477 0.8919280371758489 
3.807381900324918 2.0 0.6753562280042811 
6.330566535594846 2.058114485066721 5.444347395805961 
6.295170248297261 2.0 7.1441856796058065 
4.641629232082194 2.069341604391484 1.528970046967918 
3.9268692759177637 2.036883914068384 1.5172138704979297 
5.526829934536361 2.0785479708846704 3.884995711014737 
5.101265642900974 2.0 2.015702856966506 
5.0675227581860325 2.205587149956274 2.2306647891767883 
5.331354669100929 2.1237299040801685 2.3215550621856345 
2.0 7.278872529287565 7.25995350942995 
3.444087037922383 2.165082302866635 1.1116469142538385 
5.196997091894656 2.2374418935957814 3.0949616414501984 
5.592196120810748 2.025898156101332 2.8422153609163754 
4.701218720938273 2.270998521522617 2.3596947384747664 
5.0612212334502376 2.383994597030118 1.5523048395707273 
6.413027754545954 2.0015501464752075 10.14332223576796 
4.540442032932135 2.238193656801231 2.190357000507799 
5.56135929437981 2.0631897236172927 5.175837198940714 
6.17426289244701 2.117251669476239 4.713995110931464 
4.097808530681773 2.383308785287901 1.8329625314019746 
3.587159190325969 2.4200184216918643 1.426967033943945 
5.562994555638787 2.1299476593936766 8.101239616706227 
3.6240679215640856 2.0 1.7687300269858997 
4.814708715631556 2.208318546997795 2.991732463456556 
6.20212661667065 2.251249584695679 3.234475920215994 
4.753092399041583 2.11770308502164 2.1155296968041 
4.104294839024542 2.0017384838151386 1.2423109166232775 
2.9183393558218116 2.065683912872533 0.7361291360917921 
5.891403422642106 2.0 3.589083603900809 
2.0 2.334198824866973 0.809751412959911 
4.683847726282413 2.2609215227473474 2.4206140805947616 
3.298060147571488 2.4654624608897424 0.37709775445176286 
4.962355011905039 2.381209392402768 0.7636646564243555 
3.7870635573355282 2.1115499682915813 1.4030647525375024 
