0.026933700000 0.476275000000 0.448684000000 0.461743000000 
0.064027300000 0.340839000000 0.293655000000 0.295836000000 
0.069523300000 0.329046000000 0.280911000000 0.282501000000 
0.076541900000 0.312784000000 0.264847000000 0.266742000000 
0.022265000000 0.488567000000 0.461912000000 0.473070000000 
0.067034200000 0.335607000000 0.288360000000 0.290708000000 
0.473001000000 0.022911700000 0.014947300000 0.016737700000 
0.042187700000 0.382247000000 0.337651000000 0.339905000000 
0.061286900000 0.344792000000 0.297814000000 0.300832000000 
0.032347700000 0.468428000000 0.439778000000 0.452671000000 
0.385862000000 0.057800500000 0.039837600000 0.042750300000 
0.069447000000 0.330080000000 0.282779000000 0.285184000000 
0.538162000000 0.003520760000 0.002212690000 0.003061440000 
0.043563800000 0.379146000000 0.334269000000 0.336492000000 
0.040653700000 0.446578000000 0.420341000000 0.441574000000 
0.328923000000 0.090432500000 0.065600300000 0.069058500000 
0.050450300000 0.364641000000 0.318614000000 0.320482000000 
0.047856300000 0.371997000000 0.326606000000 0.329675000000 
0.429708000000 0.038200100000 0.026341000000 0.028352200000 
0.358183000000 0.075374100000 0.053520800000 0.056659800000 
0.314379000000 0.092841000000 0.066414900000 0.068344900000 
0.209551000000 0.153968000000 0.119056000000 0.122608000000 
0.048381300000 0.368654000000 0.322905000000 0.324845000000 
0.374276000000 0.069566400000 0.048723600000 0.051023700000 
0.379032000000 0.064894500000 0.045333800000 0.048402900000 
0.438223000000 0.035733700000 0.023820900000 0.025929600000 
0.421283000000 0.041744600000 0.027932500000 0.030423000000 
0.449399000000 0.034682400000 0.022828100000 0.025113300000 
0.456728000000 0.028472300000 0.018716400000 0.020874800000 
0.217470000000 0.142395000000 0.110858000000 0.115818000000 
0.500477000000 0.015140400000 0.009598570000 0.010714800000 
0.483152000000 0.020475800000 0.013160500000 0.014928200000 
0.119447000000 0.247670000000 0.203629000000 0.208676000000 
0.504459000000 0.011992400000 0.007647920000 0.008823670000 
0.124280000000 0.240541000000 0.198614000000 0.205486000000 
0.417128000000 0.044366300000 0.029844200000 0.032498700000 
0.080437200000 0.306329000000 0.260385000000 0.267411000000 
0.234511000000 0.141225000000 0.107669000000 0.111469000000 
0.293712000000 0.101672000000 0.074909000000 0.078395400000 
0.037190000000 0.465729000000 0.439474000000 0.458966000000 
0.053236500000 0.360492000000 0.314164000000 0.315981000000 
0.082432700000 0.283097000000 0.243057000000 0.252436000000 
0.409478000000 0.050860300000 0.034701500000 0.037588200000 
0.061628800000 0.334827000000 0.289762000000 0.297169000000 
0.206953000000 0.150992000000 0.118504000000 0.123748000000 
0.552263000000 0.001879070000 0.001182970000 0.001686550000 
0.073069600000 0.301886000000 0.261836000000 0.272117000000 
0.318346000000 0.092531500000 0.067305500000 0.070830800000 
0.299112000000 0.105143000000 0.076020200000 0.077996200000 
0.152515000000 0.191778000000 0.154515000000 0.159495000000 
0.146145000000 0.208558000000 0.169792000000 0.176885000000 
0.022893900000 0.483586000000 0.457212000000 0.469451000000 
0.055790900000 0.356126000000 0.309636000000 0.312321000000 
0.037350700000 0.462017000000 0.432113000000 0.444579000000 
0.146575000000 0.203240000000 0.165788000000 0.172446000000 
0.094886800000 0.255271000000 0.215203000000 0.223776000000 
0.336003000000 0.082539400000 0.058108800000 0.059726000000 
0.056551900000 0.346182000000 0.299759000000 0.305536000000 
0.238514000000 0.136033000000 0.102869000000 0.106227000000 
0.040419100000 0.460222000000 0.429429000000 0.449675000000 
0.235572000000 0.138451000000 0.105179000000 0.108836000000 
0.384732000000 0.059343700000 0.041072100000 0.044131600000 
0.413789000000 0.052391000000 0.034364000000 0.035808300000 
0.022102400000 0.487524000000 0.461450000000 0.473359000000 
0.464355000000 0.026008900000 0.016908600000 0.018295300000 
0.529954000000 0.006585670000 0.004198480000 0.005397080000 
0.366977000000 0.072133200000 0.051164500000 0.054352200000 
0.392514000000 0.054217200000 0.037203400000 0.040052900000 
0.302477000000 0.098659700000 0.071096800000 0.073035200000 
0.333789000000 0.084952600000 0.061155100000 0.064629800000 
0.130044000000 0.220878000000 0.182728000000 0.190955000000 
0.253328000000 0.127489000000 0.096856200000 0.101102000000 
0.175471000000 0.170074000000 0.135736000000 0.141604000000 
0.542726000000 0.002285850000 0.001468210000 0.001948790000 
0.029958200000 0.472553000000 0.444441000000 0.456935000000 
0.112085000000 0.246047000000 0.206564000000 0.215854000000 
0.183598000000 0.165376000000 0.131499000000 0.137240000000 
0.124064000000 0.246038000000 0.205475000000 0.213849000000 
0.192259000000 0.158050000000 0.124839000000 0.130246000000 
0.046436800000 0.374153000000 0.329669000000 0.333424000000 
0.515701000000 0.011612600000 0.007272940000 0.008365610000 
0.026255600000 0.480336000000 0.453248000000 0.464786000000 
0.491104000000 0.017352500000 0.011116400000 0.012866700000 
0.060217400000 0.348359000000 0.301571000000 0.304521000000 
0.523710000000 0.008048730000 0.005121320000 0.006173510000 
0.272726000000 0.112373000000 0.082575900000 0.085084700000 
0.268078000000 0.114697000000 0.084539600000 0.087059300000 
0.150852000000 0.193746000000 0.156344000000 0.161470000000 
0.086980800000 0.265432000000 0.225262000000 0.234239000000 
0.351072000000 0.077311700000 0.053870900000 0.055276700000 
0.096815600000 0.251791000000 0.211755000000 0.220147000000 
0.149867000000 0.198419000000 0.161735000000 0.168864000000 
0.127063000000 0.240271000000 0.197197000000 0.202756000000 
0.084985300000 0.269920000000 0.229735000000 0.238902000000 
0.262931000000 0.121694000000 0.090279000000 0.092939600000 
0.259097000000 0.123121000000 0.092839700000 0.096268200000 
0.451641000000 0.032642100000 0.021521800000 0.022943000000 
0.082400800000 0.301241000000 0.255854000000 0.262938000000 
0.133684000000 0.216658000000 0.178361000000 0.185699000000 
0.183617000000 0.163186000000 0.129485000000 0.135142000000 
