55.111844705862126 4.3912385607676265 10.64784151656156 
75.29222066775873 2.0214348149590013 4.369950359384256 
90.82289457390515 2.0 3.988109398089658 
89.36067911115597 2.0 3.6074823003495444 
32.282507851728596 4.195093965154655 14.789564117717756 
67.03077104767655 2.0 4.183669395409437 
27.43866480577381 2.0880480115881315 0.3645119471403362 
71.80586345839555 2.465040563348858 6.037883761480923 
57.324977128830305 2.0 4.441864925009964 
51.500792446697716 3.926640538676469 9.65656480110509 
2.0 2.254754546020302 0.9340430619053637 
67.13840450915745 2.001170252489921 4.078999918092605 
2.0 2.2192861777749107 0.10962400544775608 
72.1197537547252 2.068296414727679 5.911428501448572 
8.19181307217844 3.4417289818012837 15.847746039605259 
2.0 2.0784005263058347 1.306818945882803 
70.90281523484933 2.0835381577499987 5.306093159736687 
53.573978313697324 2.0567785513871595 5.611379135721691 
82.20638883214532 2.1677251162312996 0.4997388212549549 
2.0 2.2102008734837755 1.142641048072477 
2.0 2.9306589140133212 1.229007277840728 
4.975222978646226 2.8606825206268116 1.7512840706891397 
69.15086528226666 2.339583592818104 5.357541838306655 
12.689890176723301 2.2855302174463796 0.8740665143800161 
2.0 2.0819626913242177 1.0203057004720972 
44.31995416787521 2.0 0.4807089016232382 
2.134885135373054 2.1994603330390747 0.754850356703103 
2.0 2.065783040874103 0.6619598970051919 
9.568507210977295 2.1423765592036386 0.4601759965768242 
4.43378705667519 2.3992702430555233 1.7980640365844984 
17.08061411734922 2.788299725272539 0.29231676013325736 
11.559181698778517 2.0 0.35994815147943093 
9.414573950961348 2.2325275689810304 2.8491431448697964 
14.131180959305528 2.870905818225435 0.2176064875050498 
8.28178038268791 2.1978793638346494 2.8627769994867345 
2.0 2.21614974310918 0.778532318911068 
12.479918709891294 2.0 3.9713142874281857 
2.0 2.9988669748814827 1.7250049678728632 
5.054083495540645 2.0 1.3274739109419542 
10.22763909182644 2.6607710518080836 0.0 
68.50379983021223 2.0 5.069262261994612 
5.175872654273018 2.158971061461266 4.177232455894481 
2.2425554887478123 2.0805577914244138 0.8542020295078296 
11.57716658413368 2.4017784073968427 4.972557367373068 
4.4809951032806765 2.2176741836736853 1.9054925437959411 
2.0 3.6466013055724282 0.023784384781186496 
6.479581723074102 2.1687769889970974 4.553693404693818 
2.0 2.3455510112019637 1.3262174156930775 
4.23343221471562 2.6078148528597542 1.269779088911587 
5.441351837146812 2.480664151813445 2.336462255791234 
5.0475710177669555 2.5871486625778326 2.3600593195847575 
41.7602335406608 3.800326068061539 13.205925718900694 
61.222087309677136 2.295065410183552 4.844667774042057 
31.97580941864647 3.709596172850611 8.947854585868626 
5.528923642927322 2.499666368128905 2.4715101504103028 
4.813541864758504 2.313841591250371 3.420574170175387 
2.0 2.505402741905405 1.1367869014702328 
16.529538947413513 2.2032640782586714 5.0458498001610375 
4.227241479645134 2.7000484584243183 1.5793867797065189 
21.701702240486856 3.3380498893822437 10.155433606842909 
3.601815976190508 3.3799918724095184 1.6192811674538015 
2.0 2.0515175089784017 0.9569423747589956 
2.0 3.6103094371769515 0.7629722834964445 
34.40662827527802 3.505605600593878 14.895399105403786 
8.604409340984077 3.234593645766077 0.45363927691857286 
13.911651283721945 2.0 0.13806791367668403 
7.103910521684412 2.2337809465574603 0.9631934593635307 
2.0479700042122033 2.0 0.8973243258459895 
2.0 3.4352533018574456 1.2877527611477895 
3.696624961651156 2.1723337748187075 1.1444320925273384 
4.294236194649633 2.279758814357837 2.79374090976703 
2.0 2.3135107308706786 1.7122238101326388 
4.281101216682592 2.059126575505377 2.130575554634113 
8.355751577136887 3.469357096136856 0.060157296795174287 
45.058886110676994 3.6015218572308374 10.352672162194775 
4.093232079341268 2.1726300810701726 3.19739136300296 
4.105813324799223 2.02411907088727 2.0769411854445066 
8.39881801691573 2.5504590978003217 2.684863910778585 
4.104204771172631 2.3140863993379988 1.9819968238059158 
44.8701693871302 2.074746121466571 5.823546115458486 
3.896405977785412 2.6661060873126354 0.2737144224593445 
35.17134952605257 4.150519028288032 12.411012124707357 
12.198688806373411 2.0 0.3281383216870988 
54.6859793517837 2.0367948942147005 4.68536425192768 
9.164836726974771 3.3400012170269937 0.18956497291643337 
2.0 3.2868635509246498 1.4215078228199913 
2.0 3.274402440727383 1.4491854183596833 
4.877128218774864 2.253367133763641 2.372700370317704 
4.875147605376803 2.320316235710862 3.656002158249075 
2.421577805835559 2.712833079721379 1.0789951059356864 
5.211223987045344 2.3660721430034655 3.333033367820553 
4.232842109293283 2.3032672024012566 2.4816031515217163 
6.923907468839499 2.0 2.8234464906387986 
5.18097131868417 2.269129067775522 3.7780817776763533 
4.025347637719352 2.980916978622585 1.4418761687951065 
5.379343095121102 2.0106897385042783 1.5488529241360949 
8.709597960227958 3.0908535362349157 0.5328118615483814 
9.201147339024097 2.262846764197807 3.9109258190948712 
6.131407584722728 2.334424431084982 2.667843658364485 
4.407589049777098 2.263525693446975 2.045440633498183 
