2.02310602489 8.855878981498222 128.0 
2.0345787944244407 16.802154195810548 190.83572688172285 
2.0405312106773144 2.250035592339386 1.4588271734095088 
2.0552909302261515 2.266002093167672 1.0382693947445927 
2.315274163060477 2.4197704762251746 0.7496994380944785 
2.1592349929085772 2.2525786974730875 1.366073241272436 
2.0 2.1853068745080044 0.625894917000446 
2.0 2.4127145020938787 0.6972650849699958 
3.122932092217748 2.337575952621551 2.47728856087379 
2.0679419973521718 2.2497122436750896 0.8514270608434202 
2.3969952844930362 2.2677728202778837 1.0098052234474864 
7.420777586151439 2.0180817171536285 0.3859801771861505 
3.4168611097547537 2.0192777135563924 2.0740602878876677 
2.0 2.4639093252900475 2.002925385097033 
2.002836450689675 2.2279210728990333 1.6209254267605266 
2.2895379461149004 2.0 1.644294727174031 
2.0 2.8671479780458635 1.2327646930735001 
2.5424891361089172 2.0 2.2056296682003675 
2.081143001151348 2.4766312297263497 1.8589618567522894 
5.246283058863548 2.0 2.9063957329582926 
2.0 2.0 1.8051884124778987 
2.2587922379165852 2.2327754310356833 0.8328625824613034 
2.0 2.0 1.9280950850449166 
3.409434119807131 2.4807605402593857 2.628581715812063 
2.262346675922209 2.2100181870522095 1.4273968905719734 
2.0762428441500966 2.4286242099080906 0.9076365583445087 
2.1171733201510743 2.1468720480000782 0.5381952772296916 
2.0 2.2526157900191226 1.5858473493161052 
2.436362782955052 2.441222929290086 0.8092210343074892 
2.3068721154454455 2.615656717757993 0.6411186733501456 
2.172522862593687 2.328296215386661 1.745080808026512 
2.0373155393737106 2.22383432105773 0.6702288842728271 
2.0 2.0 1.1727813831380618 
2.0004615360047895 2.0443011825511546 1.1277724813075274 
2.263639147783416 2.466417819040732 0.8785916199133293 
2.6903648100439557 2.398113335478374 2.124932290697598 
2.7016618400761114 2.0 2.9634662702691554 
2.0 2.0 1.2479714660875836 
2.0 2.0 1.0667847640057462 
2.0 2.7856077559437247 0.12196886677708019 
5.762232440060984 2.2893676162049594 3.3098628687627514 
2.0 2.1324693345246786 1.3870558153913368 
2.125908989455613 2.2225498990781305 1.302563078198584 
2.4645239894914464 6.9386122619821435 3.446972035712773 
2.044151635504196 3.450161542015986 0.981871508015193 
2.0182073205208373 2.0 1.7863757889499972 
2.5783202301376025 2.0 2.1620619683666638 
2.071483137927181 2.424429840375999 1.9551318588145299 
3.185596321904243 2.3216438404313826 1.913857735418821 
5.277379905527164 2.491547503859966 2.6706406213303384 
2.1753470160279544 2.0521775128777575 1.567674253319545 
2.2301070456332837 2.0 1.205340748217273 
8.198413295026906 2.0 0.15749275268376306 
2.324968163777174 8.823820333267502 4.175836402204584 
2.0 2.0 0.4720325460968325 
2.406439983315298 2.3617406012999416 1.2867819135009015 
2.5781841150438556 2.239375768628698 2.317960908662111 
2.1467791656820405 2.099056598045981 1.7123135970123213 
2.2765623940048023 6.813828390586938 2.5876565324058953 
2.220728760226496 2.4221505831988805 1.0865578294589051 
2.0 4.186179214985987 2.280246454008701 
2.1149196723892247 2.1763176505616637 1.5212668035723471 
2.4985046238329147 2.265567451278974 1.7557198669228533 
2.198631304010072 2.591023288886946 1.1895149414140955 
2.0664736459788426 2.0 0.963972692472741 
2.437213128799644 2.738373788765526 1.4269312700482706 
2.00424177403766 2.0077190448503472 1.9763524909731607 
2.1592480717531015 2.8223881592442925 0.9392962201705373 
2.3669342271562805 2.0 1.6792829966057656 
5.440855264404387 2.2674580073023427 3.5947884905178196 
5.508748375652906 2.458467561028547 2.9412457159759384 
2.2862402952399203 2.7857499790908173 0.3663424598226485 
2.142139490178133 4.777363152102819 2.3233966168355558 
6.615483879734907 2.4476124951678093 3.5122550922258973 
2.1216221433706437 2.1796571436848726 1.2668222057715557 
4.0890798587947454 2.1669831226436993 1.865048860169023 
2.052479370363087 2.08514793436357 0.5996680217388398 
2.0 2.0 0.9288643932982852 
2.343446134350809 2.289798877639368 1.5373003074450071 
2.1397081033914853 2.2561481618521118 1.6566371337686605 
2.0 2.0 0.5684547241783129 
2.0 2.0 0.7227260559562203 
2.0 2.2938912514253897 0.7774330803743805 
5.633442206783739 2.3126989084840153 3.2383142041526494 
2.146177584933845 2.5098549272505988 1.496540565692074 
2.033277005937682 2.5817172396252146 0.49752727300887845 
2.0 2.3606358719800085 2.032295866631114 
2.4282171458765944 5.123848067559109 2.549888787866717 
2.0 2.3159486209842823 1.3526984906863537 
2.067728001495042 2.5938936993239032 2.392983613243901 
2.146950675948468 3.3670524253459435 1.104410548860075 
2.0590537926005834 6.799777678045223 0.30537330881559044 
2.122971357855562 9.315950035123128 4.551704946504326 
2.4878238805564807 2.5727300642961177 1.3987343376091514 
2.0653135053672593 2.6425325209146386 1.0195646808916858 
3.1630499928345532 2.4004942882781095 2.4609223453981075 
2.115728157476086 2.375435892227804 1.5028813067109115 
2.2122753976146368 2.0826624884595377 1.1462338593351866 
2.0 8.436724989129361 2.790022316001009 
2.0 2.0 1.3312851568583757 
