2.0 45.85725099661332 175.79463154823893 
2.5351648152517043 30.084786820651978 218.5312821732747 
2.0 43.11061178433511 154.09263055837312 
2.6463478365772626 62.33408705780516 130.69456900043656 
3.1445903862034736 41.65736700644658 223.59041538191067 
2.0 62.31639650374683 21.26951466540467 
2.8747954126040005 38.36992255488073 218.599651303053 
2.702889966049662 46.25328608114946 210.21026069608837 
3.405995718497203 34.27987699637107 183.3852055900471 
2.0 69.06692104244777 14.324997720129332 
2.0 46.436883344496565 8.845161718608267 
2.0 61.42361516070445 0.05071071594618459 
2.0150554715470603 47.351389964487225 12.85078290793605 
18.21050785260835 2.0 0.20968866432161803 
2.001093147931521 61.7325254766608 5.430677699998 
2.8046691198377416 2.0 1.7915642354200234 
2.8514120553047952 2.0 1.2620135598878968 
2.9744794292686203 55.98491505822717 30.20308822064607 
4.513299331121302 2.0 1.9015020586148357 
24.595700153158127 2.0 0.023250555960657282 
2.1009759093924694 69.53045339485855 9.080953750366206 
4.294622693724888 2.0614054286407275 1.5461682056859303 
3.0791369772746435 61.117139842258986 38.163206350168444 
18.870151581629365 2.0 6.571948264298497 
4.226865978687805 2.0 1.9178777606633366 
2.0 66.8895519675 6.226841496909927 
3.3822707604720312 74.67086303313184 42.16495949903273 
2.0 54.633211030438545 3.629769644722302 
2.025845897967632 69.23422316199535 7.575870910579682 
3.3646693338878513 3.616975737777377 1.4314900321614958 
51.66050343930457 2.0 2.0212930851369935 
2.0 57.049581608090776 31.115407214625034 
28.420784567535502 2.0 1.0080719475780078 
3.1943929215160303 48.08258516545064 65.61580344006846 
2.0 42.635688278554795 43.694197228891795 
58.7798968468149 2.0 2.0299536728602723 
4.523538370166771 2.0 0.6810908064729433 
2.0 39.79812481260326 44.12238041025766 
2.0 29.59455305497943 5.1633051952613975 
2.0 5.757223511362122 0.8198405422726731 
22.456526656036694 2.0 0.1357727868399783 
3.3391558954170275 2.0 0.7114180906567074 
137.86655551754546 2.0 1.2257039289089398 
19.22468486864013 2.0614735788354164 1.0790945116512782 
2.0 63.035895272134496 12.209254359854947 
3.1846855027369427 45.11889127018137 38.56259770900745 
2.1870629439806875 58.696963799515345 6.959506810947801 
16.48675053156831 2.0 6.27401390205344 
2.0 2.9928014363867512 0.6988086244369032 
2.8018322561496873 59.70061111226048 40.34702491032008 
2.0 29.170242889918626 7.669114040740463 
42.256247439871146 2.0 1.329178068865031 
15.09660223725168 2.0 5.822065673634624 
2.0 58.26367806596105 11.156988613645902 
2.0 69.34162271450792 19.647470777060576 
2.0 2.0 0.6047610022676765 
2.0 57.858897827280806 14.491638623107043 
2.217534999679025 39.61593487536736 4.45220054722832 
3.1050245671038064 58.20733817936995 60.533188888498806 
2.287454855097242 21.44330193300467 2.233932329839096 
2.0 20.855341044245826 5.213924056945825 
2.0 65.5179651927458 6.117213534154781 
27.43080367382442 6.9087596653681045 0.24291313257266123 
2.0 5.619020906786853 0.09726856062577127 
16.699124729138028 2.0 0.5024142344091957 
2.146539062952193 4.628562083527397 0.6703518665574815 
8.501079713938587 2.0 5.354522344937332 
66.24430044501524 2.000718903031579 0.1444679300641973 
2.4418550984347793 27.179641880715877 4.74253009975587 
19.123274630106607 2.0 0.34331649167243283 
2.126618262616823 39.688254150252234 4.998312351663866 
19.322774019284306 2.083252898122867 0.24524784493545226 
2.3856577869599414 26.98749750687696 1.0080571270621093 
2.0 28.073589817097712 8.454618852737038 
4.878274920964168 2.002432193504111 1.3156436522062407 
2.0 36.80075543348703 6.980597741830807 
2.0 47.03579406148066 8.73856522826601 
2.1951695364256456 25.800743493874904 0.4377938720326586 
27.995764444392236 2.0 2.3906805534532314 
2.0 44.1089973098573 3.3848659967467167 
35.492238002721884 2.101952802028879 1.50302360893527 
2.26047695795274 37.024801953561735 0.2079518854652065 
6.8937898241443 2.0 1.6077441570686302 
18.464419819774392 2.0 6.0349012165549425 
2.0 35.39564194476099 3.3146854839207673 
2.0 2.0 1.316461997260985 
2.0 35.79557799098266 4.636103382203885 
3.5699815708085736 4.463868969164038 2.024359911767232 
6.980536839866703 2.0 1.794829772940824 
3.9797697685598674 7.601030563530561 0.9738433078482549 
2.0 2.888422415149506 0.056996408953459365 
2.5370823622000964 16.29369252940416 3.573262359112004 
6.1960886252656575 2.0 2.2369866601480406 
2.8916231433512625 2.0 1.8360838039814646 
2.0 47.108179286963164 10.736255303464903 
2.0 14.374158723817128 2.928251068594933 
3.695627983845688 2.0 1.6927683573328771 
5.159606850227231 2.0 4.121091146869373 
