0.004617690000 0.178078000000 0.151364000000 0.157711000000 
0.005019660000 0.171553000000 0.144781000000 0.151077000000 
0.257606000000 0.000934503000 0.000666404000 0.000714587000 
0.025651900000 0.105840000000 0.084862400000 0.089369800000 
0.248158000000 0.001749010000 0.001238030000 0.001347420000 
0.015210600000 0.131629000000 0.105303000000 0.112252000000 
0.195014000000 0.009633650000 0.007592100000 0.007958850000 
0.114307000000 0.031908400000 0.024903200000 0.026168400000 
0.022965400000 0.111163000000 0.088592800000 0.093752100000 
0.038696300000 0.086813500000 0.068269600000 0.072267400000 
0.225070000000 0.005267030000 0.004048580000 0.004301340000 
0.092550800000 0.042826800000 0.033267900000 0.035027500000 
0.136251000000 0.024106200000 0.018794900000 0.019642400000 
0.027717600000 0.100229000000 0.079378100000 0.083987800000 
0.072931300000 0.054286700000 0.042110400000 0.044396000000 
0.117478000000 0.030403000000 0.023747600000 0.024938200000 
0.050515200000 0.075352600000 0.058833100000 0.061915300000 
0.083379700000 0.047692500000 0.037018700000 0.039007000000 
0.280050000000 0.000056940800 0.000005178410 0.000002959730 
0.110345000000 0.033045600000 0.025806500000 0.027122800000 
0.132316000000 0.025544800000 0.020073700000 0.021045300000 
0.155305000000 0.017715700000 0.014051900000 0.014683700000 
0.018666700000 0.120323000000 0.097215000000 0.102257000000 
0.030263900000 0.098789100000 0.078492100000 0.082629700000 
0.053939800000 0.071622600000 0.055769800000 0.058684300000 
0.047993700000 0.077133400000 0.060344400000 0.063815700000 
0.190231000000 0.010314400000 0.008265070000 0.008608240000 
0.169985000000 0.014461900000 0.011542300000 0.012039300000 
0.021201100000 0.115711000000 0.093135000000 0.097990100000 
0.096344000000 0.041011200000 0.031884600000 0.033376500000 
0.008164880000 0.151230000000 0.125902000000 0.131820000000 
0.017283900000 0.123176000000 0.099769900000 0.104944000000 
0.184168000000 0.011221000000 0.009003920000 0.009384920000 
0.240496000000 0.002467320000 0.001759680000 0.001899260000 
0.087207300000 0.046006500000 0.035733400000 0.037635600000 
0.200922000000 0.008469350000 0.006798510000 0.007073810000 
0.207039000000 0.007734440000 0.006042510000 0.006351950000 
0.009624960000 0.144911000000 0.120108000000 0.125839000000 
0.040700000000 0.084114100000 0.065976600000 0.069800500000 
0.010613900000 0.142653000000 0.118037000000 0.123693000000 
0.031706300000 0.096620500000 0.076350000000 0.080807100000 
0.228642000000 0.004150810000 0.002975900000 0.003208920000 
0.011588600000 0.140147000000 0.115749000000 0.121328000000 
0.007892610000 0.152960000000 0.127516000000 0.133458000000 
0.016266800000 0.125739000000 0.102062000000 0.107322000000 
0.056500900000 0.069536900000 0.054070100000 0.056873500000 
0.004986290000 0.177836000000 0.151118000000 0.157466000000 
0.146534000000 0.020491800000 0.016191700000 0.016938700000 
0.042617800000 0.081346500000 0.063709200000 0.067404800000 
0.109138000000 0.035235000000 0.027411200000 0.028679700000 
0.006375310000 0.163765000000 0.137633000000 0.143842000000 
0.158908000000 0.016787500000 0.013342300000 0.013932500000 
0.045767800000 0.079294900000 0.062062500000 0.065652200000 
0.007147790000 0.157955000000 0.131789000000 0.137848000000 
0.101247000000 0.037986700000 0.029556700000 0.031084200000 
0.027638400000 0.102795000000 0.081923100000 0.086239400000 
0.175086000000 0.013400300000 0.010722600000 0.011180100000 
0.213674000000 0.007164190000 0.005371410000 0.005665490000 
0.036664000000 0.088336700000 0.069495000000 0.073562400000 
0.141386000000 0.022526900000 0.017617500000 0.018399300000 
0.268138000000 0.000590787000 0.000413960000 0.000440667000 
0.015694600000 0.127083000000 0.103245000000 0.108563000000 
0.234885000000 0.003199350000 0.002268290000 0.002442830000 
0.077345800000 0.052094500000 0.040435100000 0.042620100000 
0.014689900000 0.129595000000 0.106388000000 0.111745000000 
0.005567550000 0.167117000000 0.140497000000 0.146729000000 
0.007060050000 0.159306000000 0.133427000000 0.139537000000 
0.035631200000 0.090839900000 0.072050400000 0.075927600000 
0.063921000000 0.063621700000 0.049303000000 0.051840500000 
0.033071500000 0.092643900000 0.073045100000 0.077326300000 
0.080918300000 0.049536600000 0.038450500000 0.040514200000 
0.005977630000 0.165324000000 0.138763000000 0.144979000000 
0.070905700000 0.055875600000 0.043604000000 0.045733600000 
0.023748400000 0.108655000000 0.086482400000 0.091529600000 
0.032302400000 0.095619700000 0.075519000000 0.079936000000 
0.098439200000 0.039305000000 0.030586100000 0.032183000000 
0.053381900000 0.073253200000 0.057169400000 0.060462300000 
0.059825400000 0.064936500000 0.050583900000 0.053433000000 
0.013350500000 0.135808000000 0.111826000000 0.117256000000 
0.012609500000 0.137735000000 0.112858000000 0.118543000000 
0.005534650000 0.169121000000 0.142432000000 0.148690000000 
0.064554700000 0.061249000000 0.047650500000 0.050308300000 
0.090281500000 0.044298400000 0.034416100000 0.036240400000 
0.163756000000 0.015844700000 0.012648600000 0.013215600000 
0.179159000000 0.012271600000 0.009826530000 0.010240900000 
0.021586900000 0.113721000000 0.090797000000 0.096054200000 
0.123333000000 0.028285700000 0.022136600000 0.023235000000 
0.218780000000 0.006537990000 0.004769400000 0.005156320000 
0.020160700000 0.117464000000 0.094680300000 0.099606900000 
0.008828160000 0.148996000000 0.123860000000 0.129711000000 
0.009352680000 0.146083000000 0.121183000000 0.126952000000 
0.068465700000 0.058818000000 0.045988700000 0.048239100000 
0.057777900000 0.066925500000 0.052187600000 0.055142300000 
0.151669000000 0.018926400000 0.014984300000 0.015670200000 
0.103933000000 0.036917300000 0.028740800000 0.030213800000 
0.006758210000 0.161330000000 0.134958000000 0.141093000000 
0.027088200000 0.103841000000 0.083148200000 0.087569500000 
0.014206400000 0.133194000000 0.109091000000 0.114587000000 
0.019544100000 0.118764000000 0.095837300000 0.100812000000 
0.127312000000 0.027007200000 0.021192600000 0.022239100000 
