2.0 17.34867533445417 0.0 
2.0546250608994185 9.287186635803321 10.679751391436662 
2.0 24.22416968578017 0.26987098933672904 
2.0 4.2053788140536295 1.920953732202586 
2.0496921483777397 25.11232214806125 0.34866696366426014 
2.8418242660099047 2.0 2.328639604914346 
2.0 3.3515929254826404 0.7083817101356715 
2.0 2.252672653766087 1.0728529632262647 
2.1928612432177372 2.0 1.9508256153809236 
2.0 2.0 1.6428035304919204 
2.287085596737024 3.2257209800124675 0.5628423355414448 
2.0267320977461463 2.0 1.187533877644009 
2.0027289920790468 2.510063908253828 0.9618423582629199 
2.0 2.0 1.8037341140809566 
2.27393561625689 2.357995923173456 1.3052284427887182 
2.0 2.19176573904277 1.0567982081408802 
2.054234748796885 5.10071331885589 1.5176367699622053 
2.0195170626144514 2.0889029600686055 1.2394159960689342 
2.0 2.0 0.1042763737970882 
2.0 2.0 1.086254271350204 
2.0058829764027535 2.3769598535199004 0.9909753468152704 
2.0 2.0 0.8766509736272072 
2.0 5.164986250593388 2.1147349363972348 
2.0049397482620166 4.583693386171225 1.8050305961468363 
2.0 4.644418712120929 1.4785011589430017 
2.110215141667636 2.1001907864624854 1.5352502238853394 
2.0365237430320535 2.241165624285545 0.7334225258392566 
2.0 2.3922098895156534 0.8192090281084992 
2.3481860184102246 4.990470725551498 2.0396463887718 
2.0273904981242747 2.7147144378734547 1.165676306382503 
2.0 7.494393806558898 2.9776083338238126 
2.0 5.30219137243502 2.1705798454847613 
2.0 2.3324681219990864 0.7537425728158262 
2.297312868651607 33.84248419644134 0.39058273930660276 
2.0 2.0 1.221760153443785 
2.0 2.0 0.6826462973174767 
2.2384004334600363 3.0642167034893166 0.6499968931333762 
2.0 7.119201305825036 2.760744320546985 
2.070049353225433 2.0 1.61078138834959 
2.041827137028024 7.0020518824530384 2.687223461224373 
2.007966072298501 2.0 1.759374495732244 
2.079187086708122 40.8791378969655 0.4273293877222846 
2.040211961370212 6.983805203051753 2.6245288528557085 
2.0 6.854679944302587 3.0401463865215756 
2.018522784651079 5.066047479718474 2.211780652586233 
2.179916639246692 4.852838872628729 1.450211419043124 
2.0 16.97913173860887 5.499104057995167 
2.1756490447529013 2.0 0.9259512364000765 
2.0 2.256543499601986 1.583940256039896 
2.0003234285862392 3.2559607109119457 1.107622419324395 
2.0172037203424455 7.448455618860377 3.7355208093591723 
2.0392780272824163 2.0 0.8598076184788404 
2.0 2.0 1.558673483942844 
2.391574569872134 9.423115028791884 3.2399151455510937 
2.0038663200199798 2.0 1.140427295997357 
2.018110928647904 5.080686933643628 1.856046372364588 
2.1215260790789827 2.0 0.8005068525904725 
2.0572426332940115 6.334799921024336 0.6107930231300635 
2.1348790773353685 2.0290376017997156 1.6643829885455237 
2.0 2.667032230505032 0.9445849212912004 
3.2862824358673097 2.0 0.2546746228024501 
2.0 4.79811338561551 2.2320466156022594 
2.3116287702571348 35.3013315006725 0.37172055123955206 
2.047693128950428 2.025991983998435 1.2826811330475159 
2.229956836219389 2.816150658215495 2.3902236446548484 
2.012966692833691 9.30087493009357 4.075635585019873 
2.0 6.915760702228959 3.3780698161928235 
2.0117667883374217 3.9549562837695804 1.7149944364619598 
2.182384364262139 4.583491134909917 1.3861967398826223 
2.1293684822081054 2.027887833685887 1.7091510990833396 
2.000053942918072 2.0 1.2560719899508554 
2.06696353607957 9.119788251159184 3.8018942949895354 
2.0013646577273265 3.0432708661472105 1.325531139467409 
2.0 2.0 1.913866128983066 
2.0331109866601285 2.0059299039482665 1.7488893043393126 
2.003153190444993 2.0 1.1534200904993548 
2.0 2.0 1.4966865784587418 
2.0370257203207816 2.0 1.4111800381543735 
2.0147177148423623 7.363975687357035 2.5162144709686114 
2.404823709637609 5.372871474183193 2.46758021086426 
2.099911978540034 9.411356608510207 4.362495072805084 
2.0260301440440185 2.0420413590357023 1.3716301530809778 
2.00069086706465 2.0 1.2043460439346034 
2.1789898456705217 2.3679361495418942 0.8457336190521555 
2.02494987672519 2.0 0.7791792154292971 
2.0 2.0 1.9855384291828215 
2.243567001651609 2.0 1.0289153719591142 
2.0702541492336195 41.16402092798013 0.545521553332283 
2.041621549672991 5.142700459875687 2.0614026413748965 
2.025450508447014 6.8519225601859635 2.8931179197721657 
2.0603584728165183 6.532083424848259 2.7915399396163236 
2.238232791938861 2.5452303442847817 1.35924908753123 
2.0 2.0 1.4309249498053611 
2.0 2.0 0.8993574544357373 
2.0543104692645713 2.0302250483808515 1.1297311314702876 
2.0709299605801696 8.759004215205657 3.4108768675189434 
2.157302946754433 3.55051097888553 1.8880840879396616 
2.0893669266127923 3.6995493977955225 2.438704075786639 
2.0 5.096064510743989 2.092493719896185 
2.318075464042518 2.207218659781675 1.0106212700253958 
