0.491996000000 0.014791100000 0.009732450000 0.012022100000 
0.032263300000 0.469865000000 0.441666000000 0.453909000000 
0.028787600000 0.473551000000 0.445643000000 0.458085000000 
0.034326100000 0.466087000000 0.437690000000 0.450234000000 
0.050450300000 0.364641000000 0.318614000000 0.320482000000 
0.453309000000 0.030754000000 0.020288800000 0.022286300000 
0.045320500000 0.375766000000 0.330587000000 0.332712000000 
0.023387000000 0.481050000000 0.454329000000 0.466922000000 
0.048381300000 0.368654000000 0.322905000000 0.324845000000 
0.066365200000 0.336638000000 0.288591000000 0.289994000000 
0.027049500000 0.477040000000 0.449660000000 0.461727000000 
0.329498000000 0.086341800000 0.062277200000 0.065640500000 
0.042187700000 0.382247000000 0.337651000000 0.339905000000 
0.320700000000 0.095016300000 0.069905400000 0.073520900000 
0.521655000000 0.009212630000 0.005621950000 0.006493300000 
0.060187300000 0.347116000000 0.300793000000 0.305281000000 
0.467762000000 0.026972500000 0.017322200000 0.018471600000 
0.335407000000 0.085368300000 0.059842700000 0.061708300000 
0.245107000000 0.132471000000 0.101208000000 0.105533000000 
0.372797000000 0.067793600000 0.047621300000 0.049580300000 
0.261046000000 0.124197000000 0.091062600000 0.093768900000 
0.038794500000 0.451815000000 0.423456000000 0.437413000000 
0.088640700000 0.266210000000 0.226012000000 0.235024000000 
0.064027300000 0.340839000000 0.293655000000 0.295836000000 
0.363921000000 0.071748400000 0.049115800000 0.050845600000 
0.408868000000 0.051379300000 0.035170500000 0.037392600000 
0.282631000000 0.113484000000 0.084666300000 0.088127600000 
0.064776400000 0.331913000000 0.286694000000 0.294109000000 
0.053236500000 0.360492000000 0.314164000000 0.315981000000 
0.275887000000 0.118960000000 0.087833100000 0.090471500000 
0.550955000000 0.001818800000 0.001158820000 0.001672480000 
0.176465000000 0.171306000000 0.135642000000 0.139894000000 
0.304961000000 0.104217000000 0.076150900000 0.078700700000 
0.427757000000 0.040603500000 0.027094400000 0.029690000000 
0.157090000000 0.188298000000 0.151239000000 0.156075000000 
0.459641000000 0.024158800000 0.016110700000 0.019069600000 
0.167956000000 0.178431000000 0.143362000000 0.149571000000 
0.402762000000 0.056209000000 0.038361400000 0.040347500000 
0.061286900000 0.344792000000 0.297814000000 0.300832000000 
0.476444000000 0.018597200000 0.012233000000 0.014793800000 
0.533382000000 0.003521230000 0.002194330000 0.002942520000 
0.270577000000 0.119750000000 0.087337300000 0.090021700000 
0.042034100000 0.397555000000 0.354435000000 0.357083000000 
0.126693000000 0.214277000000 0.175702000000 0.181962000000 
0.046991300000 0.372285000000 0.326824000000 0.328862000000 
0.360449000000 0.074092900000 0.052495400000 0.055573100000 
0.186675000000 0.160234000000 0.126880000000 0.132427000000 
0.288124000000 0.104122000000 0.077355800000 0.081246800000 
0.135223000000 0.208295000000 0.170059000000 0.176013000000 
0.248397000000 0.127779000000 0.096869300000 0.100393000000 
0.392152000000 0.055208100000 0.037973300000 0.040872500000 
0.079713800000 0.304524000000 0.260400000000 0.268338000000 
0.073244600000 0.316154000000 0.273025000000 0.282269000000 
0.200451000000 0.160336000000 0.124749000000 0.128451000000 
0.074311700000 0.312662000000 0.267346000000 0.274563000000 
0.211268000000 0.150578000000 0.116809000000 0.120504000000 
0.383081000000 0.060756200000 0.042091000000 0.045008800000 
0.446604000000 0.035452500000 0.023386100000 0.025662700000 
0.169679000000 0.175897000000 0.139729000000 0.144065000000 
0.351084000000 0.077763900000 0.055385400000 0.058544900000 
0.156554000000 0.194858000000 0.158001000000 0.164258000000 
0.079998500000 0.291823000000 0.251942000000 0.261435000000 
0.175471000000 0.170074000000 0.135736000000 0.141604000000 
0.035609700000 0.459668000000 0.431140000000 0.444154000000 
0.260949000000 0.123333000000 0.093255700000 0.097335800000 
0.076714000000 0.298569000000 0.258349000000 0.268581000000 
0.377044000000 0.065397500000 0.045739100000 0.048780800000 
0.154943000000 0.200613000000 0.163250000000 0.169804000000 
0.145974000000 0.201935000000 0.164503000000 0.171088000000 
0.343130000000 0.083002700000 0.059631700000 0.063110100000 
0.083408400000 0.286958000000 0.246556000000 0.256664000000 
0.043563800000 0.379146000000 0.334269000000 0.336492000000 
0.323428000000 0.089427400000 0.064926500000 0.068534500000 
0.022727500000 0.486545000000 0.460484000000 0.472155000000 
0.110918000000 0.235054000000 0.195547000000 0.203053000000 
0.090229000000 0.260720000000 0.220539000000 0.229335000000 
0.099856400000 0.243694000000 0.203847000000 0.211803000000 
0.530461000000 0.006641000000 0.004144330000 0.005352010000 
0.215429000000 0.143707000000 0.112034000000 0.117011000000 
0.083698700000 0.273865000000 0.233687000000 0.242951000000 
0.236506000000 0.136226000000 0.104159000000 0.107663000000 
0.022368400000 0.496400000000 0.470643000000 0.482691000000 
0.286376000000 0.112013000000 0.083406700000 0.086881700000 
0.092617000000 0.253881000000 0.213841000000 0.222372000000 
0.505778000000 0.011508500000 0.007413590000 0.009012430000 
0.054128600000 0.351363000000 0.305189000000 0.310971000000 
0.068755100000 0.320680000000 0.275589000000 0.282919000000 
0.419514000000 0.042980700000 0.028807700000 0.031238300000 
0.122019000000 0.218333000000 0.179583000000 0.186065000000 
0.022460000000 0.489469000000 0.463669000000 0.475256000000 
0.227790000000 0.137522000000 0.106515000000 0.111324000000 
0.417189000000 0.047389700000 0.032082900000 0.034856300000 
0.097251900000 0.247850000000 0.207905000000 0.216091000000 
0.437196000000 0.038204900000 0.025357600000 0.027811400000 
0.041364700000 0.452428000000 0.420954000000 0.441919000000 
0.184558000000 0.162115000000 0.128537000000 0.134121000000 
0.300371000000 0.101379000000 0.075037800000 0.078939500000 
0.204418000000 0.156218000000 0.121874000000 0.125716000000 
0.512044000000 0.009542120000 0.006102620000 0.007517150000 
0.476044000000 0.021120200000 0.013660500000 0.015430800000 
