31.07634731757537 4.369400583194843 0.27441537881694167 
21.027863504139233 3.557398632569857 11.500146861658354 
43.143273109938264 3.591160320339419 10.507036003409016 
28.17811635269519 3.6503680014216315 10.189939637870186 
68.0876768758524 2.0 5.225405814266396 
41.39484061529261 2.0 0.44710757653081146 
72.46163701383928 2.2483492413932438 5.66651950858007 
46.159440325587084 4.121586457944821 12.307173913904906 
72.029819448728 2.0 5.44049933571418 
85.88069321050278 2.4430937623552955 4.222827532975306 
42.09575268531646 4.068082565059234 11.34422026998984 
2.0 2.0 1.257382514566966 
67.23629999525909 2.0 6.035540189010685 
6.136919104885911 2.0 1.2255922985520846 
2.0 3.089233386232626 0.2655837649188122 
26.20673974667532 2.0 4.837783855133103 
24.856399658646737 2.745424379175553 0.45131125119909377 
2.0739721272106326 4.247305841799951 1.0994863163236828 
2.0 2.0 1.7760314205420598 
6.598256494597544 2.833399478115847 0.9141449480687439 
2.9749113111311623 3.2429637305990626 1.5150123580680122 
10.663187870265695 4.016896335863392 10.726030021789429 
4.86472007755108 2.0 3.678147411904361 
75.49753491124484 2.0 4.409012657250505 
2.0 4.376671245687286 0.9617548088337318 
57.25911402869146 2.0751613241939824 0.6206729531629005 
5.470321297019783 2.0005071701774995 1.4462839223138906 
11.836740641654568 2.181549923733923 4.871603242916786 
65.71510588433779 2.0 5.045236102404311 
2.418044810176128 3.9180986217991425 1.43954168966867 
2.0 2.0254933118836127 0.018218067069044608 
5.162177895388313 2.2076819230440363 2.087310735627096 
11.083810809313757 2.0 1.2214790802507665 
2.0 2.1636442864054155 0.7311352504864079 
5.462925085916336 2.015868462352645 2.2976194472958413 
46.87259387864975 4.262393488087365 0.31430932877245 
4.1026269286018895 2.108747925640609 2.2379072097017114 
23.500275464497037 2.0219097563219126 0.7383834296407966 
61.578865351131896 2.360774504013156 4.5189110851278125 
35.78867175649964 3.9378003825128776 0.08349831269818209 
2.0 4.397395155922315 0.09303148536594108 
2.895245588722832 3.474984054310477 1.4737501883550934 
74.28701092263985 2.0478594627917164 7.017029765462974 
5.43961262373562 2.2478659579655496 2.6754186291772246 
73.72047644342334 2.039322595995505 5.573610042398425 
2.0 2.0 1.1256345050074885 
4.27116511630167 2.199597434882415 2.0165791852896224 
4.316200681888457 2.2138084063052696 1.3593277167073863 
5.142172400924002 2.2181472916092484 2.5813491711033567 
5.218163569003636 2.0 1.5915190623145246 
2.0 2.0 0.9162951571113074 
7.118622910764331 2.0 4.222328172473785 
8.316628801787614 2.0 4.649360603202511 
5.203960067343061 2.8882349132471044 1.8241678218945392 
9.118878681630783 2.0 4.219478143709612 
4.8150850633691515 2.215545884759188 1.838082338326491 
2.0 2.0 0.9787215774123101 
2.0 2.0 0.6721720460511369 
4.719727807026196 2.0325511072089397 2.144015386928411 
2.0 2.003331526999904 1.1666087671908514 
5.806603284432477 2.2118035353844703 2.368604449830046 
4.873147841867306 2.235011432338876 4.463296924000205 
3.513887410428838 2.2041722978159872 2.126489189137409 
19.263682619464834 3.53648650608407 10.067109705492635 
2.0 2.005327259571554 1.6685242089563017 
6.038405679253587 2.2939018804824536 4.429613869202058 
2.0 2.0 1.0264985571801475 
5.620624680119561 2.141836240411848 2.44344333161881 
6.301375015961016 2.04079118613672 2.464836625718739 
4.30034220998559 2.136628182588634 1.1170835914762303 
6.107337712340515 2.0 4.072028506308745 
73.24656504364252 2.0 5.860161673708815 
4.413233150733465 2.012166431065947 1.1934957973265998 
34.67804099601884 4.262440326736412 14.399022159916935 
4.906566124557587 2.1216886559022115 3.0133822440675124 
4.6278991540923755 2.002825906074163 3.539689851210057 
4.655555407261053 2.2317971732653104 3.1647373294494723 
3.7522085460431933 2.0227865502460776 0.1538503228207464 
3.578767679732862 2.170846332547883 1.8201340782182482 
5.349527662767337 2.0347241437020696 3.887439144105159 
4.540888990581232 2.1950557880301615 1.6883726407846211 
72.33436974704314 4.482868598417391 14.505482298401395 
4.762340866383212 2.0 1.425662512547286 
5.451563071302198 2.396400878544988 3.387281946121219 
6.774334311519479 2.182239270253264 0.271308177377063 
16.95866695491166 2.4410654964447884 5.255160197910273 
8.80143187369474 2.323721630255397 4.5072402330792185 
2.0 2.0 0.7684008761757013 
5.133675471637502 2.2460951444639936 2.7400715603490076 
37.77191902341401 4.333285669377827 15.181459045332362 
4.2393839797774096 2.233270501719704 1.7461082727465778 
2.0 2.3310057289868245 0.8151808833648323 
4.609190063297085 2.2375911938598554 3.2551036386344756 
2.0 2.0 0.7018008218728076 
16.886476637744217 2.6021763296670395 9.63616714129262 
3.92751135910021 2.0 2.0414557681096364 
3.5899431114954714 2.250446023972636 1.3256187027864232 
4.953660325466771 2.0 1.9022928670522599 
6.589304424889289 2.0 0.23500984679240444 
13.62833095257131 2.460057476727109 0.3749035582987687 
