0.008891580000 0.453309000000 0.434348000000 0.436329000000 
0.008541580000 0.475952000000 0.456326000000 0.455588000000 
0.008643150000 0.471274000000 0.451681000000 0.451422000000 
0.117125000000 0.187963000000 0.167411000000 0.166737000000 
0.475820000000 0.009950410000 0.007367410000 0.007779410000 
0.040259400000 0.315511000000 0.293417000000 0.289317000000 
0.493241000000 0.003966250000 0.002747530000 0.003036950000 
0.449108000000 0.016275600000 0.011993900000 0.012628500000 
0.277081000000 0.085881200000 0.071768000000 0.071731300000 
0.326663000000 0.059372700000 0.049039500000 0.050913700000 
0.019761600000 0.407617000000 0.388696000000 0.388349000000 
0.021418600000 0.402715000000 0.383540000000 0.382532000000 
0.211895000000 0.119706000000 0.103113000000 0.104525000000 
0.381429000000 0.041283900000 0.032846900000 0.033853200000 
0.430559000000 0.021072600000 0.015723900000 0.016355800000 
0.021754300000 0.393518000000 0.374677000000 0.370040000000 
0.107579000000 0.199169000000 0.178174000000 0.177215000000 
0.014933600000 0.421053000000 0.401876000000 0.401550000000 
0.137544000000 0.166544000000 0.147044000000 0.146888000000 
0.441114000000 0.017532000000 0.013433700000 0.013854400000 
0.282369000000 0.079398200000 0.066603500000 0.068409800000 
0.249970000000 0.100174000000 0.085719100000 0.087888600000 
0.071165100000 0.249666000000 0.227562000000 0.225510000000 
0.068430400000 0.259078000000 0.236252000000 0.233039000000 
0.058384900000 0.273328000000 0.251205000000 0.248707000000 
0.025985700000 0.356392000000 0.337681000000 0.333444000000 
0.109094000000 0.196643000000 0.175749000000 0.174867000000 
0.086770100000 0.224728000000 0.202969000000 0.201420000000 
0.065052500000 0.264107000000 0.243172000000 0.241025000000 
0.483438000000 0.006372160000 0.004584510000 0.005083400000 
0.041007500000 0.309892000000 0.288003000000 0.283995000000 
0.031599000000 0.333844000000 0.312742000000 0.307930000000 
0.218112000000 0.115712000000 0.099420900000 0.100898000000 
0.013912700000 0.427322000000 0.408120000000 0.407801000000 
0.334546000000 0.057282400000 0.047243300000 0.049112700000 
0.376321000000 0.043679500000 0.034904900000 0.035467400000 
0.206205000000 0.121276000000 0.104868000000 0.105794000000 
0.024019700000 0.374049000000 0.356254000000 0.351825000000 
0.072301400000 0.248809000000 0.226708000000 0.224674000000 
0.045876500000 0.298289000000 0.278413000000 0.276218000000 
0.024408300000 0.363447000000 0.345099000000 0.340783000000 
0.017227600000 0.413533000000 0.394447000000 0.394046000000 
0.024241400000 0.365261000000 0.347068000000 0.342740000000 
0.191640000000 0.127402000000 0.110446000000 0.111176000000 
0.505756000000 0.000899241000 0.000578047000 0.000595847000 
0.224641000000 0.111319000000 0.095422500000 0.096914200000 
0.146359000000 0.160099000000 0.140969000000 0.140974000000 
0.094204900000 0.215185000000 0.193704000000 0.192403000000 
0.023261500000 0.374989000000 0.357242000000 0.352818000000 
0.258553000000 0.091371200000 0.077347600000 0.079035600000 
0.121817000000 0.181856000000 0.161575000000 0.161028000000 
0.176501000000 0.137786000000 0.120093000000 0.120645000000 
0.132474000000 0.171781000000 0.152058000000 0.151819000000 
0.029382700000 0.345871000000 0.325210000000 0.320307000000 
0.353035000000 0.048925900000 0.040051800000 0.041912700000 
0.242663000000 0.105711000000 0.090798200000 0.092891700000 
0.231201000000 0.105758000000 0.090357600000 0.091925200000 
0.424053000000 0.023160400000 0.018338500000 0.019718500000 
0.157966000000 0.150674000000 0.132154000000 0.132349000000 
0.021720400000 0.399956000000 0.381266000000 0.376735000000 
0.097155100000 0.209351000000 0.187979000000 0.186766000000 
0.395517000000 0.032920100000 0.026476600000 0.028106800000 
0.031198500000 0.339912000000 0.319125000000 0.315509000000 
0.386346000000 0.036505800000 0.029496300000 0.031163100000 
0.074445700000 0.241720000000 0.219704000000 0.217822000000 
0.091372500000 0.218171000000 0.196571000000 0.195152000000 
0.037420700000 0.322991000000 0.302803000000 0.300212000000 
0.415133000000 0.025674700000 0.020416300000 0.021867200000 
0.034525400000 0.326127000000 0.304750000000 0.300048000000 
0.075913900000 0.239876000000 0.217872000000 0.216004000000 
0.083910500000 0.229018000000 0.207191000000 0.205560000000 
0.298786000000 0.072419200000 0.060507300000 0.062357800000 
0.345274000000 0.051715100000 0.042457600000 0.044307300000 
0.009128570000 0.453359000000 0.434098000000 0.434420000000 
0.461344000000 0.012003300000 0.008773350000 0.009405190000 
0.306142000000 0.067058500000 0.056128600000 0.057929000000 
0.256488000000 0.097741500000 0.083542200000 0.085808700000 
0.037901900000 0.314844000000 0.293017000000 0.289538000000 
0.126812000000 0.176969000000 0.156983000000 0.156563000000 
0.268363000000 0.086978600000 0.073365200000 0.075107800000 
0.049531500000 0.292626000000 0.270828000000 0.268084000000 
0.051374900000 0.284421000000 0.264187000000 0.262239000000 
0.116189000000 0.188893000000 0.168322000000 0.167633000000 
0.060076200000 0.269185000000 0.246467000000 0.243055000000 
0.316519000000 0.063216800000 0.052366100000 0.054266100000 
0.399667000000 0.030652100000 0.024596000000 0.026177600000 
0.011548500000 0.438465000000 0.419197000000 0.418622000000 
0.056253400000 0.280220000000 0.258161000000 0.255562000000 
0.010992500000 0.441316000000 0.422038000000 0.421579000000 
0.027747600000 0.346236000000 0.326579000000 0.322912000000 
0.163882000000 0.145684000000 0.127470000000 0.127767000000 
0.286336000000 0.077842700000 0.065231400000 0.067061500000 
0.043602900000 0.298584000000 0.276367000000 0.272516000000 
0.201455000000 0.124158000000 0.107476000000 0.108261000000 
0.181244000000 0.134869000000 0.117334000000 0.117864000000 
0.022820900000 0.389861000000 0.371226000000 0.366157000000 
0.151586000000 0.155746000000 0.136870000000 0.136953000000 
0.012314300000 0.432840000000 0.413672000000 0.414172000000 
0.010397400000 0.447526000000 0.428306000000 0.429103000000 
0.361893000000 0.045404300000 0.037052800000 0.038871500000 
