2.0 18.008913161389206 136.81556591323906 
2.773880004291698 22.45475896921708 109.3874313799243 
2.8905511498648884 17.097559458635438 103.78015852802787 
2.7013688950914676 3.443981099212979 1.9683807208199653 
26.538523760256645 2.0 0.26485785530389916 
7.016491720049085 4.046438258601951 3.4479709133561762 
12.540539213133382 2.921887167182506 0.12272073816544476 
3.971116653299041 3.350653019992284 0.40632138433961806 
6.904520445559635 3.3828088548177058 1.019368191022951 
2.357491880874317 3.365993453585263 0.898246176433469 
2.0673818446241468 17.991868800381667 9.997103232279493 
2.0 20.650993666751873 8.83707774628538 
2.0722436228088914 3.3805338371128792 1.3644560469571985 
5.149444698796437 2.9086755338527643 0.6553974371378288 
3.988405562938616 3.2868232980401197 0.4758550436022635 
6.778219607474348 4.0156357737677695 7.065138958618457 
2.982755964595854 3.1417535690681415 2.0802767604725396 
2.0 21.348947897957324 13.985312628637026 
3.0529549031257677 3.4246395077257663 1.7750032055905522 
53.91068120975754 3.2108921225237705 0.3204053039027246 
2.0 3.3211686621786773 1.052500498464932 
2.0 4.3220738017870035 1.188601202256566 
3.4996225361350497 2.5171265165759023 2.698360534759282 
3.6031141623328207 2.647565184617668 2.7522252118595425 
3.388583196881481 3.071061353426705 3.085606446646548 
8.63689478460361 4.251985626449748 4.669811162249202 
2.9906456868437905 3.0356051133074975 2.0643973269747 
3.062132496338057 3.0034517506004956 2.368187967731628 
5.823719727740511 2.4318228024461206 3.1058966478014094 
3.648600568326904 5.37503098791794 0.22742340019895796 
3.94522286780102 3.161413120300689 3.78549751073711 
7.257230202053698 2.935540607265081 4.166499298051219 
2.0 3.1119908400196907 1.3333639559115396 
2.1083662911370684 22.96267884622364 15.907426333733156 
2.0 3.3629525301968712 0.8802641714839933 
9.600394088903483 2.808634352890734 0.6541392540807986 
2.912759274966096 2.9129540083910466 1.4017251930832382 
9.380447586995817 3.867049807083896 5.543345603140068 
3.109602022632305 2.861261885786545 2.6904844277333293 
4.779427854268972 2.0 3.9803109726920325 
9.435897675438152 4.346604073984001 4.957427151030654 
2.217005908480345 17.46851371271239 11.600657175957714 
8.69864088316575 4.014757113078954 5.0638392127913905 
2.5118412407755173 3.441257110494723 1.4417602669374034 
4.132050153213717 2.0 0.03707167451439042 
2.251006510243776 3.394552432034232 1.2984406505576631 
2.8414553510967524 2.8989514465551065 1.7099213582262212 
2.7960786178276935 2.8935474292629126 2.259640721736039 
9.32713488766597 4.0639403037911 5.5875911052086975 
2.0 3.244115922923097 1.147186232816723 
2.9482722377021666 2.912370178597905 1.9122179441576472 
2.6457156058950035 3.0126138922285364 1.5297735842009836 
2.759085296839821 3.268025151084654 1.8111390011725137 
6.607645657576198 2.539616159661108 4.549243800096761 
2.015518238385013 2.885195652762025 0.8075449176695024 
2.2839624641756147 3.5881745080360465 1.230858268130041 
2.0 3.4975478697170823 1.254681583780538 
2.0 3.2616510039606803 0.5493660392469775 
2.642638370919396 3.2543109716602094 1.6344149556761 
6.66536091408201 4.395781620095118 7.837690758443998 
3.0899928030613535 2.9871935433804158 2.194355690562087 
2.249716131795251 3.210049412095472 0.6599773750852461 
4.3705204805387865 4.070838619322472 4.4357964457558055 
2.0 3.398762638536702 0.7027743293096691 
3.3463041780230403 2.548447069799733 2.5941885246891534 
3.170595836949927 2.9270954469148527 2.2907054328052916 
4.977154532657337 3.5638019612192595 3.819585454792863 
2.3669754864051056 3.4337408361191346 0.5803380349983402 
7.420740334461632 3.0642668733639713 3.961042300428451 
2.9244355022174853 3.1969054385661266 2.567988759462178 
2.9575124171320204 3.4913775811063474 2.434227110171048 
2.3001756909649176 3.4327404412901457 1.0015500925534462 
2.0 3.2711992362544855 0.8357086088031309 
2.0 36.95708912461375 27.687487029449876 
4.139327142480638 3.4220358392948116 0.34737259540551013 
3.2073529465053934 2.9241797269327074 0.9861501236791581 
2.0167351602371353 3.8752896630764453 1.1667584388988401 
4.219587323838149 3.897779686464489 3.6725807408247095 
3.004236431349483 3.0616448846548594 1.8621947320561834 
2.0 3.4940137316548414 1.1104389921140245 
3.374180962980617 2.947507362279701 3.504042673783776 
5.347987280788415 2.324159688462507 3.613947094963732 
2.597076204565172 2.8707170372858744 1.9795198670684147 
3.577380229935419 3.221537216047696 2.9269771622957013 
2.2336471804635476 3.370399280914395 0.9283542741832328 
2.1183255046736775 2.510217782984982 0.6330022461977706 
2.0 35.68683050130925 18.860216863326833 
3.463821718022993 2.9338866707408653 3.2198887928545528 
2.0 38.13320844018103 20.11204653174524 
5.518791055903 4.471694250431119 4.6209397919606925 
3.3625051134354305 3.336274911192822 1.6000993319861947 
2.307996711775399 2.865239903080794 1.0418249110525284 
3.534569327091473 2.869730735595938 3.501210703497541 
2.535790376281479 3.305692718262459 1.4176393883863558 
2.540316179338357 3.282250784004902 1.5004251986815766 
9.505273108003053 4.118176305785022 6.16436850815258 
2.788720992370021 2.7512610814965877 1.6763807754862758 
2.0 16.989073662454537 18.519359499005727 
2.0 22.761181409893325 25.640556827144593 
2.4360567354889215 3.086084517921637 0.7795707615895398 
