0.086159200000 0.581287000000 0.565946000000 0.571281000000 
0.074243500000 0.633803000000 0.620613000000 0.624344000000 
0.095718900000 0.398610000000 0.376812000000 0.399190000000 
0.501750000000 0.059125700000 0.048656500000 0.060986900000 
0.195839000000 0.251151000000 0.229106000000 0.255187000000 
0.164554000000 0.282958000000 0.260228000000 0.286570000000 
0.087078600000 0.577404000000 0.561231000000 0.567047000000 
0.075415100000 0.629018000000 0.615439000000 0.618723000000 
0.069319700000 0.645184000000 0.633615000000 0.638586000000 
0.098606100000 0.395749000000 0.374107000000 0.396618000000 
0.525821000000 0.049221100000 0.039796900000 0.050841800000 
0.075690300000 0.617161000000 0.604944000000 0.611071000000 
0.362310000000 0.127626000000 0.111238000000 0.131302000000 
0.081864400000 0.593592000000 0.579140000000 0.584170000000 
0.385452000000 0.111921000000 0.096385000000 0.115115000000 
0.226213000000 0.225762000000 0.204422000000 0.229784000000 
0.574453000000 0.035926300000 0.028535200000 0.037134900000 
0.645890000000 0.018771400000 0.014430700000 0.019701800000 
0.358256000000 0.133206000000 0.116310000000 0.136636000000 
0.320064000000 0.153363000000 0.135246000000 0.157102000000 
0.636130000000 0.021378700000 0.016712400000 0.022585100000 
0.468216000000 0.074289100000 0.062009100000 0.077295000000 
0.394981000000 0.107145000000 0.092142200000 0.110081000000 
0.407125000000 0.106571000000 0.091400300000 0.109365000000 
0.310808000000 0.158537000000 0.140184000000 0.162447000000 
0.590285000000 0.032035700000 0.025272600000 0.033260400000 
0.205968000000 0.248106000000 0.226389000000 0.252215000000 
0.235330000000 0.219650000000 0.198563000000 0.223704000000 
0.081078100000 0.598923000000 0.585070000000 0.589997000000 
0.475677000000 0.069603000000 0.057831800000 0.072021300000 
0.657155000000 0.016779200000 0.012704400000 0.017481300000 
0.101225000000 0.387496000000 0.365337000000 0.388240000000 
0.377323000000 0.118349000000 0.102653000000 0.121822000000 
0.193877000000 0.259681000000 0.237556000000 0.263403000000 
0.724292000000 0.004254240000 0.003672540000 0.005456490000 
0.497028000000 0.064203600000 0.053519700000 0.067289600000 
0.095583900000 0.416184000000 0.395364000000 0.416378000000 
0.605607000000 0.029203600000 0.023152200000 0.030672700000 
0.482023000000 0.066859500000 0.055593500000 0.069110900000 
0.091422100000 0.423837000000 0.403036000000 0.423458000000 
0.344931000000 0.137420000000 0.120495000000 0.141391000000 
0.695824000000 0.009602330000 0.007114160000 0.010144000000 
0.328209000000 0.148545000000 0.130671000000 0.152127000000 
0.515278000000 0.054679800000 0.044748400000 0.056608000000 
0.152336000000 0.303491000000 0.280766000000 0.306692000000 
0.095643500000 0.406708000000 0.385301000000 0.406980000000 
0.215502000000 0.234628000000 0.213028000000 0.238592000000 
0.252207000000 0.205906000000 0.185499000000 0.210164000000 
0.156035000000 0.295381000000 0.272665000000 0.298742000000 
0.239476000000 0.215382000000 0.194449000000 0.219443000000 
0.742015000000 0.002858140000 0.002294260000 0.003461260000 
0.297131000000 0.167765000000 0.148945000000 0.171739000000 
0.164428000000 0.290356000000 0.267808000000 0.293844000000 
0.554030000000 0.041249800000 0.033231400000 0.042818900000 
0.144072000000 0.312987000000 0.290223000000 0.315565000000 
0.124522000000 0.333841000000 0.310830000000 0.335872000000 
0.765924000000 0.000715792000 0.000727634000 0.001195170000 
0.108122000000 0.366035000000 0.343259000000 0.367292000000 
0.544342000000 0.045972200000 0.037537500000 0.048225100000 
0.103309000000 0.380010000000 0.357688000000 0.380955000000 
0.628266000000 0.023624600000 0.018801500000 0.025295200000 
0.412949000000 0.100795000000 0.086406300000 0.104060000000 
0.242951000000 0.209408000000 0.188412000000 0.214347000000 
0.611865000000 0.027448700000 0.021617000000 0.028728200000 
0.303491000000 0.161709000000 0.143289000000 0.165824000000 
0.135323000000 0.324281000000 0.301514000000 0.326757000000 
0.138689000000 0.315791000000 0.292822000000 0.318523000000 
0.089305400000 0.435555000000 0.414804000000 0.434342000000 
0.262164000000 0.192567000000 0.172660000000 0.196691000000 
0.131405000000 0.330851000000 0.308052000000 0.332947000000 
0.147533000000 0.308205000000 0.285421000000 0.311242000000 
0.369653000000 0.120586000000 0.104602000000 0.124009000000 
0.281111000000 0.181338000000 0.162083000000 0.185662000000 
0.085322900000 0.586565000000 0.571582000000 0.577094000000 
0.110387000000 0.358295000000 0.335354000000 0.359643000000 
0.107760000000 0.373350000000 0.350873000000 0.374401000000 
0.710432000000 0.008271570000 0.006062740000 0.008740640000 
0.454873000000 0.075909100000 0.063644100000 0.078375500000 
0.119572000000 0.351709000000 0.329021000000 0.353282000000 
0.563454000000 0.038990000000 0.031026900000 0.040249400000 
0.271210000000 0.187257000000 0.167583000000 0.191404000000 
0.422026000000 0.091314400000 0.077473500000 0.094235400000 
0.431455000000 0.085431000000 0.072148800000 0.088026200000 
0.180057000000 0.270655000000 0.248296000000 0.274269000000 
0.209582000000 0.241388000000 0.219681000000 0.245376000000 
0.173447000000 0.278133000000 0.255654000000 0.281856000000 
0.676593000000 0.013270500000 0.009932640000 0.013869800000 
0.224188000000 0.230287000000 0.209072000000 0.234438000000 
0.090198500000 0.429812000000 0.408968000000 0.428949000000 
0.288706000000 0.177130000000 0.157950000000 0.181297000000 
0.415953000000 0.096206200000 0.082115400000 0.099122200000 
0.332561000000 0.139264000000 0.121928000000 0.142992000000 
0.292260000000 0.170002000000 0.151101000000 0.174101000000 
0.255315000000 0.200127000000 0.179847000000 0.204272000000 
0.088450400000 0.447403000000 0.426683000000 0.445438000000 
0.072157900000 0.638975000000 0.626479000000 0.631957000000 
0.185962000000 0.264356000000 0.242148000000 0.268149000000 
0.444425000000 0.080753800000 0.067946900000 0.083193900000 
0.080817700000 0.608523000000 0.594781000000 0.601715000000 
0.078082600000 0.619076000000 0.604245000000 0.607851000000 
