2.3500512954924004 31.097375601461437 20.07934700163561 
2.649727570396791 75.76928404723726 55.017346594988965 
8.588100472829984 2.0 5.899967879399033 
17.54043316914572 2.0 0.927442114641807 
11.585098812057664 2.0 2.757498488042673 
9.302587679108111 2.0 3.2050464599210216 
2.159568860889756 23.320768750960134 19.970190294965846 
3.160705535691338 67.4148084137546 41.71835364335689 
3.1880015993651525 83.16235289754394 114.8300146704214 
10.285161567297381 2.0 5.740253406538482 
7.189242874042465 2.199954735432423 0.8547441103284654 
2.0 76.64003869313846 121.52662499154661 
30.467746355568806 2.2008270299355313 1.5084669029016429 
2.0 47.29363779211302 29.320518832070146 
13.29237430474957 2.0 1.371679885802856 
15.462465367051905 2.008335962273991 2.4265617576233796 
16.5908304790816 2.2750315002796984 0.6971896022077964 
19.748573449997377 2.0864590120989357 0.5049379698404934 
17.111887145826906 2.0 1.563864760464281 
16.93029048944347 2.0 1.7534333351846703 
37.06516140825308 2.015462876942954 0.5003615221123743 
5.228906567584414 2.474809023520028 1.0769312848844557 
18.146656061158723 2.0 1.340940321986094 
13.514227625872245 2.0268311362606135 1.3537567506760868 
20.93921018646465 2.4729497665282425 1.7972860964069586 
16.97564794433567 2.0 0.6493287650572093 
30.475927818328202 2.3248440251009796 2.672800013758267 
17.228447592873145 2.079533324540284 2.3803362835477264 
2.0 55.08319657647337 34.17531426370696 
8.555043185978768 2.2202042325858558 1.0417640425972021 
10.696862490350947 2.251571600986286 0.4519476185690538 
17.914205444872835 2.0217754542418147 5.3869408916594415 
28.220914172706728 2.414131055166327 1.4515340711845361 
22.3286587253644 2.0523542593529043 2.86103530243822 
34.395136431236565 2.0764541540454173 0.061768904398986926 
31.928239568945976 2.0 0.9648315501302875 
12.079322875877299 2.036612209228482 6.77625376051625 
31.823669050048736 2.0668884362396076 0.6163598862505222 
16.889656959429534 2.3525393466374953 1.0139288367927128 
11.836752905036931 2.0610620547025578 7.3374358622703495 
46.471179146367106 2.4932623428284506 1.6408049709732626 
7.704687437981304 2.459661255431845 0.33751592493792626 
16.842318990698743 2.379058751336067 1.6850711197173975 
15.010331283474688 2.0 0.8746152774023659 
9.622676879775977 2.0 3.5300857795947267 
19.972736971716284 2.0 6.093206893579515 
14.96663869467349 2.1101268989628266 2.563084692277392 
31.497562173505507 2.0 2.2090815908758508 
13.057724548829967 2.0 3.3531041797815018 
17.128887357292975 2.1981130631794707 2.349503271244789 
6.83024493316562 2.3369923168228133 0.14949518222440428 
24.7438800563248 2.0 1.87615896352579 
19.187850988159568 2.2733921197128444 3.2681933603595112 
26.410253247591857 2.064203506420311 0.7814136459318027 
20.449106396861524 2.0 3.6378251385802916 
9.291778097598655 2.0 4.086241679515843 
2.0 2.0 0.025244776717414652 
8.913091334973036 2.0 4.8012054414870295 
51.44709559634882 2.212485209334533 0.8157802578089379 
18.17701597094842 2.0 5.128625661140591 
60.40117844762578 2.18590992849849 0.4641877430424873 
30.96244594582734 2.2336419793679902 1.2543699824653962 
5.044283570649007 2.0093241287063806 2.2963068367013375 
30.93573405860038 2.1482099738922384 0.5775723607349996 
29.990721357306903 2.0 1.7824323865969482 
12.069418237833853 2.0 3.9038577253940985 
8.94635478802035 2.1767482665648363 3.73555708799045 
11.98683843730969 2.0 8.419725584582928 
23.685533373032577 2.0282393340366554 2.088944764427125 
19.723912673179576 2.2569409514656553 3.9608971008929323 
13.412030680020994 2.032338583393928 3.5728863419859698 
20.965109664899973 2.499045109303722 1.4408865254052223 
46.86810792436981 2.0 2.0328539601782265 
2.0 27.79936681792521 26.073040421259876 
9.141863946567991 2.0240762947339097 4.623269201273936 
20.444524320336374 2.0 4.9235310954394125 
4.897769239474148 2.003579036478112 0.3124690050800647 
15.409508570020828 2.0 1.0957810924267672 
17.557201615053557 2.135055734639453 4.412112727686777 
10.860093206038062 2.0 0.7422949586992267 
29.667673631296594 2.1283940560368 2.0479564530284806 
12.702554869429802 2.3544583449530654 1.1987785383668748 
13.966629764494561 2.0 1.1660509764447962 
18.23094227108223 2.081768906752702 2.9757844967828673 
18.28517171400521 2.047740742105557 2.6463270442550977 
11.573731236665092 2.0149874609489813 3.1236512817100324 
7.935720848005319 2.2182923398052568 0.4121636027417619 
26.89225367053186 2.2122929479738644 2.450899027306078 
11.84712891384556 2.0 7.8373416938905525 
33.101201514012445 2.0229014422134126 1.914615287631703 
17.772391018537306 2.0259298369042797 1.2428375276560333 
12.421537026226378 2.466050781098174 1.6269339595236287 
28.716285133914468 2.0198309843778106 1.8983020519021812 
26.328673754814922 2.0 2.123692711432564 
12.118714580336169 2.0 9.840611912946718 
3.497726469753072 41.59162188159777 108.74739380723275 
17.681620516421084 2.0 2.8964299754676697 
14.430745523449424 2.1799644840453873 1.1428079366540613 
2.035521072876208 34.27561599581985 87.30517096558602 
3.3944836609704936 35.74602152652676 32.66140540351461 
