10.385411096868847 2.0 120.64926446449276 
2.0304697062244177 40.99441455980063 162.18267555194473 
2.982535994366107 39.10117689765026 172.56019108545482 
20.28694614466884 2.0 80.98818527596828 
12.155431034655255 2.5475885662574242 127.55082727881461 
19.619269904224335 2.9310839008136393 112.77680307920508 
3.144745927891311 43.95285461627453 176.5542221967016 
14.494184253104896 2.675625321746679 93.5822413244813 
36.36266586933332 2.6798786855481036 17.368352837212573 
2.9367017453854922 35.60813634192983 163.4852861713766 
3.8974436804409294 2.742930448133701 136.99356652609663 
3.4077155674252317 36.945301136525956 159.7809122920785 
2.0 36.337665821019876 137.79661524411605 
8.08950328430759 3.0620820249980687 136.16937027902935 
9.753211927825205 3.33847691315603 130.59967698079777 
5.613265516668639 3.325280786676757 128.0 
2.0256667888986217 2.0 1.7334888457648674 
3.109279752697878 44.6931762599427 256.0 
2.0 2.000301015466859 0.20437592744568178 
2.0 36.003846894256206 128.0 
2.691274546227204 38.60261020952768 151.02650098403913 
3.1466417648008393 35.32656095474307 251.2652587755678 
2.3427185490542035 39.33511778392577 112.31446619166621 
2.7010763984213497 37.98363145444416 141.3434895308504 
48.67625996475346 2.1560423758533958 2.5862043198176394 
35.05228012801415 2.003281387133379 1.1944212368142888 
31.199886998038515 2.828940943050657 23.359194265843186 
62.57386495867915 2.0 1.9445658357270403 
31.71011513327297 2.5891470716729255 24.577552144356144 
14.64944720376882 3.399291040781235 1.2029834540850866 
64.9143689149121 2.5412277059362043 22.921919555279654 
2.898636750377048 2.027754991994459 2.6730978552987046 
3.3484123638057954 2.0416466100979695 2.558384736060925 
26.0674110695319 2.5637038071595804 20.52693832292657 
12.75548393794315 2.428412361137577 5.710520645604534 
18.470439253787998 2.431311786922935 6.107174507784463 
12.531035847959068 2.009577091782134 1.0751253891749322 
64.2629346756574 3.3489184296509498 12.631040453366378 
21.258277431601453 3.3732748145688247 17.48914594530809 
8.172186415622935 2.0 0.5961111312273781 
2.0 2.0 1.0029482939599743 
9.723050601353117 2.0 6.925598007176106 
10.134496755919706 2.0 0.7313044240173245 
11.333503640656197 3.2700929285304157 17.59623242679136 
41.90434713904094 2.004717866571521 1.5023913029482825 
74.55750155470344 2.0 2.511596952137694 
9.76835315516503 2.0 3.568643129066224 
8.492162010624888 2.0218224658397186 0.6924454729027469 
40.208071086242626 2.004505531341491 1.3001179299732009 
26.192663938308243 2.0809581380911544 1.5652671773292381 
2.918056393212874 2.9357755609174223 0.6655917431517651 
7.899079100907619 2.0 0.8358693466376137 
42.13806835074022 2.0 2.705967719474586 
15.81981607018773 2.0 0.35334992457208614 
36.408457790996465 2.446167311838118 2.287991826666241 
14.139179310182653 2.0 0.4780762057117389 
18.972190386834324 2.0 2.8458358927170764 
44.62869539243799 2.0579746188882355 1.6210389086091626 
14.176002376682241 2.009434340604089 1.04111427611691 
10.742126321753604 2.1432798206417423 4.200650586178145 
14.225946275654906 2.0 0.2906204106312522 
55.904095990567924 2.714309632749626 14.036199415224104 
94.25777734147972 2.0 1.5431865450572388 
8.179738887044536 2.0 3.1786606423864407 
8.054079204837333 2.003261365776403 5.066533088497031 
30.9493600330728 2.5547997861119582 23.980795651475987 
14.141883352724069 2.1038004619211756 1.8018079914544451 
55.34449610157522 2.7006546085756713 22.588829396784874 
2.0 2.0309536934589256 0.3678928015978564 
51.292477889959045 2.0 2.162863760822684 
26.34641388802787 2.464511495120129 3.9071636627978474 
