20.318624483971554 2.0 0.0 
5.72412361779417 2.94639156028029 0.0 
2.0 40.218015873711934 0.0 
2.0 2.0 0.4532289354092456 
2.0 2.5394658469414337 0.8367673780667911 
7.249282761448857 2.0 2.3456114471024128 
30.86566680535758 3.1412877920081734 16.016248583905107 
10.398336363749292 2.0 3.213297356183235 
2.0 2.0 0.40247147708208253 
9.608555378893179 2.0430652544561267 3.3139750745719185 
5.264188997172354 2.05587908658266 1.346797436022007 
6.27265153318189 2.372330950738743 1.302373477409956 
5.706860538823136 2.0202241576047526 1.4141367317163758 
2.177727768896812 2.0 0.47975577643569345 
8.104981358732008 2.401960800218568 5.30724279077941 
5.638970699189583 2.045141573752617 1.1355330678857605 
6.768959795192856 2.0 1.094699294443636 
34.02485941761845 2.5582512836514355 18.80721416953543 
3.513187263874311 2.2337263445827844 0.8522495522524667 
8.192045909563697 2.0 2.293164162046489 
9.645105705197356 2.0122761103709434 2.9046099126679117 
4.189195227997266 2.0 0.7195898086936166 
28.241351259756897 2.079104948620558 6.462648809292332 
10.75683802613606 2.101742000306448 3.9128097861035798 
2.0 2.341988310424385 0.5063778918949948 
5.689097035736145 2.0776535170265413 1.5075593473208109 
2.0 2.074551223686534 1.0770048892559985 
6.012234042934381 2.0194691434980534 1.8775008212181699 
8.242227708101675 2.0 2.459452828240229 
5.8739117221106945 2.332027702612344 1.3670246858500694 
6.154138281896434 2.0806342124821757 1.7099522377000824 
9.970226808073654 2.0 3.5646945471804425 
13.359095868311815 2.0 5.975183624295083 
7.324350277985715 2.0980455842812704 1.2607726923642697 
5.636258260749978 2.337882500728977 1.2245970203266665 
6.81980440311397 2.0527610725486993 1.7240531972005089 
7.325686036011501 2.0403256907156404 1.4338122253717638 
5.501213328966565 2.429188556212335 1.926520744508786 
8.386873365412576 2.0379018254525016 3.057941505031544 
3.8936822018884127 2.225758871121063 1.077872149591127 
5.206366779067099 2.116966244868266 1.1884834827695219 
7.700752250682973 2.159754724617781 1.9421296385432485 
65.35436314745508 3.4240980854046974 19.456562077769732 
3.7432443541613813 3.164123086959793 0.0 
8.789629728867052 2.8284046950774466 18.726941185103 
6.433517425798862 2.0 2.5964964327365863 
6.842195811535303 2.059281510428473 1.5667414358060752 
6.786728994627841 2.0 0.8667054334725468 
8.188862755076194 2.0 2.6802875216773323 
12.01909800225735 2.5090182721631193 185.17608171825907 
9.922717076380575 2.0819039016416943 4.10719837927389 
7.122281129061949 2.02778195851511 2.16660427011862 
4.646753749671366 2.0 0.4882711973071328 
7.6445705316097845 2.051529248322979 2.122530566280684 
7.189753776739067 2.0281126937515292 2.8456206479039814 
8.282626295405334 2.0094297570067168 4.641294764789673 
7.417994350237933 2.0971721253872566 0.6513166215393293 
7.508325452454923 2.147047847259394 2.7888434664495514 
10.28638072028663 2.2621122958764754 3.7057564834864993 
19.137131327617677 2.9758058857076297 13.523868767102275 
7.632428868564934 2.0790793247600208 3.1363593263179705 
10.045257400283575 2.0584704384386963 5.5761182989701386 
5.979645523332926 2.079048722654461 1.5403874187298048 
6.38563252179679 2.0 0.5493600393598346 
6.820820828244444 2.0 1.775636580901232 
7.856960810346529 2.1877784635064237 1.6375806717481247 
6.555126694598128 2.063271108315377 1.5952616035026348 
10.463412963057952 2.074458439869537 5.270340950785682 
7.480136445210742 2.143389374650771 1.6957320427667926 
5.470248480528131 2.2964426317984326 1.2253756404547662 
2.206395094463035 2.231000306288377 0.7523458981271094 
3.071041801633673 2.780001796936628 0.6133279487290698 
6.323612994955309 2.064457255295838 1.0204706986234626 
2.0 2.248954504649902 0.572032953342456 
2.0 2.0358955836155164 0.6133198738268921 
15.944249750627813 2.7434340876730703 11.857355612745272 
2.6146957545916 2.486518036013118 0.32313152309848675 
6.328776243783849 2.0 0.2084052414879647 
6.2354063683752425 2.0664343167746 0.8864742279978188 
9.71674091123911 2.135994432282114 3.411574008320835 
6.8757069043788395 2.016204190044711 2.2258394531713463 
3.5192150596667116 2.4123180387848233 0.9917649288255593 
5.504381468202943 2.439039258802781 1.5875233850067487 
5.380602498258786 2.0391654945270217 0.804078076355707 
2.0916905292455334 2.309686980987642 0.2721658680967969 
2.8298326728465524 2.2120647598685155 0.7937590509330921 
7.512241813158847 2.104180741721731 1.9158743627280683 
26.80062058439164 3.1095170326621897 12.535851809768339 
7.058798535922203 2.204550619934028 2.0081289746394466 
7.256844836192545 2.127029266124573 2.048395369770363 
7.645551673841738 2.136155719251613 4.373681731489585 
10.406925309178304 2.6206974106816334 27.262307389757026 
7.656771815529591 2.1448929043121554 4.933304753245084 
4.195184409647045 2.0 0.9499090867284493 
7.687479436691607 2.0 2.4057514242553477 
2.0 2.0 0.08941039195519518 
2.0 2.0 0.669529534496426 
7.724682891533561 2.007200008164959 2.5578377696515746 
2.1971411103577427 2.1441778864546097 1.0013729817875987 
5.340720916938175 2.0 0.8009648095926749 
