2.0 66.57955318618905 179.33853819372274 
2.0 89.72083664031814 162.7126829374463 
2.0 62.72164783558531 152.21270498747884 
4.7840662726262515 2.0 256.0 
2.3977762689035456 55.28753902306565 196.29982717477498 
2.0 36.2666077168119 244.37776688189462 
2.0 31.25198140144323 256.0 
2.0 27.165328844995543 216.09511913843272 
14.700000000000001 2.0 256.0 
2.0 47.489071977323476 256.0 
7.433144528588208 2.0 256.0 
2.644724239004912 157.34211813892773 1.511366600834604 
2.00922404671537 34.4796751785873 245.92473711238915 
2.0165627919980156 77.26588652635343 164.9664865519151 
6.134225983610063 2.0 256.0 
2.0 25.930415100831024 190.72668899956435 
2.0 43.36262518821877 255.00494255802025 
2.194937702093224 192.0 0.3986380531432303 
2.0713118435129 187.0198742504136 1.6478594550147896 
2.0 34.85253737260552 219.3858769604019 
2.737985354207617 191.53279274277594 1.0609063270562764 
2.223967894835667 160.00117017863866 2.8202279562689405 
2.257749827294301 191.3413797441867 1.269774639908722 
2.019347846145662 191.9082401991923 1.803018143501181 
2.0 31.870134774290833 256.0 
2.0 185.25731048872325 1.9739484508498748 
2.3299329358368377 173.28116439647124 2.3538962564563572 
2.695370740300332 161.53534471163096 2.8821162722467566 
2.000007525873159 178.10751965683525 4.258920753820471 
2.097722293190494 189.3268775376539 0.4353973953529646 
2.4706501870356115 180.07128083109558 4.5905775404522835 
2.756731086007171 158.7524176064479 3.2530735859491733 
2.0742842993297246 188.2489358903773 3.341369824607784 
3.200900056857752 90.56065902441597 106.05908774974162 
2.018638371615648 192.0 2.131810364171102 
2.581967909976886 158.82111090247054 2.146952369734631 
2.003805183582763 183.90903813766386 4.800400969153763 
3.4266744954737822 74.64768168349487 92.30511934277922 
3.2733404656008522 42.10308667214986 123.2384190648196 
2.0 67.61362362202945 104.59962417685547 
4.943064775097184 172.29689285127895 2.4118506403065822 
3.148096878442337 87.23419067560437 102.11903251231479 
2.0084305563518012 183.75046429719427 3.292557186233327 
3.46682743303022 97.0 3.866486980569633 
3.2852501235716556 55.649538508547764 125.15439767750092 
3.352307035235149 59.59715547030663 85.93151877656189 
2.223223941269411 97.0 0.7036254711566388 
2.5398938990015836 40.08587146979061 85.68161361684827 
2.2771991459104663 126.30632491596423 1.1591362891995582 
3.4557299542337585 90.11566775533882 103.70439634501258 
3.13448541135539 57.65682817407301 112.8515047723114 
2.8518979261099773 91.62924540588047 73.8510689434618 
3.430451444101411 119.78682367841394 2.0922659377385364 
2.6457094003229864 2.0 16.998837855122055 
2.0 174.70390304061817 3.8547352290391412 
3.310002034001827 59.773253531125604 89.37157625372387 
2.5002192884888017 43.5730873353952 114.01049928818716 
2.000367861977468 92.50389911096772 3.760073232900085 
3.4200032762573955 59.273636870139725 111.19022429033863 
2.691537843567244 89.95799231644975 95.51185118756905 
2.88417591225761 111.96714176460196 3.0296020823026026 
2.0600714682570027 2.0 25.63741508875537 
2.805886946629063 90.88427448300696 69.01137941287539 
2.802360090504015 65.67920315417743 89.1523943986514 
2.7834584885466667 66.40740663133153 78.74428624710325 
2.6345045302086367 93.03461315493699 45.109531497870606 
2.271473427362751 85.25542794774533 17.244247858105673 
2.856939886185297 75.8093326943781 2.0824236889828756 
2.7217307107480537 45.32530045224088 12.822329387454877 
2.373958800958515 29.273501637666428 26.068771389967914 
3.4851815517802356 2.0 40.31463550850336 
2.3249490344352837 111.15957722160059 3.3528893775319335 
2.1869854352701807 27.859528200046952 24.812876350842686 
2.0850633008770023 93.7887316322806 23.82075914057617 
2.350903851599719 106.53242652177619 1.8835422043783085 
2.6902637328032157 65.87709171215744 46.290297648292565 
2.4659572295201118 94.8379076497323 25.305299222188967 
3.4078599400241076 89.10587719366404 60.373126813562834 
