2.0 34.71112300858602 18.193468981169342 
2.379178811194183 45.844351176626084 22.060607125134737 
2.1276559164038558 37.71673269539424 16.241378259186078 
2.0 2.0 0.018738729468230297 
2.915642700700107 75.52607803518072 76.01976776803869 
3.2753790121380195 78.69117511201064 66.04708823767095 
2.0 37.570079588114424 20.037488823641436 
2.2272047384650713 42.899490004832565 0.0 
2.0 76.67774672859095 28.289365201260583 
3.103516051766046 45.769920610010715 21.485769312307003 
2.7420647572869394 93.01101993739087 103.80878013181066 
14.700000000000001 2.0 2.3761825434166566 
2.0473485601061765 46.49363294819064 26.1461709723195 
5.958702614744487 3.1636450736369035 0.39226058734647706 
3.5332962449355314 2.0 0.5697961846950297 
17.990080519636372 2.0 2.9813528310553195 
18.085254197352548 3.115501399442926 0.3998116418359876 
11.911685635437443 2.013512104587197 9.328730625224303 
19.470777895736425 3.4378654921276204 0.43363412099896315 
12.984646173913353 2.0148722667736703 2.0219212708881065 
2.0 2.0 1.270404867258336 
17.188615169520748 2.305504403905105 5.094842690643379 
2.2562827749128087 72.01275804376628 106.05301494709505 
2.350176381883074 36.057891045417946 82.5430462940451 
21.428950422458946 2.0 2.4720491764590653 
11.664103762148265 2.0 1.5277750888014907 
7.135912570661532 2.4747374425325805 1.0601884007112943 
12.831999422322312 2.0 2.251639139682929 
27.24869233156488 2.0033558019710784 2.592952016240048 
5.468872269170454 2.0 0.3246881008279692 
5.268426188008246 2.3807153034965327 0.83655469664557 
4.157294704172347 2.7638153443613547 0.5984397671078572 
12.039318613611124 2.0 0.8592267127738751 
24.440459363752204 2.0 4.293180072534728 
15.270034473151654 2.0 3.5892169411117685 
51.543785766568234 2.0 3.756087666103559 
18.43626181630626 2.0 5.376749541074139 
2.9332397545797786 61.969444779759144 57.490082283949675 
15.164623358305548 2.114082993647135 10.248724552797233 
12.318541409721881 2.0732327222309177 0.6929787203190862 
11.729623543223477 2.0015559004814594 1.2611496630423762 
25.323478212582735 2.4492046883194183 4.056047990878877 
8.370938342718329 2.0 0.15427604846690085 
9.862421407797674 2.0 7.126720536270879 
2.0 67.37577010498597 36.19222737112774 
10.32748562321095 2.0 3.5908557096423728 
11.09502220242038 2.115441352401283 0.6709364433152508 
35.99042107062919 2.0 3.434065865872534 
34.304836791256974 2.0 1.3438710926147763 
25.078510420061352 2.062689530516674 3.932930899560904 
25.29030385253985 2.1327499187557626 4.899856506280674 
33.09527375130351 2.0 2.8191675419830315 
18.979530054854923 2.0 0.5482596932841144 
8.345403582412242 2.0 0.6349005961161087 
38.71777400886103 2.073021458385823 3.340050320500273 
26.32930622005399 2.0 1.4391692536452005 
45.87876230137387 2.0 2.752875066871993 
26.109233439684445 2.6695226094083457 0.9236640940374665 
20.519233115017688 2.0134488238386314 2.0214417021467987 
2.0477047542317797 2.3532699293973147 0.3495599925892088 
10.550175879647307 2.271526608483701 4.596963041046414 
4.163999436720793 2.0 0.09588571351988762 
22.95936290977987 2.0 1.9171497047094355 
19.9068750701938 2.0 2.320716480388054 
27.39554760449752 2.8842855785032078 1.399095432033815 
19.213159235077548 2.075671738913723 2.872707006380236 
42.146094405018225 2.0 1.7192824699698934 
8.597661481966437 2.0 0.8983160448531888 
29.892758344620233 2.0 2.066413882394712 
24.972843547217494 2.5618906294045005 0.42056865952437794 
11.84248530560631 2.4046046635172402 1.081250238459738 
12.606408865833679 2.1749564788301146 1.8175303848523239 
3.123334567352306 64.69018732130291 45.3739340982637 
21.2352363490924 2.001389022297836 2.534893555652536 
32.94714177938191 2.0079207896928652 1.6286194808452414 
34.964636215881825 2.2318294040791327 1.2470606786461644 
33.76094451898128 2.111543545947741 5.122426883647433 
24.70453949809826 2.0 1.8629309031794832 
32.35040587425995 2.008952670465305 1.915084459364432 
24.993826344656867 2.101300718931059 0.7289326460068968 
25.312374427832214 2.0 3.1279240385219342 
25.350553912163193 2.297836131937237 2.297735001016352 
3.1470344180380936 2.3717647872119363 0.4023169476831514 
7.242567024496218 2.0007023533594173 0.26153468181435385 
26.6997090066885 2.0 1.8341591606959589 
35.377319785279056 2.494172720219636 1.8597115692397344 
39.78725360656512 2.0 0.1505397085914435 
26.359870919713607 2.0 3.2669668574883897 
40.39353431815793 2.0949430825875295 2.0842043961907937 
33.68590578981666 2.0 4.254452495419947 
4.05672056564071 2.0147973333538154 0.4542207814591518 
52.67815594047948 2.0 0.49592316248082824 
11.943366044419239 2.037457373333146 6.237608769163812 
13.144039797656635 2.4472005478228196 1.0748215525709357 
62.344511012823354 2.0 1.2161646576885152 
17.439003707144614 2.0140364264264563 0.8553312190562934 
22.976766581039826 2.0804527556340897 1.9767186513932897 
18.77653274995386 2.03613342157502 3.8782104097489976 
29.173920187000984 2.0 0.9182825139007869 
27.80543147785637 2.4738899079712264 1.6630629117732543 
