0.008844380000 0.159250000000 0.166172000000 0.183891000000 
0.007481100000 0.173516000000 0.180084000000 0.197504000000 
0.007298950000 0.179013000000 0.185554000000 0.203165000000 
0.007628920000 0.171558000000 0.178314000000 0.196150000000 
0.010940100000 0.147479000000 0.153418000000 0.170702000000 
0.007178310000 0.208367000000 0.213476000000 0.232184000000 
0.014720900000 0.118567000000 0.118954000000 0.134794000000 
0.007669930000 0.165649000000 0.172203000000 0.189741000000 
0.010980100000 0.135198000000 0.141025000000 0.157832000000 
0.046795400000 0.048322000000 0.048699900000 0.060396600000 
0.139262000000 0.002215900000 0.002305250000 0.002859870000 
0.053319500000 0.040856400000 0.042471100000 0.051912200000 
0.071565200000 0.024231700000 0.024869500000 0.031309100000 
0.144147000000 0.002040450000 0.002042320000 0.002478390000 
0.015646500000 0.113405000000 0.113322000000 0.128973000000 
0.076751200000 0.020840600000 0.021615100000 0.026698700000 
0.108196000000 0.006868400000 0.007311320000 0.009378080000 
0.013842600000 0.126168000000 0.128072000000 0.144181000000 
0.132477000000 0.002950700000 0.003106750000 0.003941440000 
0.042028000000 0.056546600000 0.056648800000 0.069504000000 
0.176612000000 0.000141965000 0.000104691000 0.000112706000 
0.115822000000 0.006705690000 0.007065380000 0.009389120000 
0.014485400000 0.123783000000 0.125110000000 0.141370000000 
0.128665000000 0.004845680000 0.004932450000 0.005940530000 
0.050336400000 0.044190300000 0.045509400000 0.055582000000 
0.090489400000 0.012320400000 0.013064000000 0.016668900000 
0.069589600000 0.026907300000 0.027498500000 0.034980000000 
0.102335000000 0.009862600000 0.010114700000 0.012899700000 
0.060902100000 0.033798100000 0.034915500000 0.042642500000 
0.051397800000 0.042227400000 0.043893200000 0.053674800000 
0.037838000000 0.061291000000 0.062447100000 0.075100000000 
0.023982500000 0.089670900000 0.090108300000 0.106158000000 
0.066738600000 0.029887400000 0.031023700000 0.037894400000 
0.036952000000 0.068042100000 0.067841700000 0.082408400000 
0.064477000000 0.030669600000 0.031416000000 0.039202400000 
0.022011800000 0.099743900000 0.101358000000 0.118133000000 
0.026174100000 0.083487900000 0.084072500000 0.099495400000 
0.016517200000 0.111820000000 0.111665000000 0.127324000000 
0.056246800000 0.037151900000 0.038382500000 0.047239800000 
0.022161500000 0.093109700000 0.093493600000 0.109832000000 
0.096426500000 0.012017900000 0.012509100000 0.015652500000 
0.032025300000 0.070200100000 0.071108000000 0.084908600000 
0.027704200000 0.079321700000 0.080062500000 0.095043000000 
0.009074690000 0.160006000000 0.165248000000 0.182506000000 
0.107145000000 0.007391780000 0.007852140000 0.010031100000 
0.164779000000 0.000525767000 0.000498547000 0.000583806000 
0.079996600000 0.019627100000 0.020392900000 0.025259500000 
0.010838500000 0.151609000000 0.156218000000 0.173591000000 
0.062916300000 0.032005400000 0.033085400000 0.040475900000 
0.059450100000 0.035802900000 0.036559900000 0.045418300000 
0.043302100000 0.055105000000 0.055219800000 0.067887600000 
0.030005000000 0.074510500000 0.075310700000 0.089652000000 
0.036976300000 0.062503000000 0.063658000000 0.076457800000 
0.012045400000 0.130874000000 0.135292000000 0.151999000000 
0.033064400000 0.068893100000 0.069880700000 0.083511700000 
0.040051000000 0.058030600000 0.059280200000 0.071505100000 
0.014037600000 0.124230000000 0.125722000000 0.141998000000 
0.071888400000 0.023535100000 0.024389300000 0.030101100000 
0.010161900000 0.152833000000 0.158256000000 0.175483000000 
0.152323000000 0.001222340000 0.001232140000 0.001481900000 
0.069083700000 0.028332400000 0.028878700000 0.036586600000 
0.148698000000 0.001485780000 0.001492640000 0.001778380000 
0.105307000000 0.009042700000 0.009386800000 0.011739400000 
0.155572000000 0.001038810000 0.001047230000 0.001255540000 
0.055052300000 0.039314500000 0.039858500000 0.049900300000 
0.081253500000 0.016605600000 0.017545000000 0.022309700000 
0.086061000000 0.014659400000 0.015448400000 0.019558300000 
0.057966700000 0.035477800000 0.036999600000 0.045535500000 
0.008701800000 0.164518000000 0.170119000000 0.187475000000 
0.013679500000 0.126416000000 0.129468000000 0.146372000000 
0.012544200000 0.129464000000 0.133476000000 0.150206000000 
0.022093800000 0.097014600000 0.096933600000 0.113235000000 
0.044048300000 0.052410800000 0.054179400000 0.065508800000 
0.020350900000 0.100843000000 0.100662000000 0.116972000000 
0.130869000000 0.003959890000 0.004200240000 0.005589250000 
0.073348500000 0.021437700000 0.022435600000 0.028172700000 
0.027111100000 0.080596700000 0.081243500000 0.096310100000 
0.121051000000 0.004608430000 0.004878340000 0.006190930000 
0.018172700000 0.106383000000 0.107773000000 0.124046000000 
0.013476400000 0.128210000000 0.131867000000 0.148655000000 
0.023034600000 0.091713900000 0.092185700000 0.108480000000 
0.011019200000 0.133863000000 0.139363000000 0.156046000000 
0.009427550000 0.154920000000 0.161003000000 0.177974000000 
0.016828500000 0.109627000000 0.109380000000 0.125086000000 
0.160215000000 0.000916426000 0.000882106000 0.001020450000 
0.049007400000 0.045965900000 0.047278600000 0.057634300000 
0.045284700000 0.050738900000 0.051040000000 0.063047800000 
0.171051000000 0.000302037000 0.000265676000 0.000286297000 
0.011707300000 0.132350000000 0.137326000000 0.154034000000 
0.047102900000 0.047670700000 0.049411300000 0.060043600000 
0.116396000000 0.005421200000 0.005743770000 0.007298910000 
0.008611680000 0.165862000000 0.171833000000 0.189182000000 
0.137599000000 0.002392780000 0.002494600000 0.003100900000 
0.025895600000 0.083621800000 0.084191900000 0.099569300000 
0.036508100000 0.069805700000 0.069550900000 0.084402700000 
0.009227750000 0.157251000000 0.163565000000 0.181184000000 
0.019421600000 0.104741000000 0.105851000000 0.122073000000 
0.096752600000 0.010369600000 0.011012600000 0.014059400000 
0.025462600000 0.087058300000 0.087551100000 0.103298000000 
0.018336300000 0.104847000000 0.104567000000 0.120459000000 
