2.0 13.341612551350423 0.0 
2.0 23.064097995923063 256.0 
2.0 31.36721376609335 0.0 
2.0 20.686932983067067 0.0 
2.0 8.47487374115279 0.0 
48.07517575062583 2.0 126.56897821602655 
2.0 2.7195451702045546 0.0 
2.1297293467708585 15.055611627089645 128.0 
2.0 5.965720302454406 0.0 
2.0 2.0 1.3866938742314896 
2.000759254795769 4.427544490253455 0.3833801136588476 
2.0 5.612836578243879 1.1929589766336066 
3.473026287112276 2.0 0.9883782059184476 
2.050219979857821 8.566679815559425 0.33584593158530923 
2.1015972398974694 2.764958549864711 4.83848570468154 
2.0 8.747133836640963 0.8581271525096227 
2.0 4.1884176054616145 0.5932633825006176 
2.066526414680307 4.193400603561637 6.774478925154106 
2.0 4.255387098227513 0.42517617217548664 
2.0 2.4913407474458724 1.5246239381674165 
2.0 2.0 0.1139735515459856 
2.0 2.0 0.6228052399083648 
2.0 4.106878398935346 5.024970912394611 
2.343359220834206 12.175075247651115 0.4550335650476519 
2.2589429716217055 4.351170315566128 1.286121577187191 
2.1203318036652465 3.9105846573609777 0.7418340096470444 
2.0 2.0 1.0571523065262647 
3.1199960190617126 2.0 0.6807525965098244 
2.0633965952679785 9.386765356927182 1.0833925454358813 
2.0 6.000666348492671 1.2109275184482242 
2.028778173184442 3.7540545351213703 1.5330005237425073 
2.092500311451607 3.791530126676196 2.0629999539419566 
2.2322801784713295 9.798334632551045 0.9998690985393863 
2.403913869721827 2.0 1.7265356689646438 
2.8712631383508915 2.0 1.1028636948069968 
2.034899760895577 5.524689974049185 2.206554659493746 
2.09959771171975 4.253122548151538 1.923271555419575 
2.0 3.138513096313887 4.504456180147329 
2.3270627285193233 3.835532882834478 1.1867000868423734 
2.035184890612766 4.238481934582962 2.1590736359859717 
2.253199117619785 9.108243221238855 0.6727991964038661 
2.0 3.696766011576518 1.681468872164833 
2.097832370040779 3.7083330144968905 1.8369931493762977 
2.0 15.393046608938247 7.546936045118521 
2.0030841382982945 4.089670545465267 0.6118803051695243 
2.024996132106608 8.790354145240213 0.15264641429621711 
2.0 8.641400055245603 0.8375128819277288 
2.0 9.535508026273295 8.07682009129981 
2.0520941587711663 8.93864336304088 1.0543517845085362 
2.7672806613355685 2.0 1.1939465650503016 
2.0 2.0 1.4977213385836958 
2.0985912010783982 3.795497674623515 1.7576288310565429 
2.4217222874868067 4.257290516778847 1.5572759777260452 
2.1362320692980887 6.3323784002843695 6.373570903095897 
2.08217483652668 3.676385601013618 1.6620132344851546 
2.252085938188471 4.470613637251802 1.4888346619557047 
2.0 4.19652153087279 5.290835412427918 
2.249797742947393 9.004335424961663 0.9153494831285678 
2.2375478147860246 8.831018633963332 12.256760685819986 
2.029650000003141 3.660519266110362 0.2973760279894388 
2.0 2.0 1.0786103399769318 
2.02966786848175 3.66941063499404 0.3271136307883827 
2.241725728264392 8.904346429764592 0.62001866133511 
2.0252366873278658 3.5283710312327514 0.2812101264575238 
2.0 2.0 1.2521756698262747 
2.0116947739121116 4.367701081408386 0.8396860765018719 
2.0044738408955376 4.107164403750229 0.797573906991393 
2.0556097628601178 5.5176500357404485 1.111551323500994 
2.0 18.048884785789852 8.89405933303479 
2.099429384203343 5.547431948707327 4.5605642578369725 
2.0 5.641285057367508 5.625421528361163 
2.0488782914099195 2.0 3.4601000162266238 
2.231463102448189 5.878552394134552 1.3548982417684758 
2.035652449252066 3.154732722202798 2.8612842535251923 
2.0099484183056537 2.3557087839610014 0.5197697202580638 
2.277379269001493 4.34670874918382 0.9326144205453701 
2.1385580369970105 3.755447109774911 1.8674975796806073 
2.0766540642630127 4.393186625354424 0.5039557127639721 
2.0010204699820227 2.208540275773929 5.540498147757532 
2.139949112378656 6.447456204643026 5.164489013013802 
2.4626698532199467 3.887959188657784 2.116576264792684 
2.031513079371784 5.856959231123702 8.773171713792056 
2.0 11.197495441150608 10.835460181789806 
2.0497833180751757 3.364350134991322 4.118193072163668 
2.0 12.188176677591223 0.21450107686855469 
2.0211907348825635 3.5861129070092828 1.3022106529007211 
2.0994756581486342 2.114677985717863 1.4304788027029218 
2.0 3.6782320869892295 0.14000982775366483 
2.0 5.517775038797147 7.347464628020532 
2.126682366038428 5.982674444696462 1.292592833592478 
2.314815322225427 4.080973504525723 0.5409342760309859 
2.137313697478796 17.66642989016922 11.115927438773081 
2.2928434530011823 4.3896460820789915 0.39338619623695903 
2.14989912383422 4.3191883348591125 1.934716495426706 
2.4162762567494096 2.0 1.7631679991055809 
2.3745224747901332 13.123404945861793 9.82630438430158 
2.0 2.0 4.962727926746567 
2.0158251453770974 3.8874388421938915 0.6971567241634969 
2.1467573054050435 4.165513348960432 2.001145339057974 
2.0771592038883027 3.2116746468184374 3.364948047258232 
