2.0 17.96315563824552 162.86086990306973 
2.546252139242338 16.989068781507356 149.50837988403205 
2.1232815286861775 8.960248804738475 14.664776119129852 
3.3261414685099275 22.17527288724331 189.558208574702 
2.0155581893396697 2.730246058507237 0.5333976528976879 
2.0 3.693467510797894 0.006897281066440719 
2.0 31.09837721338279 7.725113862354972 
2.0 26.714250795798762 9.446549685743273 
33.251864399348214 8.166853111909596 0.06896693156881195 
2.048648298891272 16.84728113753519 0.3422473447083916 
2.0158145032442176 113.64056462118165 0.4150160903609401 
2.0 17.059843157862474 19.107564519647603 
3.8785457554651117 2.497639977791154 1.3200962966422463 
48.10138777376565 4.6460768239300245 0.7489913369061365 
2.0 22.90868494823185 15.040288066535862 
2.0302155317858617 3.1942743443437758 1.440225016548476 
35.872850764701866 2.0 0.05597209210692822 
5.004205877946555 2.774900177077675 1.0642609336437852 
3.0070115195948923 2.514716517007262 1.5604767685224235 
2.109867600435627 7.460434429299435 1.2006823211951094 
2.0 20.779886059308303 10.518158056528675 
2.061627487477065 9.567983685702764 0.3923258373320207 
5.673566190311769 3.1589919781336864 4.2672147693034335 
2.0 37.53139474392915 23.73431716976903 
6.01795305679384 3.240578209548204 3.3428259248070056 
8.865520625191424 2.0 4.563588823491249 
2.6357622866231694 2.8866868439398194 2.355921604098281 
3.11611135680839 3.330531149362556 0.9881302847878963 
3.1916267547128667 3.7004356919024204 3.0797339382051785 
4.001292658765803 2.2142608359078984 2.45631822282293 
5.855632434469109 2.4350922793732215 3.448293493003538 
2.741413378569715 2.8913855167973774 0.7072513310812363 
10.672660951076463 2.0 0.05093532755115022 
3.22383417304599 2.760750211799376 2.3894341829502816 
2.0 35.79251574538427 19.017548728715983 
2.9210544719236253 3.140234606892181 2.724267732217959 
2.0 23.87259072587021 0.8609827880112655 
2.6807836430749945 3.764893683305877 1.6809306160504267 
3.4240495560733764 2.819846259893527 2.8874240167619822 
2.0 22.156791846880395 32.18940913862072 
2.9531272041004293 2.37929800956033 1.768017033900568 
3.7263625374141753 2.7391458276738483 3.093208015198873 
3.489013267028235 2.4349164354376254 1.8676209082529502 
4.1950549805289725 2.509448339018853 1.3679755162855696 
2.3977664684804143 18.023047933830064 6.548435215196683 
2.0 38.09633512709695 8.258513402236012 
5.812880179648581 3.104168546632968 3.681924944398042 
3.3638049040400793 3.136749226045786 1.4078942167011195 
4.6333652167406925 3.433718678085909 1.2566861719027251 
2.0 16.787008743641373 26.067636854096037 
2.0 26.83412153734005 13.371881560593124 
3.2631150262724833 2.737641265264905 0.8730072261881047 
18.20323368983088 4.124843774953618 0.21675763995701358 
2.0 29.765584105270428 15.70819451068819 
3.1482694778969655 3.1074580946806942 2.086890840451587 
2.0 3.520319090113963 0.9883837580209384 
7.035166152665369 2.0 4.187292314880741 
3.0351445146456064 3.037780948012234 2.1852356787603284 
3.293160529862421 2.650943221045069 2.104817603021394 
3.705295008047352 2.95864753709775 0.7143580619624754 
6.796429501009495 6.063144501222814 5.71522990591947 
18.543501393401105 12.581486104792736 0.29946122635101674 
2.717878678927405 2.926894375801301 1.8843122237662047 
2.0 2.744121982130145 1.0384914917618007 
2.0 4.1187766979444 1.3366875224322132 
5.612933583227543 2.0 3.6768874592375727 
2.091372460643934 4.2526483796890755 1.2585773250839223 
5.712616032736671 3.821429286498712 3.7519940705921533 
3.378662148552566 2.506441087976234 1.5952221655884906 
2.0421277280753674 3.065677742995649 1.5127626354953447 
2.0010947134457857 2.9010478388153276 1.1967366445319916 
5.04482663761938 2.1901373508641964 4.627188338333341 
9.548845656177283 2.0 4.772653807420804 
3.223872034748339 2.802489515761458 2.431245615889047 
2.0 13.262220830801787 7.30933563381691 
2.0003744099922978 2.854196427641525 1.1713298831935608 
2.926533007668462 3.042215058825924 0.8111612705508979 
9.479115418290485 2.0 4.953908657158042 
2.0 2.9844237817715165 1.4775340461238584 
2.929901830779443 2.9336668421179364 2.6047279679209825 
6.753956269912528 3.2479589212643605 4.580823387103678 
8.664981744721135 4.0498680608626945 4.593061722573419 
2.0 2.729047661936922 1.1538765897157865 
3.4231564107520347 2.141102456829988 1.9133681871987018 
2.871384852774837 2.9937873657531973 0.7656135027359537 
2.0 2.6314606469238617 0.48584736644965754 
5.7736290272936746 2.3473543395997134 2.6452311736424714 
2.8338278064287565 2.677522892656262 1.9232228624516776 
2.0 12.86800732629621 13.734828704228107 
8.380400249426742 2.54030413927881 0.6975896629959338 
2.0 50.666530517505635 0.5473173856596862 
3.819161916841434 3.246870911532258 2.669835153531581 
12.820123275112921 2.0 4.746969134496359 
3.1837570949194074 2.8507297436461845 3.0037530972816184 
3.0615936973675946 3.9199499021330624 2.418355461665139 
30.02885459502923 2.6393438900882087 0.17585093983498196 
2.0 3.5004703545172253 1.4274662467359 
2.269141711778852 30.68843217414834 21.08973189883508 
3.24041309197533 3.4621938530734004 0.6051119915634724 
2.0470461517486527 3.511644628321805 1.1107386585153831 
