2.0 8.535718725809474 144.74300177887062 
2.0 6.776491826162756 147.58545015268538 
2.0 16.766464068645192 256.0 
5.495616617458267 2.0 2.155288218229417 
3.9208622736191048 2.9437648815006465 0.2041133433721143 
5.965129718678823 2.0607554631811076 3.3652180618305163 
6.449343741994479 2.0873463810891275 3.9443927957270972 
2.0 3.152192006558284 2.082229889742901 
2.0 3.882523322036212 1.857110215638218 
2.5004972253451587 2.173819126264956 0.8091983239478298 
2.0 5.190824393976079 0.1807253605704604 
2.0 3.3077465843148057 1.215558830179561 
2.6782729848626707 2.2472813141007517 2.5664672487104654 
7.210553781158324 2.484470276013514 1.9852104578180498 
6.511864688677756 2.0 0.4459473906601227 
2.0 5.444746142129155 0.9686903204321151 
2.0 4.20285060982748 1.654592630491054 
6.2480451448132115 2.1890982129018424 1.831851596426442 
4.791589855767426 2.9314114735215138 0.31286999194998133 
2.0 4.9573458506464245 1.5563283778792112 
4.6991871752483805 2.2946151699366415 2.0576540441021685 
2.2845992855825816 4.09204919714869 0.8790944083554866 
2.789593282063256 2.0 0.39132996449800084 
2.092645689478537 3.658190282586188 1.8889697574875681 
7.42921408485074 2.1423856940541146 0.8965664481474911 
2.0 4.7422600939632416 0.13395534127664505 
2.35379549302759 2.397830191213996 1.1749851295654592 
2.0 2.2100663782552967 0.7909020207617266 
8.389970831373349 2.0 0.6694450496979818 
2.373906971659559 5.252595030076462 0.5376346883307616 
2.0 6.1584622759751015 1.459879765968629 
2.0 7.250217837000848 3.156216117082981 
11.184841410929142 2.1017721565548007 0.6240461045367016 
2.1842660679885237 6.713140307978397 2.753378983441978 
11.282941887313903 2.0 0.4354525201157772 
7.931034383443407 2.0 0.3753319026216492 
2.070107250151705 5.8601353765490405 1.5925088998638488 
2.0 2.0 0.8908090125340602 
2.0 7.362336587541746 4.6960878021093 
5.046635714325747 2.0 2.487492127558684 
8.581855585733702 2.0 0.2677681507017466 
2.0 4.637269494361288 2.427633281906169 
2.0 3.3704340245562827 0.7313171889682102 
2.0 5.127006942897928 2.5318485126043706 
2.467752494285833 5.3591132919805755 1.04103348087092 
2.0 5.3624861523963165 2.0483897513986657 
2.2036992300786347 2.6002191733269204 1.7120375368274536 
6.607075411157347 2.135470101532127 0.6006825258033286 
2.3018204243745117 4.564659350562887 0.9850114684567276 
2.0 9.181382748166993 3.170256203599189 
5.67956237091205 2.240895706763232 1.9833937494856912 
2.0 5.570807373712816 0.5112382474717688 
3.1258437610432965 2.117762900685604 2.4086430773721 
2.4121071922407715 2.4479012949216976 1.0973680077904757 
2.0820377989150782 2.8759461587001587 0.5825691362577292 
2.0 6.238281715174679 1.7836679584692907 
4.102191011817432 2.6855797645063184 0.6455926227595026 
2.1926989441391966 8.535104944672039 2.9624965928695035 
2.0 4.526635129983947 1.6848405469294447 
3.3937875716736756 2.0 2.683954500111904 
2.0 2.0 1.270984769528785 
3.904417135152381 2.0 1.6384173684785737 
2.937643523836691 2.3446837457894567 1.010263260604066 
2.0 2.7454067181244133 0.7800744327996715 
2.0 2.772409047813986 2.504395125371517 
9.588483664764393 2.6354669899514582 0.2112487713940022 
2.0 2.0 2.0110486558010994 
2.0 2.510997659141686 0.8673426880135737 
3.8861391503063856 2.3769465778779963 0.2866387773675987 
2.110537910221886 9.42067436059892 3.490935972608365 
2.0 2.0 1.537004201097635 
2.346220494792343 2.180635865099455 1.132523443277333 
2.0 4.4179013641074105 2.19957589943015 
8.661181604292503 2.451291469760981 0.3799570697114171 
2.048772603162627 2.5831525319721065 0.7633148718826221 
2.0 2.0 1.5899853009628124 
2.0 3.350086435310445 0.40150715489661604 
2.571862032320848 3.3455959549439247 1.9926877565656047 
2.0 2.581469106353887 0.8820875883140877 
2.0 2.0 1.339403575950115 
2.074084266075068 4.62887589474694 1.0340613590356116 
3.893652331966465 2.4725058487913634 1.8467785516802737 
2.0 4.660597961225774 1.4366594503585342 
2.0 2.0 1.0858469532844803 
2.0 5.451858913364512 1.4769115778329835 
5.005481735733087 2.3948815036643687 0.5770470594282823 
2.0834455323036893 5.225046197798235 1.7455972288842205 
2.0 2.0 0.9592096925646592 
3.3846761703948065 2.0 2.203037265901247 
5.437971143617023 2.0 2.8831254487732543 
2.2503624532202577 5.82008965886757 1.3935766653101065 
2.937221379293747 2.2197322151918946 1.204231612033989 
2.0 2.0 0.8398786020353399 
5.809398713924656 2.2902116083630473 3.222024433805295 
2.000123291983444 2.5921800876169137 1.0771730676303468 
2.296615830990992 2.0324209195193843 1.2917595532769104 
5.456243250416506 2.3132765621027414 1.9436633864419688 
2.3764226782698334 6.037992750668513 0.925022208828411 
2.0 2.600677626223714 0.9656079561140585 
2.0 6.258483994278065 1.7326446694321647 
