17.999265585479165 2.7342183542296583 243.2 
27.368491809096952 3.122130849838788 231.5738185488493 
14.926550017968957 2.6747689924926137 165.75936123944896 
2.248260939215841 23.112646423722758 256.0 
6.669180503400609 3.6755363161866583 256.0 
18.406958321509464 2.1921928009390843 5.502851593133961 
7.299131585334308 2.650471811601132 13.888690040510545 
2.0 20.264625183979156 145.08660964930903 
22.237820175530075 2.2889833121101417 2.44519630529766 
23.217056401034824 2.4359010638761305 2.2553858230509882 
29.831126911317714 2.0 1.544510310092877 
45.851563259183465 2.7116607956296304 0.3821201576671607 
2.0 2.0 1.6893207212144776 
17.99382907078285 2.0 4.697340388291289 
2.0 3.3979159961174554 1.0158092660191305 
6.107521767093047 2.0 0.22177650296085294 
2.0 4.4876563869719925 1.8948109544721292 
13.351379129135058 2.1006780556457603 2.3371196365270426 
21.243132111567924 2.0243234666514964 1.3422866578594481 
2.0 2.1529192564639956 0.9198621355436696 
23.11956419050474 2.205689422191237 0.5556179229189224 
2.0 2.0 1.277410383142123 
19.81295729527423 2.0 4.432635607585115 
43.304677772592335 2.0913435660496678 0.3484600256710779 
19.445884115469525 2.1751480117666833 0.055530823212167846 
27.70565195138594 2.719524710830246 8.981193590337664 
2.455076100327883 3.753633512518277 1.673895312902331 
2.0 2.109529012099099 1.769260988233498 
47.85254432228564 2.1295400252314383 0.3592995130469557 
2.0 2.235000331791339 1.8973015935325777 
7.384660095218193 2.043317389536094 0.5292444059122543 
2.5212645439309114 2.1142993475559604 0.0014138699665346977 
2.0 2.1084448065561867 0.20077933894892208 
27.86896246441807 2.193423636403561 2.4378361178581893 
2.0 18.90142460750587 96.169792932136 
16.704507585191152 2.3645518956108034 4.359424691898784 
8.45629369711992 2.2795649650934293 0.8043130481394396 
26.279532065683657 2.0 2.3854901123640087 
21.03484816416532 2.2808946498852385 1.9926226251630788 
2.0 4.686889114028688 0.6899667855114006 
4.9675901840782695 2.325734026757522 2.09702888821099 
10.77484040766506 3.2788956002784504 0.5121662967763312 
23.285286503575392 2.0 3.430027550561521 
22.383962235571186 2.9554894752847503 12.221851314924635 
17.214962665388494 2.1725278169217677 1.5422197682280787 
3.2385590679061096 2.0 2.0856634449461167 
11.320829937791167 2.02216112132606 0.8068391465126704 
2.0 2.274445918958847 0.970185625410834 
2.0 3.137164725057461 1.1495250686457317 
21.903879283422988 2.262369479110149 0.4874496094294858 
2.0 2.0 1.0305071887225759 
4.056334422823264 2.2181068068743115 2.789455563530165 
2.0 2.0 1.1254749181943307 
16.873705601662166 2.0 2.492385657307018 
2.0 3.513714021679639 2.1950500442109475 
2.0 2.5044513969441184 2.083949514388872 
26.30062417334282 2.4476334261565946 3.1581435151990505 
25.341257938706022 2.1723495178550447 2.597156863604401 
2.2514790387910044 2.46742543825497 0.3132858167364816 
4.974799813623214 2.360480918310259 2.243545301897159 
2.0 2.6405821715865296 0.6547296823532989 
5.394903316363415 2.1212454450576126 1.2971465809593608 
2.0 3.275616261100782 0.08997210051917648 
25.98499584071042 3.144654965283287 12.811921584233069 
6.43941263495258 2.4187294025327235 6.324967639348463 
2.0 2.0 1.5350052611010798 
20.313700934423686 2.2024376322705863 3.322350558297936 
4.86379251212008 2.0 3.12276602916839 
17.59573107672571 2.1244347362190066 0.607785330112101 
26.06231182603439 2.0 0.35657015719443397 
2.0 2.5233923939242495 1.3391657787300069 
2.6798892597565547 3.529450199064742 0.6405661900122483 
20.02165255262973 2.302072320630018 4.084177800406386 
16.168122143644947 2.0597192507244046 0.69349126512336 
2.084426112257281 2.183240419938326 0.8169327703126822 
20.35629762015037 2.418265572199374 3.0976035340760832 
20.973474933635885 2.4434219809960305 1.9624453042939112 
23.39895498376049 3.274253840918996 233.35649750200776 
15.24784986743991 2.154434295346326 2.8244931901340564 
2.052919951533483 2.8556755169491552 1.949706669386834 
2.0 2.0935482123055102 1.7296482297012665 
2.0 2.042242013741692 1.2179356372825274 
2.0 3.064540198861669 0.860810020568465 
2.0 3.876523699577307 1.7391755377589957 
26.493580633656585 2.4223419079135424 3.567824270343346 
2.026074425519234 3.98896462896418 1.7513967681133384 
2.0 3.056138366064956 1.0820891485082953 
2.0 2.0 1.5080660661779044 
26.45472583534783 2.3860509616993175 3.5943755592710396 
2.0 3.0659136204960524 1.006006627520756 
24.477983873242103 2.310729111294822 2.366889236925589 
2.0 2.0 0.2860133364898152 
2.0 3.609881817529845 1.2277796236387495 
2.0 2.3399817066122326 0.8976450527821342 
23.130164600470614 2.1141386274746097 2.2053367735313127 
26.164444877133295 2.489609891565725 5.826097613500208 
14.333231829027866 2.0 2.142610135200484 
2.0 18.911900317168865 123.41782553346597 
25.375383760630434 2.8148011238116544 13.859384890310373 
27.12451692071064 2.347314014393325 2.366986683174863 
