2.0 23.429694556484932 256.0 
2.0 18.759496616355733 213.85082627973932 
11.552863126244542 2.6326493478309505 230.05603309514683 
2.0 19.791526810705207 230.9278193320463 
25.94405818155995 2.75340326729516 212.55739119389003 
27.420028951820626 3.1474152110686795 208.34706072432243 
17.65178242352322 2.7540831879056364 228.2258528282857 
27.608127931750253 2.6429120562973 254.93450443147577 
12.786383837217826 2.899359122565925 256.0 
15.061754108648616 3.411322201260278 256.0 
2.0 18.23836126739627 256.0 
120.41942588466952 2.0 2.0915190639628367 
6.612798067643054 3.1107542530412613 187.1738419565687 
47.628354795729024 2.08138406056611 1.299897580805334 
26.25823054673417 2.0 2.2157094333891347 
26.135848725695 2.0 2.1365408272685835 
2.0 2.0 1.8854113220223354 
18.35574805895157 2.0058372842780092 2.1252695801066466 
29.683600741415432 3.2072461526757845 11.635893785368955 
83.07700653558847 2.0 2.435370800207085 
23.342930564268606 2.640344469980332 241.30686482075504 
22.432181963129374 6.726760123798575 0.08390892513798057 
62.026682937445635 2.070656843901118 1.8861922893985088 
4.668309519985254 2.471981392352154 3.596687749222779 
18.36235782500728 2.1114621063136387 3.0361093395094465 
74.00535134594426 2.0 0.6492797605647391 
55.110084959928884 2.121279259912329 1.1628749888386887 
38.64574076507177 2.000930222584033 0.758248074139811 
8.62929050309609 2.0 1.6719275121950548 
21.535011007694358 2.0 7.813305500407703 
44.79077225521826 2.133407185903562 0.6757333037271784 
2.0 11.248931519645714 0.37068971058481104 
12.67316881569549 2.007567890966723 1.584856295874871 
2.0 2.3254462468802433 1.0300743607847136 
9.806164992059735 2.0 0.06939366428856752 
2.0 2.0 1.5941692054312118 
14.978995229019915 2.0491332614267934 1.345059198581894 
23.803556604719994 2.3879231992845127 3.5766333585372605 
52.92544746301306 2.170086169248062 0.3040843113730314 
41.994346153492614 2.0918276707528345 2.9525395003416968 
2.0 2.0 1.471865028304518 
54.743199960962414 2.0 2.728750013852779 
22.56423060372179 2.0008613466946477 3.511968460706757 
7.1376176937935965 2.0220920452297007 1.7091791053446461 
8.1009316613956 2.0 2.598272716761294 
24.627749029826873 2.1445356451242827 3.5525487823427886 
44.81011621405601 2.0 2.034225862510778 
14.954234969282341 2.0 2.420326153364082 
2.066508213490377 2.4786518440187746 1.712042693039143 
22.687327239807825 2.3747972544719635 3.925622914573756 
2.0 2.529551879164385 1.2171853117880738 
29.916281578162838 2.0005851448182224 4.215307932603322 
17.92844817667996 2.284987561545182 3.202101605236964 
40.25856161506611 2.27381077440823 5.834812588850966 
28.06311259463619 3.384744973138803 14.041838950351853 
42.31640015192017 2.150493985853833 6.153955856332679 
46.55358406908215 2.0 2.8322955324865418 
54.79161391092657 2.034088224842638 1.2584621683012942 
2.0 2.0 0.1929319691532072 
4.222453065991159 2.061017383088628 0.47305899971586807 
27.992326572531645 2.1623785513161824 0.815131617374468 
29.350405081669706 2.1485310776800017 0.8012849684421516 
18.788164905661617 2.175466972451595 5.304145454831115 
14.76243215199888 2.021100116115529 0.9891660342557094 
2.0 2.0 1.8688386046922523 
2.0 2.4782352309483047 0.2230055613050368 
17.39388654679569 2.287169069291662 2.9416053260296104 
2.0 2.0 1.822031859049275 
10.703286537468358 2.0 0.7193481267537329 
27.666384060915284 2.1075185170618753 8.067981539541318 
10.760636189382053 2.076539235798149 1.0240084213753515 
2.0 2.917631418715488 0.11737734406325447 
4.266519593269852 2.0723830443806346 1.9093236607373034 
8.468265921702516 2.0 0.22739390028288708 
68.54288719466398 2.0161817607665222 0.2171354897065355 
3.576702311336904 2.0280204789747245 1.7954844505926213 
2.2099281367002543 2.0873121890989332 1.4865672376886911 
25.760300137491694 2.9488883312812324 11.063140350687751 
14.43171726054527 2.201913385890679 2.7876657009863073 
2.0 2.0 0.6443331138233326 
41.269440990932424 2.089765848084153 1.0935069893909979 
15.84393943955557 2.035373346043148 5.086592157870628 
2.0 2.13696890556773 1.9076671008883916 
10.06735141060554 2.0027601577423244 0.5054111141685474 
22.343264377632945 2.0 3.7611536512107513 
13.580116831043878 2.0844233629422497 4.698997057454331 
2.0 2.0 1.0427229584540147 
15.340161033050647 2.0020486912555318 0.27510428332083564 
27.796282013446266 2.736731455714254 10.316957206814497 
16.87766555028115 2.088113184954449 7.215352958307054 
2.0 2.024680619523851 1.7704396657292194 
19.51859976128737 2.0 5.457746652148963 
23.918299885922252 2.146582796383371 4.99955389295922 
