0.008643150000 0.471274000000 0.451681000000 0.451422000000 
0.476786000000 0.006895450000 0.005104370000 0.005539650000 
0.426713000000 0.024522400000 0.019318500000 0.020975500000 
0.012609000000 0.429592000000 0.410418000000 0.410729000000 
0.376174000000 0.045210500000 0.036710900000 0.038715800000 
0.267397000000 0.092099200000 0.078480700000 0.080777900000 
0.089093200000 0.230451000000 0.208149000000 0.206098000000 
0.025046800000 0.397016000000 0.377504000000 0.375383000000 
0.070551400000 0.262653000000 0.239835000000 0.237094000000 
0.008541580000 0.475952000000 0.456326000000 0.455588000000 
0.022372200000 0.401411000000 0.382110000000 0.380630000000 
0.073068600000 0.253675000000 0.230850000000 0.227764000000 
0.270798000000 0.093875800000 0.078193300000 0.078175800000 
0.135058000000 0.180924000000 0.160774000000 0.160540000000 
0.509065000000 0.000553865000 0.000344516000 0.000385077000 
0.283513000000 0.083464200000 0.070773900000 0.073148100000 
0.054096700000 0.282227000000 0.261931000000 0.260020000000 
0.043602900000 0.298584000000 0.276367000000 0.272516000000 
0.095109000000 0.227588000000 0.204880000000 0.202236000000 
0.325850000000 0.066518400000 0.055454700000 0.058024900000 
0.394230000000 0.035899300000 0.028526800000 0.029936900000 
0.138691000000 0.180502000000 0.159019000000 0.157652000000 
0.143982000000 0.171049000000 0.151351000000 0.151288000000 
0.019867400000 0.408100000000 0.388991000000 0.388180000000 
0.120431000000 0.196632000000 0.174694000000 0.173118000000 
0.066682800000 0.266305000000 0.243523000000 0.240729000000 
0.406438000000 0.033432400000 0.026821100000 0.028813300000 
0.295514000000 0.081157100000 0.066783200000 0.066870300000 
0.156437000000 0.152842000000 0.134112000000 0.134282000000 
0.495318000000 0.002639930000 0.001903810000 0.002100810000 
0.096237700000 0.210691000000 0.189299000000 0.188047000000 
0.321007000000 0.069644200000 0.058533200000 0.060744500000 
0.249790000000 0.098983500000 0.084770300000 0.086153900000 
0.025166000000 0.390922000000 0.371698000000 0.370879000000 
0.453893000000 0.009927630000 0.007693420000 0.007996410000 
0.254117000000 0.093894200000 0.079653400000 0.081313100000 
0.010833300000 0.442116000000 0.423139000000 0.424936000000 
0.053207400000 0.286370000000 0.266163000000 0.264191000000 
0.073964600000 0.244417000000 0.222347000000 0.220398000000 
0.440508000000 0.018684700000 0.014688100000 0.016127500000 
0.128623000000 0.187316000000 0.166867000000 0.166489000000 
0.034540200000 0.322841000000 0.301310000000 0.297731000000 
0.008828640000 0.458796000000 0.439633000000 0.440627000000 
0.102460000000 0.204631000000 0.183418000000 0.182305000000 
0.085976600000 0.235611000000 0.213301000000 0.211166000000 
0.072846400000 0.256282000000 0.235620000000 0.234172000000 
0.407808000000 0.025067200000 0.019631500000 0.020143300000 
0.009128090000 0.454761000000 0.435615000000 0.436839000000 
0.059449700000 0.273246000000 0.252801000000 0.251054000000 
0.465374000000 0.009917600000 0.007651880000 0.008614120000 
0.483701000000 0.005088300000 0.003726600000 0.004075550000 
0.030879000000 0.340758000000 0.322780000000 0.319304000000 
0.098092100000 0.208777000000 0.187474000000 0.186321000000 
0.064531300000 0.267469000000 0.246660000000 0.244452000000 
0.039652300000 0.314012000000 0.293194000000 0.289924000000 
0.029096100000 0.356286000000 0.336021000000 0.331729000000 
0.352210000000 0.056181500000 0.045958000000 0.047526400000 
0.031325300000 0.337435000000 0.316451000000 0.311622000000 
0.444190000000 0.013624000000 0.010560600000 0.010814600000 
0.015707000000 0.417083000000 0.398144000000 0.398091000000 
0.236115000000 0.106299000000 0.091342300000 0.092607500000 
0.124351000000 0.193234000000 0.171376000000 0.169877000000 
0.195064000000 0.133977000000 0.116626000000 0.117257000000 
0.017899500000 0.411984000000 0.393090000000 0.392907000000 
0.011741200000 0.436464000000 0.417226000000 0.416809000000 
0.206205000000 0.121276000000 0.104868000000 0.105794000000 
0.343269000000 0.057233000000 0.047334600000 0.049593900000 
0.337258000000 0.060986500000 0.050856700000 0.053323200000 
0.055851000000 0.277353000000 0.256750000000 0.254407000000 
0.014831500000 0.423832000000 0.404662000000 0.404564000000 
0.230430000000 0.110045000000 0.094720100000 0.095957200000 
0.201891000000 0.129471000000 0.112493000000 0.113259000000 
0.075913900000 0.239876000000 0.217872000000 0.216004000000 
0.028556800000 0.360066000000 0.339613000000 0.338182000000 
0.174694000000 0.138581000000 0.120815000000 0.121277000000 
0.218395000000 0.113775000000 0.097962000000 0.099001100000 
0.025946100000 0.363545000000 0.344675000000 0.340775000000 
0.032116400000 0.333120000000 0.311986000000 0.307180000000 
0.117496000000 0.201997000000 0.179954000000 0.178307000000 
0.038897500000 0.317575000000 0.296844000000 0.293528000000 
0.084037800000 0.236951000000 0.214650000000 0.212558000000 
0.146359000000 0.160099000000 0.140969000000 0.140974000000 
0.431414000000 0.020468800000 0.015946500000 0.017180100000 
0.029501400000 0.351672000000 0.331289000000 0.326306000000 
0.010659200000 0.449250000000 0.429939000000 0.429320000000 
0.045547500000 0.295435000000 0.273126000000 0.269304000000 
0.032376800000 0.328032000000 0.306707000000 0.303128000000 
0.146572000000 0.159336000000 0.140252000000 0.140267000000 
0.103853000000 0.202214000000 0.181154000000 0.180132000000 
0.316685000000 0.074784900000 0.062834400000 0.065219100000 
0.371450000000 0.048403700000 0.040304500000 0.042359100000 
0.358255000000 0.049994900000 0.041323000000 0.043682400000 
0.331548000000 0.061659400000 0.051757800000 0.053735600000 
0.039728600000 0.308612000000 0.286586000000 0.283130000000 
0.159612000000 0.148928000000 0.130490000000 0.130738000000 
0.020623700000 0.405733000000 0.386581000000 0.385808000000 
0.385962000000 0.037640000000 0.030816000000 0.032842400000 
0.304971000000 0.077333200000 0.063451600000 0.063644400000 
0.215508000000 0.119634000000 0.103408000000 0.104481000000 
0.049531500000 0.289382000000 0.269100000000 0.266554000000 
