3.1774718964758017 16.815613829200103 169.45946530718427 
2.148235412824049 44.01221221307516 0.1792896504221304 
2.1118455767507216 74.95341398035616 0.4721853887789377 
2.0060897037723975 17.227429369238923 17.042624711357078 
2.006003441819094 29.044942753671485 0.6703492776160348 
2.0 4.254380075109222 1.1340424013515324 
4.095545279500927 2.0 2.5767085212678005 
2.115552380507758 37.3892403122248 7.531555153613846 
3.7363974038532914 3.931334510025369 2.700859499302805 
2.8602135587297903 22.27328793242628 0.0 
2.014998500319045 26.959411743424123 8.539694677522458 
3.8670148494168917 2.9935994717300303 2.686258935570257 
3.9816256587123062 2.0 1.1723914969622626 
3.330880813085319 2.0 2.0113489645993794 
2.0077929103725993 2.454197228743668 0.03463513564657324 
2.0011360374530995 3.6173704026559026 1.071886645572453 
5.220415452430137 2.0 3.5641064229225847 
4.460536684644696 3.091891167466198 3.5101655188199934 
3.903792310622575 2.5906744419598633 2.3426478791187813 
2.0191392689584338 8.276061589087394 0.8792817093104851 
2.406878250658388 53.211531164478856 0.612173148943981 
4.270822726649268 2.0 1.941865359573024 
3.2173637927009233 2.3423530862435022 1.9147113089480885 
2.4365441203004052 20.751439476839824 10.05255552764487 
3.886993773495734 2.0173424082962943 2.1334120184715033 
3.8192138147335113 3.944159421836078 2.770081730565352 
2.0 8.728053432245467 0.5862254822250006 
3.970366629927479 2.017765320625442 1.0700152816982413 
2.9046133907850606 2.547568850493627 1.6425790410787888 
2.0790202269516596 22.20951365438015 0.10894951963483024 
3.341070938155381 3.4299921530418507 2.211505352977266 
2.5634680356321757 4.429768099614337 0.9607094848633966 
2.5250373271978273 2.0 1.2660985928989634 
2.0 11.528792365534299 7.70402530605847 
9.46765726201341 13.737480932642722 0.21956530588031853 
2.0015677303860313 3.4630512237844187 1.1654747734420436 
2.10133672173837 13.445938319014942 26.542001405086722 
5.359209185075814 2.0 3.659117701553044 
3.3162370930497342 2.8518271080097826 2.6257971267511673 
2.0 56.20695646890353 0.33987902862068653 
2.595510602069304 2.0 2.0818292888650625 
3.5849916829213755 4.34787751412491 3.885103129175912 
2.0 30.38610063126075 35.086789257045766 
3.3182930494773477 3.0935427587018527 2.139653815455812 
4.085067142667357 2.067889594527621 2.6476651722485602 
4.992934500252867 2.0 2.9908018292781158 
3.556445665970788 50.94636869030781 0.23438714865161897 
2.0 21.892844302874515 34.048830317501746 
5.403102444848763 2.0 3.3541082677727516 
2.049577046442416 41.3797064706271 0.2639738661787516 
2.4598161932578355 37.76264532930916 0.005149001666598707 
8.51117198845567 2.0 5.1921683951229145 
3.07308059530486 3.1307992432587586 2.1884176834830216 
6.045897690661556 2.0 3.1791489780169186 
7.121585548893851 2.0 4.164737675374957 
6.480409427782474 5.957503606363437 4.547780617422381 
2.1327849024005845 76.34375620626012 0.710474326773145 
6.818374246272688 2.747803941403503 4.27674277443948 
16.513923503207128 9.393926408329644 0.29344558330883225 
2.0523531181793437 18.215919341595587 12.56141408856095 
2.7549976954014883 2.0 1.333059056200565 
3.8586914897590967 2.0 2.0917124866604775 
2.933653997374724 2.0 1.5588736356844726 
2.0 18.184619959068037 11.08439703183723 
2.0 30.184577230370216 18.5893346011377 
3.3951672001220468 2.623672394564081 1.4018066619248901 
2.0 6.6391964517300215 0.8213447632631303 
2.0000128785202778 3.8219449113373174 0.8878973983699906 
5.752594453594415 2.0 3.417801224639574 
2.0 18.64439415468041 15.021892748771023 
3.361368992628808 2.0 1.3559145795021372 
3.347799914245356 2.0 1.512935226886535 
3.3376491315967236 2.894618332241235 2.570298625703165 
2.0 13.195839988032963 4.915030998824441 
3.4267785294938995 2.8284440662109955 1.5422296797181483 
2.544274321365506 3.4836395709033323 1.3359297685843172 
6.020945539354107 3.599224469008442 5.435480150388014 
6.69101968675113 3.3212652417758104 4.150902393317424 
4.231747994579211 2.1646263447972136 2.1945580944429053 
5.55825006499451 3.959466721111845 3.716283036720054 
3.762131337170226 2.449763581785084 2.6682392639370818 
2.6517589664254566 3.4091474835900435 1.7065484388019856 
2.00223485320893 37.905408616237835 0.3928685345728565 
6.807007545951004 2.5878205836651293 4.792974362563593 
2.2277415735188897 61.00290471808518 22.677170758589575 
3.6515371351840926 2.8769887263139697 3.435007717694223 
3.587470419151531 4.102241008477631 4.0346738826846344 
2.518496626659636 3.423932583339755 1.705780726940592 
3.205655812530673 3.2689968413576835 2.117394004721806 
2.0 17.372810898670817 0.930820518163455 
3.2505568932119564 2.0 0.8469686864958117 
2.0 3.8455163246245823 0.800605951749664 
3.218985610973494 2.344656596872752 0.9635356733420162 
4.386215136327292 3.602061600778489 3.530914761789086 
3.230786518370052 3.221466896642468 1.6133405308711781 
2.096066022939401 16.952007911086415 9.659923943396178 
2.8353325643254053 2.7247109203781363 0.7152184028515398 
4.459107834147034 2.0 1.0315014351401368 
3.410418519732332 2.0 1.4323962986701808 
5.908329005794981 2.196435989596959 3.7164395343336984 
