2.0 2.0 1.4903404744919388 
2.1473247890038123 6.184585798301391 5.3716168303454985 
2.0 38.79857832183177 0.43620007353204615 
2.0 97.0 0.4056516248797304 
2.3060827007375604 9.893337275226886 6.880728079892598 
2.0376224695198406 9.422398965693805 7.957846573468057 
2.233001931246193 10.603841728825238 4.461466377047673 
2.423584917153759 13.85444910392108 0.9259437072506966 
2.0426894374570903 2.760949042908706 1.6686371996421734 
2.205061880989306 10.315192165109798 5.855807268555597 
2.5258427278940947 2.0 1.0253563653001205 
2.0030022206105182 5.766092064787701 3.1808934717672095 
2.0599929133569086 41.38766532677591 0.26482385356169047 
2.0 5.72074488204634 2.1632024462906525 
13.12960590842615 21.284261248863064 0.34971998797916726 
2.234877157580626 4.147487166890624 3.433628754806222 
2.0 13.077602507803249 11.94594518424189 
2.0164434610474813 138.0928512334269 0.621219231158859 
2.1827007675174652 8.813114559442617 10.240057940756477 
2.0054238363064276 67.93601919971849 0.19764183433214255 
2.753400123121779 2.0 0.9941340864345476 
2.390610764224544 2.0 0.8366619171666279 
2.1600232343624133 3.9469216074918902 2.5284871546466654 
2.4948986935907547 6.251706071136265 2.2233394869838445 
2.329202005907474 3.6538742336471692 1.8406937754366481 
2.115161073652946 2.9420360097016687 1.1599959510657907 
2.5567368526410523 2.0 1.8820865514075267 
2.025228979760646 2.0 1.4323566616443177 
2.0 10.79875365711155 10.750562680808109 
2.008438405244151 33.03157681771245 0.510474054135663 
2.3231762050446214 10.835744290775214 6.552135849559944 
2.258235665048835 2.808450920026342 2.4247294378379376 
2.0 2.0 1.8717024640013902 
2.3248607598639635 5.877778540380203 0.8547529391314237 
2.497865316072153 3.7714541633012613 1.3034670626138853 
2.357696922095769 8.75952482129053 8.532480832153958 
2.0 22.76355758946528 32.02852828810598 
2.0 2.0 1.128967184684029 
2.0 35.22274506657655 0.15767588627729046 
2.1162409976178713 2.561523367096088 1.0990845738486366 
2.371530732219911 15.728507747485455 0.1372570291665287 
2.0005966087896168 3.269252608085869 1.725065611688829 
2.0 61.85581132121371 0.6171412326835772 
2.0 2.0 1.800418029761242 
2.0 10.962036176230958 4.3233809915655605 
2.359986441919885 7.3985845454469965 2.076753241434635 
2.2580112389203397 9.889927808866595 5.33838412787267 
2.4296988608890477 3.059624236989561 3.230078461088772 
2.0 8.91232709932966 3.1492277805299156 
2.257332525316322 4.744338960738897 3.7006255605931013 
2.0966780446546585 5.95145568113217 2.753833928136317 
2.0424554220691093 97.0 0.5656636098730787 
2.449031612723479 2.2981104211341723 1.6400003262685523 
2.0355588237416646 12.665535895411885 18.3133930680159 
2.000017707820479 3.1328918081105703 0.06892208210757268 
2.912304733656403 2.0 0.9684720842917365 
2.137018269249851 11.286051787519154 4.993030721361942 
2.0 6.1961713455349425 2.388336509614322 
2.038044036964847 6.675683279022666 2.7280470503009058 
2.0 2.0 0.8800692142518763 
2.236093276083541 6.35393462330234 2.97211323905273 
2.0 2.0 1.7598301324342636 
2.1406503301585356 10.57438225628785 4.610590212367047 
2.0 2.6830008095280062 3.453181802901239 
2.1224768195380586 6.474050804121347 3.931500284124773 
2.8182609671225918 2.7078467194365317 1.2085725810833645 
2.0 10.711061195410313 6.354045335316895 
2.140478349070726 6.238313199572423 3.828148442857728 
2.00079686633455 2.0 1.2846376588695816 
2.3063457089936414 2.5225182377169117 1.448340510956259 
2.352769720549291 2.0 1.3964511156822474 
2.1730544651393897 6.122479937901632 3.990145228439094 
2.0 14.164678934257347 13.144326085149384 
2.4945290723337785 5.569380331912368 2.711876779292242 
2.2693020007675306 3.171592322616836 1.3697918277874648 
2.2566838761721173 6.041796109576154 2.4406125098502756 
2.1129221617518996 7.176101553970039 4.176965181182654 
2.0 2.0 2.0292458698212954 
2.0 9.14313628380248 3.079011211199438 
2.3388140460422293 9.118215414180737 9.250315514028243 
2.0568954709385068 8.98629961035359 6.074061453302092 
2.1509363477385763 8.68117967558692 7.428338585038155 
2.263268068893174 2.373233816817493 1.5766209257885693 
2.0428282785395093 8.532017012558299 16.106308042643995 
2.0 23.31052112721867 20.397145689265894 
2.0954013615290137 11.328020332350272 4.789735069423434 
2.3041953738833016 5.472427408628542 2.798554507727662 
2.1314335200229846 9.61141817800983 5.194279537813747 
2.0 2.0 0.9638183763609861 
2.2174909926084876 2.601717480611054 2.241271179449643 
2.019802351869954 2.6202214830668913 2.06198643355533 
2.04166827835331 5.143422945641154 3.4366801667682276 
2.0 3.1890566339272244 2.2182826230225707 
2.236120973512921 5.56139070737475 2.898019208818922 
2.139214661110346 6.46432879729491 3.242000052783001 
2.055626928037548 4.665502955402683 1.5776646706722675 
2.028243334935409 5.1206865967698 1.2462388650981508 
2.193822766890726 9.90343609194826 5.626263162397876 
2.232468504162346 2.0 1.324640209816728 
2.021001795973524 3.137432464501437 2.4770642928006406 
