0.005019660000 0.171553000000 0.144781000000 0.151077000000 
0.004617690000 0.178078000000 0.151364000000 0.157711000000 
0.005567550000 0.167117000000 0.140497000000 0.146729000000 
0.005329610000 0.171170000000 0.144406000000 0.150688000000 
0.239138000000 0.003671220000 0.002663430000 0.002871140000 
0.006265640000 0.164410000000 0.137879000000 0.144076000000 
0.080787700000 0.050758500000 0.039607600000 0.041505800000 
0.258079000000 0.001439040000 0.001025360000 0.001109350000 
0.010289200000 0.145962000000 0.120709000000 0.126609000000 
0.054605000000 0.070551300000 0.055054100000 0.058204700000 
0.013934100000 0.137240000000 0.112935000000 0.118469000000 
0.057080700000 0.068273100000 0.053254200000 0.056289100000 
0.053226000000 0.072559800000 0.056496400000 0.059426700000 
0.141582000000 0.021841100000 0.017236000000 0.018048800000 
0.123333000000 0.028285700000 0.022136600000 0.023235000000 
0.207039000000 0.007734440000 0.006042510000 0.006351950000 
0.171497000000 0.013949900000 0.011129000000 0.011608100000 
0.263754000000 0.000610526000 0.000430258000 0.000461377000 
0.060365200000 0.065350800000 0.051275800000 0.053860200000 
0.198459000000 0.008893490000 0.007145720000 0.007442300000 
0.147690000000 0.020323200000 0.016065900000 0.016800800000 
0.086137300000 0.051587200000 0.039441600000 0.042173500000 
0.039473100000 0.087152600000 0.069168500000 0.072732300000 
0.050668700000 0.074330200000 0.058685200000 0.061700500000 
0.007857320000 0.153740000000 0.128223000000 0.134199000000 
0.100104000000 0.038123000000 0.029650500000 0.031190100000 
0.099885000000 0.041154700000 0.031489100000 0.033478700000 
0.008633140000 0.149909000000 0.124694000000 0.130585000000 
0.103933000000 0.036917300000 0.028740800000 0.030213800000 
0.013017700000 0.140525000000 0.113473000000 0.120674000000 
0.132316000000 0.025544800000 0.020073700000 0.021045300000 
0.008105280000 0.152415000000 0.127014000000 0.132944000000 
0.070898100000 0.057254100000 0.044754400000 0.046959000000 
0.191551000000 0.010205300000 0.008198990000 0.008543880000 
0.214510000000 0.007227630000 0.005444490000 0.005895430000 
0.074506300000 0.053726800000 0.041706000000 0.043972200000 
0.048353200000 0.076522000000 0.059868500000 0.063301500000 
0.032161700000 0.096049600000 0.075871300000 0.080306600000 
0.004815100000 0.177988000000 0.151270000000 0.157617000000 
0.006545540000 0.162210000000 0.135789000000 0.141948000000 
0.247166000000 0.003080130000 0.002272670000 0.002436400000 
0.021554500000 0.114101000000 0.091107500000 0.096384600000 
0.010805100000 0.142628000000 0.117618000000 0.123225000000 
0.091500300000 0.043899100000 0.034152100000 0.035757100000 
0.020544500000 0.116493000000 0.093211900000 0.098597300000 
0.106977000000 0.035047700000 0.027310600000 0.028715000000 
0.027102000000 0.104558000000 0.083040100000 0.087890100000 
0.225126000000 0.005683080000 0.004119500000 0.004476100000 
0.064407800000 0.061651700000 0.048282900000 0.050691100000 
0.120262000000 0.031367100000 0.024072900000 0.025261500000 
0.253726000000 0.002671120000 0.001861660000 0.002033520000 
0.111703000000 0.033819000000 0.026309900000 0.027519900000 
0.166843000000 0.015143000000 0.012046400000 0.012575100000 
0.158908000000 0.016787500000 0.013342300000 0.013932500000 
0.019564600000 0.117533000000 0.094111800000 0.099519200000 
0.016126600000 0.125388000000 0.099778800000 0.106519000000 
0.180857000000 0.011886800000 0.009533790000 0.009932420000 
0.029068900000 0.099732100000 0.079561400000 0.083836300000 
0.175858000000 0.013168900000 0.010533700000 0.010986900000 
0.098011500000 0.041742300000 0.032254700000 0.034010300000 
0.041135800000 0.084283100000 0.066564400000 0.070174500000 
0.280050000000 0.000056940800 0.000005178410 0.000002959730 
0.271125000000 0.000245886000 0.000156018000 0.000162574000 
0.037572400000 0.088629500000 0.070212200000 0.073991100000 
0.057777900000 0.066925500000 0.052187600000 0.055142300000 
0.015694600000 0.127083000000 0.103245000000 0.108563000000 
0.012120200000 0.139409000000 0.114690000000 0.120201000000 
0.093589800000 0.043894100000 0.033699900000 0.035388100000 
0.185481000000 0.011062400000 0.008860740000 0.009232620000 
0.136640000000 0.023803700000 0.018735800000 0.019630800000 
0.018321500000 0.123763000000 0.100597000000 0.105584000000 
0.068174800000 0.059576500000 0.046569800000 0.048878300000 
0.025531300000 0.106480000000 0.085433600000 0.089969100000 
0.033071500000 0.092643900000 0.073045100000 0.077326300000 
0.086620300000 0.046733700000 0.036398100000 0.038136300000 
0.036184300000 0.090087800000 0.071433900000 0.075292900000 
0.045636200000 0.080024100000 0.062661900000 0.065950300000 
0.112765000000 0.032032100000 0.024995200000 0.026263000000 
0.022867200000 0.111325000000 0.088155700000 0.094105700000 
0.015203000000 0.129658000000 0.105847000000 0.111047000000 
0.007364270000 0.156088000000 0.130046000000 0.136059000000 
0.030836100000 0.098171400000 0.078297200000 0.082476800000 
0.077144600000 0.052877800000 0.041276800000 0.043268200000 
0.027638400000 0.102795000000 0.081923100000 0.086239400000 
0.009489540000 0.148012000000 0.122557000000 0.128329000000 
0.151602000000 0.019552900000 0.015329100000 0.016015200000 
0.005743500000 0.165807000000 0.139576000000 0.145825000000 
0.010742700000 0.144136000000 0.119019000000 0.124869000000 
0.062486600000 0.063823400000 0.049689600000 0.052494700000 
0.028419000000 0.101668000000 0.080554600000 0.085276100000 
0.007039070000 0.158290000000 0.132092000000 0.138165000000 
0.014218800000 0.133224000000 0.109466000000 0.114822000000 
0.230615000000 0.004592520000 0.003496790000 0.003724680000 
0.045767800000 0.079294900000 0.062062500000 0.065652200000 
0.155476000000 0.018695700000 0.014678100000 0.015338500000 
0.043124700000 0.082663400000 0.064796500000 0.068555100000 
0.014224100000 0.130619000000 0.106449000000 0.111881000000 
0.018666700000 0.120323000000 0.097215000000 0.102257000000 
0.126567000000 0.027477100000 0.021520200000 0.022578600000 
0.219715000000 0.006544170000 0.004848420000 0.005205530000 
