2.0 8.92717601946016 0.0 
2.197857316966056 16.557248926729162 173.4794538546371 
2.0849475822231587 9.45686388362716 4.06056379339325 
2.2283835088246997 8.716332772675177 4.784535963057788 
2.0 5.651920120669429 0.494153836683052 
2.179655133360394 8.595667001568454 3.688640101533815 
2.3921011154237766 2.8792138686228714 1.2710703727696488 
5.7614057270112085 2.4983121779847863 0.32014606002664836 
2.0 3.8568362678020325 2.7782786928096646 
2.215088866960957 2.0 1.4648300082097125 
2.004333939438525 8.254989662557428 2.5239506011987323 
2.276544321254538 2.0 1.4457725835279085 
2.031710787624391 5.330836009026298 1.4996624473626126 
2.0 2.0 0.9454095918292047 
2.2348292258586633 2.0 1.0287668534439787 
2.308525166175592 3.460277369292961 0.6536701001648143 
2.0 2.0 0.8096693580672568 
2.478765079665133 19.674477898298043 0.24239711906660005 
2.0690079380287956 3.2119865130602228 1.4224290984862131 
2.0 2.0 0.693898034114288 
2.2405496425603317 2.2217307178811825 0.9214066848924677 
4.444620914197278 2.049309298147154 1.2636282098984744 
2.173121756627272 6.449638272599728 1.679172396399318 
2.0 2.969633093224213 1.5289505578886446 
2.0 7.289607409068222 3.077264260688139 
2.0 2.0 1.141417592377959 
2.9919016089921713 2.0796407470464597 1.1660769274108271 
2.1838149213521323 7.10183449069633 2.9320137563820157 
2.0 2.0 1.1264079439239758 
2.6616769393232724 2.0 2.5603369477527536 
2.00470433773165 2.0 0.9897554598866001 
2.098612476681112 7.2789237478359 3.0237325119895866 
2.0 2.967144217019688 1.3366395911682332 
2.402084069800158 2.0 0.7284011565887372 
2.004808280530009 4.046686329092092 0.6118060303315076 
2.303517738241939 2.0070773384285885 1.2990192770985018 
2.2478964838298623 2.4502869495234316 1.5294455930313626 
2.0 2.0 1.7513985277944069 
2.2589228672648862 17.31181281761818 5.652727891180638 
2.0 8.90614097068689 3.4982697623360526 
2.0 2.0 0.46179602371530626 
2.0 2.0 1.9896239696318534 
2.2419830367888305 8.731815046276097 2.651001139293136 
2.094551507025 3.3810555159275433 1.2000209391304042 
2.0177845563799424 2.176401790683112 2.026320480050464 
2.1975995746378074 2.003551679406441 1.104678268452121 
2.29266342357059 2.037558691247256 1.8636647659476282 
2.0 17.186304042281797 0.5267970514130287 
2.064337980674411 2.7406485308475275 1.3882589052144367 
2.0581911509490745 4.931875681747654 1.0453426481737196 
3.3556416460517324 3.8721045024102887 0.3942568219602891 
2.4171992129408078 3.462450069354982 1.0907744317174244 
2.2443519539089922 2.0340372606441504 0.8300157491173314 
2.1778098626717264 2.020344401516941 0.8601130185926251 
2.4582863546017246 2.0 2.0514148597530024 
3.1114758557815145 2.0 2.203599862196313 
2.082584690724291 2.000068472631925 0.7672065587346262 
2.0 3.8896038620838103 1.8285142106056156 
2.2439344567082844 2.0 0.7920777010745551 
2.0 4.087335730911283 1.1642889510917906 
2.0408190295862827 3.5948041638241754 1.625950875900219 
2.060118862784775 2.0 0.11270487727096912 
2.0 2.0 0.17132561355083697 
2.015299178630347 3.668500692938491 1.6777065475922537 
2.4161665121487745 2.4561329553148634 1.42722951243731 
2.096700006801224 4.800380410034839 2.2374657349645983 
2.2531857763207337 8.640688243649063 2.5397230958889168 
2.1772326831919404 5.035718173482152 1.185510828537263 
2.4911230667731408 2.3495842502227338 0.7460796244591134 
2.017563547516871 2.244766095154278 0.9692035778435009 
2.116267038156173 9.261569062118337 2.2168854581767703 
2.0 3.4711594896126132 1.365762158087649 
2.0160562034574308 4.069756218685422 1.937141391210805 
2.0 2.0 1.7099315472333998 
2.3416659737452385 2.7770466388335246 1.2316551326219272 
2.299638795775131 4.480924733843743 1.7032497088496559 
2.170003563871839 4.684613022586636 1.5746833723373457 
2.0 2.478442168939579 1.0767389988931761 
3.7446335579905763 2.0 1.9878582328173442 
2.306781609486515 8.755684408757258 2.3213184394417374 
2.0754219307411668 8.62404970625705 3.1456831083965584 
2.017106955795184 4.205205497908191 1.8078490925281367 
2.3442934620635736 2.8052904873792315 1.2905838970048287 
2.0884343621930004 5.114195581074508 1.854324646799807 
2.0697318980727357 9.291112862357487 2.7835012494252016 
2.270393120411472 2.8258324494670317 0.8945284670246098 
2.006971272893714 6.857839950604922 3.9519426487667 
2.0992962118364424 3.7550345644353476 2.7182875445325343 
2.2482726010304868 2.4973027401611576 1.3958865128632136 
2.362404675120763 2.1230347763256603 1.8219091331077577 
2.0865299682178295 8.786633903185313 3.2624129361981704 
2.111875809594937 7.176514064094114 2.44878211495052 
2.054631122152147 2.9411440456274986 0.5365862195559177 
2.0 2.301167677128574 1.5601271466912368 
2.252249698180607 2.853550835387428 0.8829499968112811 
2.234357076088309 2.0843002985493384 1.5954217107425301 
2.0 4.650220021044073 2.308845335940174 
2.035103927889825 4.581901351035652 2.1213549100254028 
2.312215565808931 2.0 1.0191805936645488 
2.0 10.004983903528657 0.5790339687339391 
