0.017010700000 0.529363000000 0.513862000000 0.523297000000 
0.016738900000 0.546025000000 0.531937000000 0.535751000000 
0.016935800000 0.546022000000 0.531934000000 0.535750000000 
0.782538000000 0.032283400000 0.021787300000 0.026656900000 
0.736099000000 0.049413300000 0.034977800000 0.041626600000 
0.374719000000 0.221563000000 0.185619000000 0.204737000000 
0.403040000000 0.206523000000 0.170790000000 0.189456000000 
0.857730000000 0.015753500000 0.010131400000 0.013484600000 
0.421143000000 0.193405000000 0.158056000000 0.176325000000 
0.514763000000 0.146533000000 0.113570000000 0.129490000000 
0.876468000000 0.010578200000 0.006578910000 0.009129310000 
0.431084000000 0.187694000000 0.152530000000 0.170583000000 
0.735215000000 0.064258400000 0.042846300000 0.051439900000 
0.516204000000 0.144438000000 0.111660000000 0.127427000000 
0.027582200000 0.513047000000 0.495481000000 0.507114000000 
0.776597000000 0.047818600000 0.030260900000 0.037339700000 
0.203555000000 0.335684000000 0.303388000000 0.322306000000 
0.348484000000 0.245364000000 0.212332000000 0.229767000000 
0.677855000000 0.085682400000 0.061001600000 0.071265000000 
0.566247000000 0.123768000000 0.092886100000 0.107331000000 
0.101314000000 0.428203000000 0.401967000000 0.418155000000 
0.595568000000 0.119036000000 0.089978900000 0.102929000000 
0.068012200000 0.461655000000 0.437533000000 0.452587000000 
0.265213000000 0.290466000000 0.256551000000 0.275557000000 
0.186238000000 0.341841000000 0.309987000000 0.328751000000 
0.647919000000 0.092484400000 0.065752500000 0.078140700000 
0.275547000000 0.283868000000 0.249761000000 0.268743000000 
0.487489000000 0.162781000000 0.129074000000 0.145561000000 
0.889837000000 0.008493300000 0.005061610000 0.007167040000 
0.061299800000 0.466941000000 0.443438000000 0.458558000000 
0.077216600000 0.450211000000 0.425256000000 0.440730000000 
0.704805000000 0.076033200000 0.052583400000 0.062410500000 
0.719151000000 0.066817200000 0.044489100000 0.054446100000 
0.362306000000 0.226640000000 0.191448000000 0.209968000000 
0.556343000000 0.129327000000 0.098708600000 0.113182000000 
0.235958000000 0.317210000000 0.285323000000 0.303551000000 
0.385814000000 0.213662000000 0.178529000000 0.196771000000 
0.142855000000 0.381233000000 0.351727000000 0.369612000000 
0.038175100000 0.495242000000 0.474694000000 0.487917000000 
0.828758000000 0.026231200000 0.015133500000 0.019616200000 
0.898043000000 0.004579080000 0.002862590000 0.004082610000 
0.124543000000 0.402783000000 0.375002000000 0.392071000000 
0.841297000000 0.018961700000 0.012237900000 0.015901000000 
0.489891000000 0.155797000000 0.122222000000 0.138651000000 
0.312425000000 0.265858000000 0.232467000000 0.250684000000 
0.258029000000 0.295419000000 0.261672000000 0.280709000000 
0.407823000000 0.199764000000 0.164224000000 0.182682000000 
0.088739400000 0.432223000000 0.405960000000 0.422397000000 
0.597830000000 0.112532000000 0.082793200000 0.096331100000 
0.069365500000 0.456319000000 0.431795000000 0.447448000000 
0.294882000000 0.275425000000 0.242362000000 0.260457000000 
0.084320100000 0.439363000000 0.413643000000 0.429805000000 
0.102607000000 0.416077000000 0.388692000000 0.405622000000 
0.288328000000 0.281315000000 0.248677000000 0.266807000000 
0.324322000000 0.253553000000 0.218200000000 0.237925000000 
0.034042400000 0.503871000000 0.484069000000 0.496422000000 
0.449852000000 0.173415000000 0.139777000000 0.157032000000 
0.173366000000 0.357143000000 0.325320000000 0.344337000000 
0.546150000000 0.133480000000 0.101612000000 0.116840000000 
0.578957000000 0.119734000000 0.089256400000 0.103415000000 
0.601148000000 0.110230000000 0.080819000000 0.094168200000 
0.753552000000 0.046542800000 0.033143100000 0.039388700000 
0.137112000000 0.389741000000 0.360286000000 0.378154000000 
0.915513000000 0.002683740000 0.001822930000 0.002801700000 
0.688120000000 0.080391700000 0.056364300000 0.066274400000 
0.217563000000 0.323295000000 0.289871000000 0.309342000000 
0.152564000000 0.374382000000 0.344282000000 0.362437000000 
0.636836000000 0.096495500000 0.068982200000 0.081154800000 
0.255146000000 0.303365000000 0.271035000000 0.289265000000 
0.394238000000 0.209658000000 0.173905000000 0.192630000000 
0.211034000000 0.325784000000 0.293391000000 0.312468000000 
0.711908000000 0.070847400000 0.047706300000 0.058195400000 
0.332116000000 0.248103000000 0.213391000000 0.231727000000 
0.619543000000 0.102048000000 0.073747800000 0.086389000000 
0.246785000000 0.310848000000 0.278970000000 0.297134000000 
0.377789000000 0.219729000000 0.183809000000 0.202904000000 
0.774623000000 0.051656900000 0.032650500000 0.039985000000 
0.477698000000 0.165471000000 0.132267000000 0.149289000000 
0.542563000000 0.141816000000 0.111076000000 0.125334000000 
0.052127400000 0.476761000000 0.454110000000 0.468614000000 
0.304747000000 0.270502000000 0.237606000000 0.255588000000 
0.045988600000 0.481858000000 0.459852000000 0.474334000000 
0.356798000000 0.237695000000 0.204225000000 0.221822000000 
0.056190500000 0.470865000000 0.447622000000 0.462487000000 
0.110681000000 0.410958000000 0.382513000000 0.400033000000 
0.651440000000 0.085327200000 0.060456200000 0.071783500000 
0.127749000000 0.396432000000 0.367104000000 0.384981000000 
0.040533100000 0.488880000000 0.467765000000 0.481529000000 
0.122722000000 0.407829000000 0.379868000000 0.396934000000 
0.161960000000 0.362620000000 0.331072000000 0.350063000000 
0.153864000000 0.371579000000 0.341457000000 0.359548000000 
0.035418000000 0.500069000000 0.479727000000 0.492434000000 
0.815906000000 0.032383200000 0.019394500000 0.024804400000 
0.082093700000 0.443599000000 0.417888000000 0.434558000000 
0.022438500000 0.518811000000 0.501437000000 0.512072000000 
0.030093200000 0.508979000000 0.490249000000 0.502044000000 
0.504555000000 0.151109000000 0.117840000000 0.134073000000 
0.195719000000 0.341308000000 0.308632000000 0.327940000000 
0.209277000000 0.333807000000 0.302384000000 0.320610000000 
0.022364600000 0.524879000000 0.508240000000 0.518228000000 
