2.0 23.146319519957274 62.75204221613552 
99.03153721962553 2.0 76.41343675977492 
87.70132889705499 2.0 47.85115124750103 
2.0 108.00805645217112 0.05054777352377293 
2.124768714755773 150.6823479026183 0.48261950143406307 
2.0 2.0 2.0296618410373757 
2.0 2.0 1.9022276559008595 
2.1007315701921927 60.46551132960954 0.0040848193100724295 
2.0 2.0 1.796813226396863 
2.0053157130015284 2.0 1.4337979921984423 
2.0 40.72450894236804 0.17602903070342624 
2.0006792483762856 2.0 1.7483552621592535 
2.2751834609783845 60.540489285008285 0.7255441122738304 
2.00059361269923 2.0 1.4167701903679115 
2.0 9.351731938237968 16.433957150420433 
2.0 57.78310924199657 0.7028629627410932 
2.0 9.704442340455056 3.4909958653232263 
2.0 30.872376561676653 2.40839827451308 
2.4054173595006767 13.527846077164483 0.9963896589664426 
2.0 2.0 1.2686310451493286 
2.122711618298188 21.628879048291566 5.668445343570148 
2.0209816684811996 21.55413894502684 1.2528711197660285 
2.015768101050911 16.311541496137153 7.257320398260541 
2.0097671869156595 7.545296976419291 2.8552762064702346 
2.0035050478849503 5.591100867742114 3.5421852975700046 
2.561552383285545 2.0 1.0278904591165132 
2.0189290461866705 7.869336561950185 2.7826545190222527 
2.0023362082764615 5.7692998725109605 1.5886747362471514 
7.7128506392191865 8.122007185867115 0.06583180061847083 
2.0 9.694230603415306 7.410389937542668 
2.005386992334177 15.577249391025104 6.636117964556387 
2.0 22.30439723479148 0.9074237826131202 
2.7384924283669285 2.0 0.8517506821465683 
2.0039214142158257 5.937646081097388 2.1525728146022947 
2.0 4.860991148464245 1.330887929415941 
2.0016046555535327 20.102926314732684 3.2909933789501924 
2.0780182423719906 6.40669433791412 2.0186600181845265 
2.023540034345659 11.112202828942381 4.365299647647454 
2.0 11.33275050826975 10.481759837322764 
2.0 48.72040117017866 0.46912354962119807 
2.7978885337984747 13.40624477981656 0.08935122076894109 
2.0377190800979026 15.0384392607017 4.9549074364139525 
2.0 65.61559547766319 0.03696818265578372 
2.0 2.0 1.5019146532157601 
2.4741241352304493 13.58049101302737 2.6160472615773434 
2.0093885700209593 9.64633420359003 2.9323765494703196 
2.000435679250945 2.0 1.8497732732478722 
2.0671457547418584 10.845106076967104 5.794841668873881 
2.0166709366134223 6.1141013271664635 1.1877645489576343 
2.046178815795687 9.900795428520809 6.7957764554576645 
2.0616237485844406 19.27321213224039 2.713064495309069 
2.470749141248373 11.286084053700598 6.055126609069099 
2.2007279623813827 11.429645980850886 5.2522440207760255 
2.017386500064342 20.913108142017037 2.799531900192555 
2.0 4.3611212744184655 2.357150710642652 
2.3823920885704455 12.043483628875748 12.636192849652149 
2.0003478222633175 2.6434692720773016 1.6512752240540676 
2.068308626096141 5.04696837445951 3.7762574275656204 
2.0 2.0 1.3287873519355262 
2.0 2.0 1.2350368926896174 
2.0030446441139746 2.0 1.1720873554288818 
3.6263765637018466 69.49915726040867 0.32485497826048 
2.353634776221657 9.62276171343915 4.505040953665549 
2.0 2.0 0.06082759317848829 
2.0 67.22270970174712 0.9217782804991985 
2.0337591331329388 5.115255729468084 3.24309303549307 
2.015393906466757 5.938326950726689 4.124709135470013 
2.0147405794652 2.0 1.0790326932480196 
2.0 19.533706594902398 3.0942203788514306 
2.0 2.0 1.9307323016054738 
2.0142761893926027 9.245473417893326 3.350657569213217 
2.959482981710312 2.0 0.8738296243396051 
2.0648697599891435 7.00303343581667 2.393323225276948 
2.0 2.0 1.1166812504526136 
2.0463930311441834 22.335367934019317 3.1953096132566134 
2.0 2.0 2.011043820465164 
2.0 7.292829107202473 0.7469284848297235 
2.0 3.1539337403153844 1.5935466366864606 
2.0287660050640812 14.69930333027759 1.4192362019427778 
2.0703976729303757 10.993339028184995 8.209886817120609 
2.3579472366606113 27.268036775342644 2.67050835096254 
2.348791345491581 9.179230487493134 8.942297675001216 
2.0 21.587136273955725 2.3214502286558565 
2.3154542166959753 11.351495371870751 7.713933306374298 
2.1820445226238356 7.970005846249936 4.992703778883162 
2.0 3.0628946554994094 1.0193433580635203 
2.0001468006588543 7.528521739740299 4.633999450325959 
2.150545171457277 8.660250615216137 9.921260181900655 
2.2432153166510225 11.860780528388995 5.122069098054201 
2.013350851460634 5.284288249782113 3.8699506029668616 
2.163086918863799 10.842335354681598 4.180519398983404 
2.0 12.39070214534129 11.689127459560892 
2.0 54.88409692443782 0.5357232620200686 
2.0 5.139129127198843 6.12369411653743 
2.0233216230447146 21.882968307554037 17.51461022743687 
2.3079352557643165 18.902740564512477 13.4677421223356 
2.0 2.0 1.4669767922156574 
2.0 5.372030972245384 3.5136167037947916 
2.1048836851052175 17.69568697195089 3.564322530162709 
2.0283321734405773 40.93013921159226 20.541177807869158 
