0.009511950000 0.155602000000 0.161835000000 0.178912000000 
0.014720900000 0.118567000000 0.118954000000 0.134794000000 
0.010165200000 0.153310000000 0.158709000000 0.176018000000 
0.007669930000 0.165649000000 0.172203000000 0.189741000000 
0.007178310000 0.208367000000 0.213476000000 0.232184000000 
0.008844380000 0.159250000000 0.166172000000 0.183891000000 
0.007481100000 0.173516000000 0.180084000000 0.197504000000 
0.010980100000 0.135198000000 0.141025000000 0.157832000000 
0.010940100000 0.147479000000 0.153418000000 0.170702000000 
0.007628920000 0.171558000000 0.178314000000 0.196150000000 
0.014198300000 0.126579000000 0.128559000000 0.144683000000 
0.097382500000 0.012467000000 0.012929600000 0.016847100000 
0.023883800000 0.097383800000 0.097314200000 0.113564000000 
0.096612000000 0.012648700000 0.013149000000 0.017159700000 
0.007612710000 0.173356000000 0.179884000000 0.197260000000 
0.018271900000 0.106377000000 0.107767000000 0.124040000000 
0.134476000000 0.003519060000 0.003746220000 0.005007510000 
0.020367100000 0.100754000000 0.100583000000 0.116911000000 
0.026932700000 0.089498800000 0.088965600000 0.105699000000 
0.152642000000 0.001468640000 0.001501370000 0.001923120000 
0.010112800000 0.153339000000 0.159200000000 0.176017000000 
0.150200000000 0.001867560000 0.001990240000 0.002639620000 
0.053792000000 0.042014200000 0.043234300000 0.052308600000 
0.034166300000 0.074526700000 0.074954000000 0.089400000000 
0.089595800000 0.013065100000 0.013838100000 0.017622800000 
0.089214300000 0.016252600000 0.016985200000 0.021181700000 
0.053144500000 0.041742500000 0.042171800000 0.052623500000 
0.007554050000 0.173470000000 0.180015000000 0.197441000000 
0.016356500000 0.118041000000 0.118341000000 0.134145000000 
0.159731000000 0.000865634000 0.000859576000 0.001044300000 
0.018384000000 0.105528000000 0.105239000000 0.121086000000 
0.152941000000 0.001270760000 0.001283130000 0.001622160000 
0.024626700000 0.094478200000 0.094177400000 0.110518000000 
0.037133700000 0.069597800000 0.069344500000 0.084190400000 
0.145149000000 0.002375500000 0.002408280000 0.003046440000 
0.016655400000 0.111536000000 0.111382000000 0.127078000000 
0.102336000000 0.010038400000 0.010290400000 0.013102800000 
0.026414900000 0.092866700000 0.092527200000 0.109090000000 
0.035291200000 0.070984100000 0.070736300000 0.085776700000 
0.169556000000 0.000406603000 0.000379180000 0.000436460000 
0.019226100000 0.103805000000 0.103546000000 0.119556000000 
0.064379700000 0.032263300000 0.032840100000 0.041429200000 
0.015716100000 0.117511000000 0.118156000000 0.134702000000 
0.024361100000 0.095185200000 0.094945400000 0.111267000000 
0.028460500000 0.087175600000 0.086601600000 0.103438000000 
0.166168000000 0.000543604000 0.000503552000 0.000560048000 
0.038426900000 0.065169700000 0.065076400000 0.079337200000 
0.062502900000 0.033167300000 0.033786800000 0.042618700000 
0.022644000000 0.097646900000 0.097589500000 0.114296000000 
0.049284000000 0.045041800000 0.045407900000 0.056483300000 
0.075305000000 0.025685500000 0.026741700000 0.033745900000 
0.063941000000 0.032551500000 0.033847900000 0.041460500000 
0.021403800000 0.098877300000 0.098822600000 0.115542000000 
0.060164900000 0.038096300000 0.039108300000 0.048208800000 
0.067804300000 0.029278900000 0.030424700000 0.037346300000 
0.175900000000 0.000148512000 0.000110731000 0.000120479000 
0.049004100000 0.049434300000 0.050344500000 0.061286000000 
0.130869000000 0.003959890000 0.004200240000 0.005589250000 
0.037650100000 0.065241000000 0.065930600000 0.079220000000 
0.135393000000 0.003112620000 0.003338700000 0.004504540000 
0.076793700000 0.019723600000 0.020701000000 0.026073500000 
0.034527300000 0.073828300000 0.073616100000 0.089193700000 
0.007263660000 0.178426000000 0.185023000000 0.202543000000 
0.125151000000 0.004175680000 0.004398890000 0.005542470000 
0.061895400000 0.033675700000 0.034297700000 0.043223100000 
0.065650000000 0.031482600000 0.032646400000 0.039938800000 
0.010631600000 0.152331000000 0.157502000000 0.174745000000 
0.171980000000 0.000342052000 0.000300937000 0.000335925000 
0.066281300000 0.030852200000 0.031411200000 0.039689700000 
0.153959000000 0.001261520000 0.001311320000 0.001694110000 
0.135817000000 0.002993660000 0.003211520000 0.004332680000 
0.041293100000 0.060510000000 0.060515800000 0.074023500000 
0.172193000000 0.000275587000 0.000236239000 0.000254557000 
0.029260600000 0.075222200000 0.076001000000 0.090467100000 
0.155972000000 0.001008500000 0.001032750000 0.001301480000 
0.022394200000 0.099033900000 0.098902400000 0.115474000000 
0.164764000000 0.000617689000 0.000609514000 0.000762496000 
0.016953500000 0.110010000000 0.109753000000 0.125414000000 
0.083887600000 0.017241300000 0.017941600000 0.022301000000 
0.042290700000 0.059081300000 0.060498000000 0.072166300000 
