2.0 10.819373655644085 128.0 
2.0 2.9065079478231866 112.95013710502397 
2.0 8.828339245027713 124.59151036199331 
2.0 15.273156081194855 214.70284569693197 
48.61386471139318 2.0 117.96609163073332 
2.0 12.906484258137429 228.04081635800782 
2.0 23.125411407215886 217.3728622180888 
2.0 5.644441395700561 147.28062917749062 
2.0 7.8000501932432496 155.95931305581513 
2.00164259520137 20.52154055086912 112.25557309510432 
2.0 4.235087878509452 237.2830536396742 
2.0 2.0 0.780039713243184 
2.2916286546501032 2.0 3.5185862571161124 
2.350768379047966 2.0 0.7821254775689745 
2.0 23.24468819970025 17.91254088291341 
2.194402383405822 2.359623352006537 5.500040091122372 
2.3137702615196147 2.0 0.49604723640561016 
2.3725496036621623 3.250315881971187 2.8298569411866046 
2.3043160718721043 2.0 2.4502714425498473 
2.5275771352942646 2.124539851638298 0.32856002508694465 
2.0 11.038084060845547 8.74545062733857 
2.0 2.4639367987563663 0.39322459522435416 
2.219946415396586 9.334762860185933 1.1974606108989894 
2.3709445183041318 2.54137745821681 1.7885370599897161 
2.0587730401375506 3.7883781482860095 0.7694451807971916 
2.081040172591266 7.696011430042687 0.7900379491245128 
2.0 2.0 1.289156502375921 
2.0 22.647621707502456 18.69497458874421 
2.45062360572549 3.061342849605989 6.498970174232994 
2.2437794678132756 2.0521992297533753 0.29560426721004296 
2.06741312292538 2.7611727054056 3.465689617200075 
2.6127450856760595 2.071510451794795 0.3157717839915823 
2.37600146841488 2.0 3.1171662185274176 
2.0 2.0 1.755809999350987 
2.6787588411305188 2.144937669900803 0.3971241697311694 
2.1135708068628927 3.4417653646707245 4.468761853288327 
2.681287962489643 2.0 0.6891034528295852 
2.0 2.0 2.8884077059374342 
2.3545331111634167 2.0 1.786009926255316 
2.0 2.0 0.20225574488945447 
2.484360169500235 2.7074609285503235 3.2348982926881784 
2.0 2.4162853744227832 1.1451227608712164 
2.150319337217087 3.543758943118453 3.972680703658288 
2.380728155670979 2.0 3.227963007076491 
2.0 2.0 2.2648753829753656 
3.082012259037301 4.230361289279161 0.1939237056538101 
2.0 2.0 1.6715605149977852 
2.0 2.385205344229443 1.1539018923769289 
2.0 2.787729865444318 2.52539603288219 
2.4191745673012486 2.2117228055232108 1.3394630637058775 
2.0 2.7371588502804496 1.0304107372486855 
2.111600888384448 6.795938333996821 1.0692746367677823 
2.0 2.79491447731197 2.6263695450164213 
2.435941580654308 3.416749123033349 1.2195868008861066 
2.126329109365186 6.888096381444374 1.018113466628009 
2.0043539879855694 2.0 0.11620796543121914 
2.436648823463904 3.322734212905431 1.389017460311937 
2.4186551860294108 2.0378283818080263 0.520030255319198 
2.0 2.554772201533126 1.6267939217017207 
2.010304114626692 2.404805131218393 0.4751203675428406 
2.026338134147807 3.961633445869598 0.899858784647726 
2.0 2.0 1.8494072343666894 
2.0292297878567 29.6683568910194 15.868056584399241 
2.0 4.222313747459866 0.48442443078564495 
2.0 2.0 1.163963557370983 
2.2036889676294975 7.35241450269076 1.05539991429878 
2.3162938919833884 9.046798501339623 11.05649906616813 
2.6276530682653036 2.0341568618761707 0.172756386689816 
2.1523808865026925 2.413750004300205 1.1231560669290683 
2.0 2.0 0.33795663229526696 
2.013427363219073 2.002363183560001 0.46865968720197676 
2.0 2.0 1.5863318692404125 
2.5058171609724247 2.0 0.15844719041376493 
2.373778392650398 3.587268671927577 1.7686119648889578 
2.020435532446257 2.1844108749351356 0.30523980912534227 
2.0 2.8113923097281512 2.6432277265956983 
2.0 2.2037919764646285 0.25636246595404355 
2.3554184140038545 2.670269536293528 4.2027062919625715 
2.2849791987518326 8.500082285877191 0.8000526402803466 
2.1874239143113896 8.672587778187694 1.431659047920839 
