4.9864424663437825 2.023987340217751 3.1687553883011557 
4.425678037248123 2.0 1.4606894462532016 
9.828841405245122 2.003437558230795 0.3706249299386104 
4.642897063725322 2.0037425421754667 2.4410539085519782 
9.43204123271609 2.004576592009537 0.39982789200472846 
4.985488188174395 2.0 3.3713713433533403 
2.0 2.0 1.1977242763250486 
5.311605440990986 2.0 3.906863665071712 
3.655686767822748 2.0185042239383053 1.7445419727955553 
5.483926369074789 2.2220655364321953 4.439220184108956 
5.5875579444899355 2.005474796527408 4.590930828027922 
4.190924231950016 2.0 2.0080249667960777 
4.595454816561334 2.0780540136166747 2.535168353464141 
7.923662538453984 4.405239045624294 0.19389156271672991 
17.782711625973537 2.5510321738779833 0.4610305115585822 
4.828369059425227 2.00001631160038 3.466796580870193 
6.394696246368916 2.2224705485311973 4.450382445934632 
29.06231492688784 2.0 5.540712810567831 
4.647445709117846 2.0531501773411356 2.967618981278599 
4.535151481970498 2.0 2.8881934976208945 
2.0 2.0 1.0782464832927807 
4.965935785013182 2.0778057258226803 2.771874712453101 
30.615883166918856 2.0040999986033676 6.123334512131836 
18.164510320930336 2.000599808826227 0.6397493956242957 
4.7600752151769345 2.0060606008529422 3.097119731154522 
6.464581961713676 2.015474199634612 1.3579050672030477 
22.62750182642933 2.0 0.6324250924464018 
16.515949610576918 2.802814042176293 12.419524054584695 
13.501302459168807 2.702277352550152 14.637008318057607 
5.43490588965104 2.0 1.1298199560120765 
4.897990645269901 2.1954067347523063 3.535703030822014 
9.098461533466061 2.2727965568373003 5.068017624469001 
9.823874033333349 2.561076295831908 11.73002962362143 
7.681054242861471 2.0 0.27812100657540695 
4.8077439250225575 2.1654983169284616 4.190420569463994 
2.0 2.0080143406140367 0.9100994403398088 
5.025709273902464 2.114421822172617 2.1605109988323576 
4.7071871127641005 2.0089359940723823 2.8232677952845346 
37.52256497378342 3.763179788857721 14.826584097712495 
9.380118173600481 2.0 0.5246736122290414 
4.883386859327142 2.0 3.2703356917079907 
4.372915861823577 2.0062874534097297 1.6814435556165581 
4.881930003276529 2.189507145853971 3.802335822191078 
23.28938004832195 2.0227075345140952 5.817227548204242 
2.0 2.0 0.9714753570949338 
4.904080884279549 2.0 3.0147519605866155 
2.0 2.0 0.026227125758400804 
2.0 2.170751713329822 0.8878519756901317 
16.92854613925749 3.1858945459387717 24.85030779543807 
14.412224617902906 2.1613301774615175 0.5388427756296302 
5.2822229206406 2.5474151832941896 1.452681017000757 
4.928036764630093 2.1942252658861108 1.6467303182937298 
5.095945147560178 2.020231456237737 1.6102981672413479 
3.3983730760047393 2.022566588430423 0.23423261749144364 
4.732159870107063 2.0442119462110706 2.0847605548909938 
8.756761896877313 2.0053725695819753 0.3344175857353209 
2.0 2.11176481282296 1.0021297800735405 
3.8570467118600167 2.0 1.4303055366185748 
4.087011328533871 2.0 1.7862007767073023 
6.7274331342595755 2.2493098072901003 4.661487013144466 
3.8030359778443223 2.0269386829604294 2.0614140250714175 
4.606004828902088 2.1505496818052507 4.507772824258965 
3.823568410970088 2.0 1.509294278577931 
9.449206038632424 2.2369757618276034 4.625087586605289 
9.891424921466605 2.8194234300861676 15.59372191825172 
2.0 2.0 0.7258772491083101 
32.58734872222637 2.313652836771761 6.431139935688092 
4.769726780630739 2.0 2.2393053746680023 
4.97599285985952 2.0103816911252927 2.3198296825919433 
73.58302101129829 2.0 6.284656819954205 
9.639088088789677 4.046252795774917 14.909251661321736 
12.154541152270566 2.3535316614148396 5.198322934115561 
9.91605212461298 3.718091787705434 12.56429257546266 
9.877887900282829 2.0 0.46199694227901206 
2.0 2.0 1.3274832865714996 
11.875217107591988 2.2523911044824314 4.715255297354909 
4.480132279630075 2.029216158860485 1.954860135254143 
4.926395074613856 2.007629638871893 1.7611184774324955 
14.375873031393883 2.4019105295995655 5.74733341832498 
4.760426196230572 2.015256530752479 1.3178042233082423 
2.0 2.0190578285870573 1.1054969501012775 
4.502493898849516 2.082856111865096 2.613281376583081 
4.5547865444683024 2.0 1.3834430455908078 
5.09175619456567 2.000655969503054 1.4304527404591028 
4.64114518399651 2.0646313897694553 1.8604275861364714 
2.0 2.0 0.1106695274222611 
5.4783048025944545 2.1748031696430536 3.6869509354979098 
16.675060868268346 2.7282559830497295 15.82135188664996 
9.1275460255968 2.0 5.526736010011803 
2.0 2.0 1.2511291175908277 
7.246236380163903 2.0 1.0179788613477398 
5.446401207863412 2.1008085086826975 2.686351668301094 
5.072303165447519 2.0496079487717043 1.5665516424324366 
36.06763596569945 3.6421561061213077 14.005725198854934 
3.749317916392412 2.0220684729801834 1.1933663331250395 
4.240910443209372 2.08506088356094 1.2649431068188144 
4.347827998573692 2.025447372439885 1.9743551492850098 
2.3580712414181293 2.033806944123887 0.32070979837267866 
14.212085063718739 2.3338870596528016 5.4172834107622165 
72.30153884032816 2.0021196331027284 5.423076986915789 
