2.0 43.407879173085604 19.080252900430505 
2.0 66.8973320438904 38.28373565715668 
23.2219517169723 2.247117423396277 2.1180893328195967 
25.56788150349589 2.2856781289916595 1.1595345106396409 
2.0 22.41232496541339 20.809195237810794 
2.0 35.33770663454005 26.393312789706947 
16.880958421891965 2.0969990437759862 1.0680063635389527 
8.567351000456975 2.4583574748965216 3.7420518348044265 
2.604210318839664 96.43606377847833 120.44391007935275 
3.163840604366498 47.46968953862026 89.90118190309857 
35.99632605174121 2.0816536239627297 1.9073456540237719 
22.24368407508325 2.0 1.6583456952743365 
20.456178256140852 2.0 4.192161811300884 
18.40861866590054 2.427753669300188 2.0269509343092698 
32.96473524254022 2.100012465382794 1.5877240904936547 
8.279080501633473 2.0049760472988614 0.4325165966987594 
24.49796976254064 2.0273499128816623 2.2508433449784775 
14.569426015235937 2.3340491312513056 2.7600412637082594 
12.064091959739084 2.0 4.961675412354371 
9.699283491135404 2.0 7.592012057374555 
12.21387004611111 2.381235856357736 1.7815011398242955 
2.0 2.0 0.031002998733253295 
12.578215699864066 2.4331423954139995 3.443031040073043 
11.64869068800962 2.2245788800888904 2.746931034059668 
2.0 36.48123059290232 86.6325682391541 
45.75715812098273 2.0 2.1025524296878935 
17.528247554142055 2.030216115232347 1.7379734529646156 
2.0 2.013010352417957 0.09719354916179845 
32.55006124922586 2.3590293229938877 0.9654928743455546 
2.0 63.54862955028627 26.22605193810499 
53.980954987747936 2.0 0.3945322993865954 
28.00300514158795 2.1156553139231233 0.7135426425413116 
23.49858974800104 2.060897890212497 1.1310748074024946 
2.1650536778200116 68.8635061158531 106.61451056691055 
61.61873038035979 2.0 0.797024183179832 
59.02040750753131 2.0 2.0219450228963067 
23.23957687383806 2.1114005958385533 1.082527335357431 
23.521707909541494 2.3652991893447965 1.2118884780644592 
37.337221641532764 2.0 0.992533104251061 
6.906245467598729 2.0894706027716086 0.4790256549610731 
7.000663919521622 2.014547172218672 0.5630128056343346 
17.568153530571703 2.0 0.28263127645788444 
6.974423460789417 2.080890756671789 1.3727377277521042 
19.40021729465516 2.010199593864861 0.8584251953171798 
16.919881489696703 2.023503965228781 8.923906167582526 
35.02247724865433 2.0321756257875134 1.4817833259802655 
11.230932939589753 2.0459523399077515 0.5155784412873128 
24.92277438077104 2.262715650261308 1.5394798126503213 
14.235170320056358 2.466068939665156 3.2590912543372417 
10.115305867693294 2.040673326775174 0.5927061754132821 
23.52453462486875 2.1281093536281923 2.1876864090811337 
14.740425472629383 2.1391929468154305 10.498744573895396 
12.387746349999826 2.0956805479285188 2.6443843418352797 
7.712371774719416 2.8794557340581797 0.21934571751884846 
8.535455313682716 2.3655191044865562 4.053773653284339 
45.93543167503364 2.0 1.9086288560964864 
2.610401902468341 57.021570239953434 42.494121358668714 
17.757659543847872 2.0959092756702 0.9080455568794481 
10.754867905825916 2.107096418607035 1.0874641203869004 
2.0 2.0 0.1962714034473259 
9.74487875124116 2.126016652599782 0.792239968174909 
20.98026763734471 2.0081183212711466 0.19586656973564448 
34.5267995138133 2.0 1.801071095061045 
16.336734462014203 2.0753300831325436 0.7080839594984207 
42.67156057312733 2.1649133570818204 2.348417420759707 
23.08386921623881 2.0069000103318295 1.623446049246967 
18.746224605690664 2.0115916387957493 1.3144551879615511 
7.474962294423937 2.036415854705004 1.5115645225347405 
13.237414057186744 2.4486494679456823 3.0642808092003078 
9.434286278103379 2.454515754422865 0.9536924282922006 
11.526411139127898 2.1646294241633606 7.007976686921922 
29.1630097809374 2.0284211880324636 2.5483267335326385 
18.294239626325627 2.0 2.3035850682675676 
25.569984455865097 2.1063334490939525 2.4436635255149977 
17.757731803474115 2.0097592947846183 4.705378598020061 
8.770990293426676 2.1188810597604624 3.3493128808461883 
59.55128946034855 2.280686030338811 1.848675947510652 
10.842468043734044 2.076621439024835 4.491257417644061 
11.525674434422886 2.0 10.220859047728553 
11.076155177684342 2.0625684659478702 0.676268942567553 
16.039943228783745 2.196805554255384 4.51692850652759 
10.333837634080144 2.3864461276737248 6.537792513228627 
11.951043013952889 2.2113440721968387 5.861338721488416 
14.597988794304676 2.4306070427378224 3.9988788932701405 
12.637070297270295 2.0 1.3878776983707208 
9.740623185320583 2.4001168159012254 2.523602369509941 
13.06000949192034 2.118033432347887 3.120095601753527 
12.058760437799315 2.1842759209729077 7.761243995001758 
12.704651227250972 2.0 1.573485047792994 
11.739687212574498 2.2139873182424172 3.91790629701127 
21.20132806860541 2.0 3.6055078844906965 
15.110412360440883 2.0400896103605644 1.4185384279032835 
13.785123800553759 2.2187143687849655 1.2138093650443855 
23.117920092545027 2.2453707247348205 0.6333364107090658 
24.867077043854533 2.257897039663284 2.8965274515722066 
14.233000802554457 2.4964939271191198 3.589807928366548 
17.882805311231447 2.0110430498329452 2.888777137763598 
12.007668793788863 2.20904261449376 3.8777750546932097 
23.329243742966145 2.0 5.500426263736687 
3.103202752615399 39.89873749958585 74.76819612489315 
