0.012155500000 0.485693000000 0.439513000000 0.436075000000 
0.008337500000 0.536079000000 0.491943000000 0.488946000000 
0.017405500000 0.445923000000 0.398134000000 0.395487000000 
0.024448400000 0.419184000000 0.364994000000 0.363408000000 
0.009284020000 0.533534000000 0.487154000000 0.484207000000 
0.022041800000 0.426614000000 0.374303000000 0.372467000000 
0.302974000000 0.083011000000 0.050611400000 0.048968800000 
0.076654900000 0.298941000000 0.231476000000 0.227344000000 
0.216982000000 0.134181000000 0.082820800000 0.080438100000 
0.013519800000 0.466519000000 0.423350000000 0.419729000000 
0.015455700000 0.453229000000 0.406232000000 0.403165000000 
0.012913700000 0.482258000000 0.440551000000 0.436800000000 
0.011036900000 0.530000000000 0.482094000000 0.479389000000 
0.056254400000 0.326794000000 0.260753000000 0.259727000000 
0.472455000000 0.013419600000 0.006601350000 0.006535290000 
0.033257000000 0.385210000000 0.324253000000 0.323271000000 
0.024708700000 0.414058000000 0.358773000000 0.357405000000 
0.018690100000 0.439000000000 0.389349000000 0.387039000000 
0.091601400000 0.269893000000 0.203937000000 0.200090000000 
0.169875000000 0.172544000000 0.112456000000 0.109696000000 
0.098547900000 0.275903000000 0.203190000000 0.201491000000 
0.137985000000 0.205846000000 0.139966000000 0.137154000000 
0.484236000000 0.008458590000 0.004315220000 0.004340820000 
0.042071800000 0.363652000000 0.299661000000 0.298710000000 
0.189457000000 0.153788000000 0.097684600000 0.095075200000 
0.162390000000 0.179534000000 0.118042000000 0.115261000000 
0.044954800000 0.356143000000 0.291744000000 0.290811000000 
0.122140000000 0.213772000000 0.151260000000 0.147719000000 
0.022064700000 0.422607000000 0.368958000000 0.367239000000 
0.496431000000 0.006269920000 0.002602200000 0.002585670000 
0.025550800000 0.410506000000 0.353973000000 0.352739000000 
0.130087000000 0.212943000000 0.145981000000 0.143098000000 
0.284493000000 0.087502600000 0.052865600000 0.051067000000 
0.542657000000 0.000600536000 0.000259094000 0.000352698000 
0.070111300000 0.305344000000 0.234129000000 0.231088000000 
0.071508400000 0.305239000000 0.238698000000 0.237341000000 
0.350806000000 0.051341100000 0.026361400000 0.025441400000 
0.428114000000 0.022891800000 0.010533200000 0.010212300000 
0.394817000000 0.034389800000 0.018123500000 0.017540000000 
0.046513600000 0.352708000000 0.287297000000 0.286166000000 
0.452511000000 0.017205200000 0.008577520000 0.008383010000 
0.037387800000 0.370011000000 0.306538000000 0.305742000000 
0.263738000000 0.098030500000 0.056772000000 0.054871600000 
0.326809000000 0.066011100000 0.036015900000 0.034861800000 
0.100452000000 0.268880000000 0.196052000000 0.194208000000 
0.144938000000 0.191750000000 0.128155000000 0.125331000000 
0.027066700000 0.404739000000 0.347467000000 0.346157000000 
0.227949000000 0.121466000000 0.076720200000 0.074229800000 
0.013407200000 0.473587000000 0.432080000000 0.428176000000 
0.338072000000 0.056668900000 0.029581500000 0.028541200000 
0.177028000000 0.161461000000 0.107949000000 0.104972000000 
0.272529000000 0.091181600000 0.051999100000 0.050262200000 
0.308216000000 0.075927300000 0.042529500000 0.041121800000 
0.062587700000 0.321998000000 0.254786000000 0.253912000000 
0.542639000000 0.000600236000 0.000258876000 0.000352789000 
0.065461600000 0.312873000000 0.242377000000 0.239158000000 
0.050099400000 0.344894000000 0.279988000000 0.278952000000 
0.055811400000 0.331398000000 0.265080000000 0.263836000000 
0.257163000000 0.102268000000 0.059584200000 0.057624100000 
0.518713000000 0.003620910000 0.001749350000 0.001795470000 
0.316682000000 0.066665400000 0.035892000000 0.034638900000 
0.034973100000 0.380692000000 0.319163000000 0.318137000000 
0.199963000000 0.147427000000 0.098840500000 0.096006100000 
0.107845000000 0.242716000000 0.176026000000 0.172582000000 
0.051389700000 0.335769000000 0.269715000000 0.268671000000 
0.083150900000 0.292629000000 0.224074000000 0.220469000000 
0.139256000000 0.197189000000 0.131937000000 0.130047000000 
0.247774000000 0.108312000000 0.064085600000 0.062073800000 
0.037309200000 0.376931000000 0.315084000000 0.313987000000 
0.213851000000 0.146226000000 0.090328200000 0.089242700000 
0.221349000000 0.130594000000 0.085350500000 0.082702100000 
0.136369000000 0.201531000000 0.140205000000 0.136624000000 
0.014679400000 0.457565000000 0.412546000000 0.409307000000 
0.085716200000 0.281676000000 0.212505000000 0.211529000000 
0.242599000000 0.118424000000 0.072005100000 0.069798800000 
0.316624000000 0.071890800000 0.039932800000 0.038623200000 
0.012139300000 0.520149000000 0.476586000000 0.472474000000 
0.378432000000 0.040235600000 0.021397200000 0.020762900000 
0.014081500000 0.463695000000 0.418358000000 0.414673000000 
0.108991000000 0.230346000000 0.167222000000 0.163370000000 
0.155954000000 0.177526000000 0.122261000000 0.118925000000 
0.366929000000 0.046792700000 0.024351100000 0.023561800000 
0.119519000000 0.228860000000 0.162772000000 0.158989000000 
0.437019000000 0.019893900000 0.008992190000 0.008742040000 
0.386609000000 0.039246500000 0.021166600000 0.020471500000 
0.418932000000 0.025381200000 0.011833300000 0.011478800000 
0.534137000000 0.001622560000 0.000781642000 0.000857121000 
0.019617100000 0.432814000000 0.381646000000 0.379509000000 
0.208352000000 0.148809000000 0.094904900000 0.092296500000 
0.029358900000 0.398614000000 0.339985000000 0.338932000000 
0.294789000000 0.084213700000 0.047998200000 0.046428500000 
0.030440800000 0.392573000000 0.332263000000 0.331174000000 
0.506736000000 0.004168620000 0.001744640000 0.001755450000 
0.407713000000 0.031373300000 0.015527700000 0.015041300000 
0.153606000000 0.185783000000 0.122272000000 0.120465000000 
0.243028000000 0.113896000000 0.068048600000 0.065941200000 
0.104227000000 0.253712000000 0.185975000000 0.184981000000 
0.086572600000 0.277440000000 0.209727000000 0.208975000000 
0.020729100000 0.431321000000 0.380088000000 0.378073000000 
0.184545000000 0.156057000000 0.105735000000 0.102798000000 
