2.0 42.648745205498145 0.0 
3.4400165043695945 55.75317687449419 0.0 
2.0 57.194977762556555 8.764051468567516 
2.0 57.99146086303048 5.802365236508399 
3.340964579499129 45.76763132617704 101.11630780553843 
2.0 44.57958082567266 6.613564499228204 
21.992204262709407 2.0 0.8008835382486246 
19.476149810650433 2.0 2.2179388705519907 
2.003372319927961 2.0 1.1711178437785656 
2.0 67.24431767605006 14.697230459403011 
2.0 46.22434641417613 10.666732098521914 
2.0024056407994424 73.73033463023333 27.426758686485385 
2.9362432110077497 38.30208477277405 47.368486138495626 
2.027151525945008 18.087879402294234 2.839696602524505 
17.754622226576686 2.0 0.3005239942059019 
2.0225439130109906 30.2507488106571 4.208403591184748 
2.0092577205601905 43.91650757091234 5.577280377747937 
2.0 46.29998630940407 7.897756503339609 
11.094504828454703 2.4281312926177345 2.0182089868774256 
2.0 2.0 1.399762930383137 
2.0 3.909051121637708 2.1830139378031927 
2.0017980053974487 2.0 1.6257732718017308 
51.174801262662726 2.0 0.2089960807830592 
2.131651359049557 24.885123272443128 3.5456376844111146 
2.0 2.1619257897407422 1.2857764908830351 
2.003077934163822 2.0 1.445558793558891 
2.0648308218361326 22.70611826114404 3.361683186864782 
5.869475820138762 2.179730911504708 1.6283060985828801 
2.0 39.92808097859303 6.26510646919797 
2.0 2.0 0.2589008908035231 
2.0 28.37597170596186 5.506553783914702 
2.0 2.0 1.6775283880447935 
8.044060385614877 2.407182445259661 0.8549665430436053 
2.0 2.0 0.05305536631620289 
6.262597453701801 2.0337602196853113 2.3361554049700004 
2.0 16.012057552118392 2.537185961901863 
2.0110714554746947 2.246275349129742 0.6784048841264564 
2.0 2.0 0.4599571039128622 
5.010504687276273 2.071255591076652 0.5266402993715702 
2.0 15.783310607235936 3.3321005280606424 
7.127868793009543 2.0489956162165193 0.3659719225970628 
2.0 18.427627380665257 3.7720433209976743 
2.274064972681118 2.4872678347781414 0.9687109519542068 
2.9830840268391525 2.0 0.7488736641453809 
2.0 2.5212172172483895 2.1347066258546272 
2.0 2.0 1.5303522168161259 
2.462755260096976 40.342484134651635 5.062404025101649 
5.00044557344042 2.0 1.0561428561554806 
2.1144098830188955 72.78670126527271 19.10435020317348 
2.0 2.480006362346828 0.7103481409128285 
6.119550413617107 2.0 1.31000150883267 
2.0 2.0 0.923225429344132 
3.005598519014065 2.0 0.8127650816785281 
2.2097447985680323 14.760136817156617 2.756843371506445 
2.0 2.0 0.0669298850410347 
7.925611813394511 2.268081367689704 2.4216205163024647 
2.255884825158657 23.044668566621116 3.1200871647639703 
2.1493918423028022 16.001859883159227 2.8957153486799556 
2.1143704151346823 2.0205750044173296 0.985824724234922 
19.47747716152029 2.073322232273776 0.11810310950500452 
2.1176735905849213 2.0 0.7803332164148207 
2.264570670798971 29.86643586630318 4.026594036514761 
10.633100464162235 2.3781602326467994 1.1929264924403866 
5.429229190643732 2.159573578580674 1.8249982995152219 
2.00454749421837 17.936071256293737 2.9867350195034006 
9.424583685892868 2.0 2.1926206443530294 
2.488557351639187 3.328921710808639 1.5538992166442558 
2.0 2.0 1.0248897560436143 
2.0063814331951453 26.04602563893311 3.9711926610969943 
2.415798351721259 4.280089531795873 1.2026118359467026 
9.259052664580164 2.0 1.095850316828006 
4.790016889522812 2.256390607741608 1.5354412207247154 
2.0 62.405646215700386 11.548134330465139 
2.0 7.8066319956964065 2.24294002608983 
2.779536539910459 2.404362489864832 1.0669830655516948 
3.320228395424383 2.0 0.7837730049773671 
3.48918887067198 62.87895548088367 28.47547624664569 
5.695813601049103 2.0 0.556468209634462 
2.0 45.28696002122043 14.469866409069628 
7.441704873063031 2.0 1.7520130456348806 
6.5108161935429125 2.000676618083261 1.4129795492956152 
3.249085056607927 2.1210997839690586 0.6253951667722588 
3.8990512522725354 2.0002848558582738 1.7339063044498566 
2.0 2.0 0.42789124296249437 
7.77784414017588 2.0 0.5562012220113486 
2.0137444991793307 2.316188881820112 0.47922470100615217 
12.29476249954387 2.0 0.07959007675192353 
2.0 41.00927104027095 7.262092030635677 
3.18581769158134 2.0 1.2488231868343886 
2.0 38.16494767798608 4.7158588624194095 
3.1022935167278414 2.2283053076381134 0.8617495950680273 
2.0 21.21200345673204 4.654756693698316 
2.2763540911406546 2.1023109389738983 0.2215377043971902 
2.6226573450098685 2.0 0.5057027048148935 
2.0 3.426439703311644 1.4738089511623116 
2.2709399459790065 2.0 1.056020589831748 
2.0427521895851237 9.28851919813821 1.9809599570371683 
2.0 9.72581548508895 2.208704599513448 
2.0 47.13696424877258 7.068646180396395 
11.478249047866463 2.0 1.2583758069424773 
