2.0 17.68267494377953 127.05972235460294 
3.0670542587696628 17.470430244932302 136.45792742535377 
5.2107046243414175 7.6297744285644065 5.3533998911592136 
29.922244993749594 12.955460215078576 0.6723080414260526 
7.048349634021711 2.0 1.2049736299669067 
5.519038020709388 2.615317492988559 3.3950344922382643 
5.729183369967952 2.0 3.4081057418200946 
3.392096522077047 22.037968232642672 171.54102895621432 
2.0 41.533830682793 0.1899927698264317 
2.0 22.79637204287251 13.629223966312697 
2.0 22.651801639380007 23.467349337383716 
2.0 112.91571787043301 0.4090979366661842 
2.0 40.5076710495817 0.8156681198343653 
2.0 26.009623888333557 0.6886838053042523 
7.787819210238505 2.0 1.2482942849272214 
8.145209879067783 2.0 1.2956086801489575 
9.074969841149237 2.0 4.330271112736483 
54.68454006408974 7.191438599782108 0.2488062096599826 
9.98501083203711 10.48025557149247 0.1751689046792002 
58.53488389317773 2.0 0.3330221368810484 
2.0 13.216340873629264 0.3309582188581164 
23.832243988972085 4.605194341136411 0.3871026458884099 
2.0 56.777174172431224 0.5390959592102629 
3.1212758831633347 2.1702096442562087 1.8753458352357955 
6.253753051355214 2.597311130373853 1.6760967319311142 
7.237328374718148 2.4486658522383244 4.329438962505625 
2.0 12.035070586443283 8.53756625795627 
2.0 46.10347275273413 1.1148066717144562 
9.660787270778545 2.0 1.3211920921423483 
4.673351412794009 4.684341333770418 0.10681789796317918 
4.044438876060955 2.0 1.5966366697782093 
2.4336250035777436 37.48095358573777 1.0274410151642983 
8.722522323718582 3.82196165380946 4.49801051092067 
2.0 22.45095488397257 32.07957643151373 
8.956177252884387 3.0353547703886825 5.299293602152643 
6.888528532282301 2.0 0.9108425550732215 
6.299530812161502 3.7782445961360516 3.90205923287289 
2.1347666301129746 55.70820720221985 0.40573094786868585 
7.263197520163618 3.2117795934355535 2.8218739745179504 
2.0 12.777007602534216 17.49434831909127 
5.908451537250354 2.0168331330771405 0.7957862887691686 
2.0 13.280111878057829 9.179410488737116 
9.024490495991726 2.0 4.088428698249196 
2.0 61.55056098551871 1.1192948284155844 
7.416116366645824 2.0 4.141418158736859 
11.054782373301267 3.6368136360534984 4.99946566929985 
19.696532885697295 13.004077116569615 0.24754950407832432 
5.162492942628159 2.0 3.532785275136259 
7.082995182326615 3.8629188963754455 7.370189023634174 
2.0 15.810504195303425 22.573035297826497 
4.362460575162896 2.0 3.7879203816101645 
4.122474619708563 4.36495823321477 2.5775495556837855 
6.3723083948159545 2.0 0.03715948139151948 
2.0 2.0 1.7377736735378773 
16.92544355665231 3.103424245269941 0.990104205345935 
97.80754955354811 2.0 0.6292318560627399 
2.0 17.74540503305807 9.76312175107575 
2.0 16.03880539854945 15.581953026810945 
2.0 2.0 0.4729990967595079 
7.482061606520064 2.0 1.1651233905316563 
7.182265114859882 3.9494921912017027 4.0604098209733435 
2.0 21.940451100845902 10.877763127398321 
2.0 2.1861894908931143 1.7819728221338176 
8.628223926823338 2.0 3.925844610953178 
3.0706168172425365 4.101750194265331 0.9562302503547286 
6.6742289184517976 4.07259783004656 3.861892858366884 
2.0 29.69288090280271 16.800045421473367 
2.186469231186186 27.589063735734698 0.7745459906485846 
3.5434220087493804 2.480167106954342 2.4266027317109993 
2.0 16.542863154540907 28.266170871386148 
2.0 26.975073806085994 11.867183876657995 
5.729935581494084 2.0 2.898797004319957 
9.919571426886598 2.0 0.5430083420449421 
4.336936623082065 2.0 1.9349037812659535 
4.948912895224171 3.7147461285863157 5.781686276264212 
2.0161409479778283 23.922430542646197 1.0299537821112121 
7.309770506803974 2.0 1.492129038521833 
10.444647660797498 2.7232030451628875 0.9147066601658495 
8.34982216265812 2.287000520155218 0.6413000608658508 
3.438530963549681 2.0 3.263605898767867 
6.261826747772631 2.0 2.7146791665667385 
9.95552457914635 2.006682106218866 4.422574540412121 
2.2603889414131957 19.750230972307033 0.670912430200619 
2.0 9.85981521907533 0.7586681996041085 
3.1649469128671672 2.077069742810973 2.045992137291985 
2.0 21.590395096592843 27.148466816881413 
3.3324659996164456 2.058452072980564 1.5021363098592244 
4.106953322466325 2.126528389436534 1.9509126227556985 
5.3057754414789 11.231264239881122 0.05006643200941241 
3.4046798254832957 2.0710803165223144 1.6593644162507735 
5.562839546923785 2.0 3.8117454389502967 
5.945810963683148 2.6718377808818516 0.9980109901975032 
5.048550647729729 2.261972090855131 2.318718514664078 
3.0382993448400364 2.0 2.2418190161777583 
3.685816297920056 2.0 3.3668938829212376 
2.6172166416502787 5.21240282058397 2.735600244257602 
7.024531541977984 3.977148268506377 3.2792255555399596 
3.6108985184545097 2.5401070138481403 2.328679201090644 
2.8338891995356956 2.0 2.0597986503593653 
2.0338855250354655 63.513293115373045 1.1607844899269488 
