0.016738900000 0.546025000000 0.531937000000 0.535751000000 
0.393341000000 0.210335000000 0.174552000000 0.193297000000 
0.869583000000 0.013457500000 0.008571300000 0.011590100000 
0.501019000000 0.154965000000 0.122468000000 0.138813000000 
0.063893800000 0.460605000000 0.436417000000 0.452140000000 
0.114419000000 0.408423000000 0.380317000000 0.398022000000 
0.598660000000 0.111561000000 0.081980600000 0.095390600000 
0.915575000000 0.002683520000 0.001822810000 0.002801590000 
0.072041000000 0.456118000000 0.431569000000 0.446834000000 
0.095155700000 0.426156000000 0.399189000000 0.416336000000 
0.108203000000 0.414773000000 0.387090000000 0.404662000000 
0.156714000000 0.369696000000 0.338585000000 0.357436000000 
0.651212000000 0.097327600000 0.070886400000 0.082214700000 
0.272727000000 0.283959000000 0.250044000000 0.269203000000 
0.819789000000 0.024054000000 0.015787700000 0.020021700000 
0.304234000000 0.264192000000 0.229143000000 0.248826000000 
0.782538000000 0.032283400000 0.021787300000 0.026656900000 
0.190808000000 0.341052000000 0.308338000000 0.328224000000 
0.589721000000 0.115577000000 0.085563500000 0.099405100000 
0.354540000000 0.237508000000 0.204144000000 0.221760000000 
0.751654000000 0.058626600000 0.038598800000 0.046595800000 
0.742300000000 0.061558900000 0.040559200000 0.048993600000 
0.147533000000 0.375717000000 0.345691000000 0.363844000000 
0.179513000000 0.345966000000 0.314269000000 0.332979000000 
0.608857000000 0.104529000000 0.076839000000 0.089830000000 
0.620050000000 0.101347000000 0.073107900000 0.085628500000 
0.753333000000 0.052779800000 0.034134700000 0.042199500000 
0.728293000000 0.065189700000 0.043884800000 0.052496200000 
0.083622900000 0.436320000000 0.410123000000 0.426982000000 
0.292311000000 0.268817000000 0.233666000000 0.253595000000 
0.055243500000 0.472402000000 0.449726000000 0.464071000000 
0.281593000000 0.280012000000 0.245836000000 0.264763000000 
0.199230000000 0.336710000000 0.304715000000 0.323735000000 
0.170685000000 0.356480000000 0.325379000000 0.343833000000 
0.363121000000 0.231130000000 0.196728000000 0.214841000000 
0.163930000000 0.362887000000 0.332167000000 0.350581000000 
0.255980000000 0.292470000000 0.258481000000 0.277618000000 
0.416921000000 0.197922000000 0.162803000000 0.181247000000 
0.139575000000 0.381934000000 0.351527000000 0.370206000000 
0.504951000000 0.147271000000 0.115223000000 0.131243000000 
0.030456100000 0.504041000000 0.485106000000 0.497283000000 
0.034803400000 0.498983000000 0.479057000000 0.491650000000 
0.482371000000 0.160219000000 0.126336000000 0.143089000000 
0.884188000000 0.007202600000 0.003926790000 0.005680700000 
0.326794000000 0.247713000000 0.212702000000 0.231577000000 
0.574869000000 0.119510000000 0.090103400000 0.104283000000 
0.635524000000 0.100246000000 0.072050700000 0.084673400000 
0.385527000000 0.215145000000 0.179778000000 0.198707000000 
0.100101000000 0.419577000000 0.392439000000 0.409285000000 
0.228955000000 0.315693000000 0.281856000000 0.301480000000 
0.075027000000 0.452785000000 0.427433000000 0.443447000000 
0.541276000000 0.133325000000 0.102489000000 0.117595000000 
0.857730000000 0.015753500000 0.010131400000 0.013484600000 
0.712659000000 0.068774800000 0.046111200000 0.056203400000 
0.681386000000 0.080550200000 0.056034000000 0.066680800000 
0.208910000000 0.330330000000 0.298145000000 0.317245000000 
0.233468000000 0.307298000000 0.273856000000 0.292956000000 
0.264663000000 0.287568000000 0.252855000000 0.272817000000 
0.554537000000 0.129073000000 0.097623900000 0.112180000000 
0.675234000000 0.087205900000 0.062203700000 0.072777600000 
0.523185000000 0.139623000000 0.108225000000 0.123646000000 
0.176005000000 0.351352000000 0.319985000000 0.338648000000 
0.440636000000 0.182388000000 0.147415000000 0.165196000000 
0.563184000000 0.125482000000 0.094649500000 0.109663000000 
0.520528000000 0.140793000000 0.109302000000 0.124817000000 
0.699134000000 0.075050000000 0.051019500000 0.061228600000 
0.255185000000 0.298999000000 0.265157000000 0.284062000000 
0.336181000000 0.240306000000 0.205137000000 0.224471000000 
0.397868000000 0.202028000000 0.167341000000 0.185757000000 
0.365656000000 0.226109000000 0.190598000000 0.209859000000 
0.374719000000 0.221563000000 0.185619000000 0.204737000000 
0.120422000000 0.401397000000 0.372906000000 0.390409000000 
0.025745400000 0.515010000000 0.497037000000 0.508242000000 
0.129450000000 0.395030000000 0.365836000000 0.383587000000 
0.046628500000 0.486124000000 0.465018000000 0.478768000000 
0.323240000000 0.252648000000 0.217538000000 0.236813000000 
0.081460500000 0.444436000000 0.418421000000 0.434870000000 
0.078659100000 0.445000000000 0.419714000000 0.435741000000 
0.061105300000 0.466882000000 0.443523000000 0.458377000000 
0.423513000000 0.186163000000 0.151943000000 0.169738000000 
0.040639900000 0.492612000000 0.471760000000 0.484802000000 
0.309218000000 0.257998000000 0.222948000000 0.242277000000 
0.451839000000 0.176809000000 0.142282000000 0.160393000000 
0.776597000000 0.047818600000 0.030260900000 0.037339700000 
0.656846000000 0.089213000000 0.063446100000 0.074909100000 
0.024059300000 0.520047000000 0.502669000000 0.513264000000 
0.017340200000 0.526892000000 0.511204000000 0.521045000000 
0.028144800000 0.509783000000 0.491069000000 0.502684000000 
0.454241000000 0.171983000000 0.138415000000 0.155656000000 
0.285078000000 0.274212000000 0.239372000000 0.258905000000 
0.091716800000 0.429935000000 0.403589000000 0.420040000000 
0.138933000000 0.388129000000 0.357783000000 0.376143000000 
0.841297000000 0.018961700000 0.012237900000 0.015901000000 
0.688680000000 0.077772300000 0.059041600000 0.067165700000 
0.242229000000 0.302718000000 0.268584000000 0.288139000000 
0.051698700000 0.479361000000 0.456814000000 0.471059000000 
0.468597000000 0.164950000000 0.130844000000 0.147788000000 
0.021840600000 0.525337000000 0.508816000000 0.518792000000 
0.218110000000 0.319070000000 0.286151000000 0.305202000000 
0.503252000000 0.152249000000 0.119893000000 0.136167000000 
