87.49504873858834 2.0 184.9343035618064 
2.0 2.4442572610544318 1.9346730033889865 
2.0 51.852158268544734 0.10558654753369501 
2.319239579769028 3.246943789228795 1.5114435760966394 
2.4933703423084745 9.421804134779919 7.157977145881153 
2.332072070265205 8.802073138465552 4.978326071677303 
2.07047986326107 2.0 1.1866859450367886 
2.052142993500839 2.0 0.03364060177087702 
2.083584615680003 15.576972301257534 6.92388223008692 
2.369343828944602 9.44492233721147 5.529762091709342 
2.0 9.118867459001448 5.155446303598961 
2.0818046507704895 5.421572638178818 4.005629213873735 
2.458562135241516 25.074943106689727 1.0835595657228505 
2.003579681364542 8.941339992265263 2.765116504990809 
2.0055375849360395 83.54009978697547 0.3269360718752883 
2.0290407981929452 3.2576660545540257 2.443035200840401 
2.0158052676085676 110.67982187509232 0.37759200218192746 
2.049704739351328 4.15255665554698 3.435202686145297 
2.353634752406038 2.0 1.2100319240054562 
2.0954534231851554 17.085295591240595 2.320453919358071 
2.0494113612645926 38.13917217060819 0.8075591553188867 
2.025714422082543 13.076143817590012 0.8117138663154201 
2.167657596749431 5.773651257172297 4.155022559166935 
2.123629566929464 6.3222815799207375 3.598391774391933 
2.022343435183074 2.8933134616015783 1.149636492305608 
2.155069464185866 2.0 1.1130573160251145 
2.04765512294313 3.1165257985164097 0.7770745568725341 
2.2336915607665855 9.595391085235615 0.8466519932585719 
2.3823044198376473 9.408712977439205 5.899911959523555 
2.055770997011036 4.320881591496571 2.5149490604193687 
2.3440992078317446 14.832552669738606 7.997691256487982 
2.4068991096168224 8.204325300838347 2.7330869359674708 
2.0 8.57658987486394 3.5156713094847816 
2.0160051353340553 6.182771256744615 3.7876189118207564 
2.075335170505281 9.91828429531142 2.203989120900357 
2.0 5.919116666902799 3.903188390568508 
2.147656619678635 5.810512841589011 2.8506189350832534 
2.013499914264993 3.5227892879876626 1.833207886009837 
2.4553184094653044 5.205982122986008 4.256317084092373 
2.11270502663863 2.835934150912423 1.4470434812890567 
2.203826529775595 13.323319334306614 12.555073275503256 
2.027260194591485 15.270649734164312 11.24363604220192 
2.0 2.0 1.5341975215693822 
2.0 18.390114106267784 0.16956617915596262 
2.3497110968568924 5.7360265327107305 2.3523690169028817 
2.3692360597275766 2.700718237565723 1.250611378439971 
2.0751260213020397 6.459448303588735 1.1034365284121783 
2.011277922075909 4.465994056731409 1.9842668297185369 
2.215268313045221 11.31560163822803 5.357325959858566 
2.091671589038451 3.1317524483754076 3.0070692349336903 
2.047424073273079 8.083907711920038 6.4823745923645015 
2.0 2.784786743471006 1.354643732829513 
2.1526826075023155 60.357144943300135 0.11540646027160606 
2.5332099440354194 2.0 0.8645482877835182 
2.100784238121624 5.308725548358792 0.9631993145970387 
2.027177526182483 9.038486102635066 3.405420006233027 
2.4185480325120894 5.981893639377418 3.0404751813128663 
2.005172307663134 4.156339525324764 2.735840223296456 
2.4442980063675375 5.765452834631238 1.3193658339794891 
2.0 17.308026505065357 1.0350989067940712 
2.0103379285399714 2.7895528062353145 1.4039945469008803 
2.3287163572872496 6.346182322842394 3.69332545836437 
2.0 2.164401508781774 1.7106213039650804 
2.5672074043316755 2.0 1.2588540865427884 
2.0 3.1020676092021002 1.4124681867042606 
2.016106096397492 2.0 0.9290315949538155 
2.0260203691188248 7.32938311211954 3.001307002263599 
2.0047510963689783 2.5112358555012095 2.217053963109191 
2.499028863368601 3.212952369115573 1.8827392537284462 
2.0553737917446004 4.293441375667617 2.091368180403594 
2.0 2.0 2.030177723697583 
2.1814517964020657 6.38453044073481 4.7142027236591755 
2.3745194818327997 26.857895540724154 15.674206052741683 
2.2179070237193015 10.1348879331905 4.633095938400342 
2.0172917671528396 6.294038197231572 9.240566141121619 
2.1665470757610525 4.824961719063888 2.3694960549796242 
2.0547729233735628 7.780196940154871 6.121865746148947 
2.4304724329736467 10.64953110378638 6.302568225770681 
2.1964752349369103 13.234431526989537 7.428437239990774 
2.04548442866466 3.0774109155613094 1.7568590123335572 
2.3525977059570655 16.914410305826067 9.964927468515423 
2.327306124019966 4.953247910970343 2.433497539213788 
3.328560696240138 2.2150743645172186 1.6421060253922783 
2.0592875398389827 61.25251719332334 0.6321658202413074 
2.4752043417311094 5.172765291697592 1.0232440812859624 
2.0 30.11543647861356 17.51870826302839 
2.0 14.785014156700235 38.42727911942407 
2.4046096842784572 22.391206689832654 13.864157375845936 
2.1194912904913634 3.0975288054746835 1.646188253607839 
2.1353787146350407 5.210279254121114 2.6033743769155473 
2.0691621360848087 11.314125175185183 5.713552117816418 
2.2729233418172705 3.2066169757187684 4.169164387813811 
2.0232768491002693 75.45292187421573 0.2626379857381897 
6.8409282493948105 56.03686697860226 0.7997288566204275 
2.100355477006704 5.4639076345906235 2.9614342924147574 
2.2942365411621597 14.472068613866568 8.603678401797387 
2.0791624777392395 2.0 1.568977756944996 
2.0 34.78359985746159 21.19773334112607 
2.3705177119070138 5.870038253441129 3.1942824305668926 
2.0 2.8920917608903305 1.4873757358011557 
