0.382216000000 0.060113500000 0.041649200000 0.044640300000 
0.310287000000 0.096032700000 0.070518900000 0.074320000000 
0.155234000000 0.187192000000 0.150201000000 0.154972000000 
0.045587500000 0.371936000000 0.326518000000 0.328976000000 
0.486627000000 0.018444500000 0.011873100000 0.013560500000 
0.550096000000 0.001812590000 0.001152440000 0.001665910000 
0.389863000000 0.055969000000 0.038497100000 0.041387300000 
0.035609700000 0.459668000000 0.431140000000 0.444154000000 
0.417656000000 0.043605800000 0.029309100000 0.031942000000 
0.299410000000 0.105695000000 0.077687000000 0.080601000000 
0.181242000000 0.174883000000 0.138018000000 0.142521000000 
0.505778000000 0.011508500000 0.007413590000 0.009012430000 
0.061524400000 0.346207000000 0.299124000000 0.301142000000 
0.071742500000 0.316839000000 0.271650000000 0.278927000000 
0.024173300000 0.482542000000 0.455919000000 0.467539000000 
0.052256100000 0.364216000000 0.319044000000 0.322897000000 
0.042199600000 0.390405000000 0.346587000000 0.348993000000 
0.402340000000 0.055709400000 0.037985100000 0.039880000000 
0.059997100000 0.341051000000 0.296765000000 0.304252000000 
0.143507000000 0.206336000000 0.169130000000 0.176646000000 
0.329500000000 0.085247400000 0.060244400000 0.061917000000 
0.091625700000 0.257979000000 0.217880000000 0.226562000000 
0.058171300000 0.350195000000 0.304985000000 0.309813000000 
0.372855000000 0.062993200000 0.043859700000 0.046858900000 
0.413614000000 0.048479000000 0.032688000000 0.033650500000 
0.043369300000 0.383896000000 0.340304000000 0.343870000000 
0.445361000000 0.033304600000 0.022140100000 0.024432600000 
0.363900000000 0.072339700000 0.051108300000 0.054245100000 
0.437196000000 0.038204900000 0.025357600000 0.027811400000 
0.322040000000 0.089880500000 0.065125400000 0.068546800000 
0.141503000000 0.210010000000 0.172578000000 0.180286000000 
0.288124000000 0.104122000000 0.077355800000 0.081246800000 
0.239171000000 0.134874000000 0.103008000000 0.106538000000 
0.457458000000 0.029982700000 0.020330900000 0.022309600000 
0.252087000000 0.127625000000 0.097015200000 0.101257000000 
0.427757000000 0.040603500000 0.027094400000 0.029690000000 
0.225725000000 0.139069000000 0.107877000000 0.112745000000 
0.040627500000 0.449456000000 0.421131000000 0.434599000000 
0.078528900000 0.296542000000 0.256750000000 0.266218000000 
0.351084000000 0.077763900000 0.055385400000 0.058544900000 
0.203508000000 0.169910000000 0.131396000000 0.133897000000 
0.136290000000 0.215351000000 0.177542000000 0.185479000000 
0.032288600000 0.471110000000 0.442836000000 0.455175000000 
0.054509200000 0.357800000000 0.312926000000 0.319358000000 
0.517436000000 0.009705630000 0.006060310000 0.007104280000 
0.280480000000 0.107166000000 0.080029900000 0.084068000000 
0.033600300000 0.465468000000 0.437530000000 0.449929000000 
0.468658000000 0.023889300000 0.015491900000 0.017337300000 
0.359565000000 0.074887700000 0.053131800000 0.056283300000 
0.022626900000 0.492482000000 0.466922000000 0.478744000000 
0.029302100000 0.479767000000 0.451798000000 0.462768000000 
0.063698800000 0.335665000000 0.291087000000 0.298468000000 
0.349849000000 0.082557500000 0.059152900000 0.062601000000 
0.095565300000 0.247048000000 0.207170000000 0.215326000000 
0.209824000000 0.148955000000 0.116716000000 0.121834000000 
0.369739000000 0.069632700000 0.047829600000 0.049028300000 
0.101628000000 0.242905000000 0.203079000000 0.210980000000 
0.110918000000 0.235054000000 0.195547000000 0.203053000000 
0.302477000000 0.098659700000 0.071096800000 0.073035200000 
0.530019000000 0.007454500000 0.004720430000 0.005917910000 
0.022687900000 0.486547000000 0.460487000000 0.472156000000 
0.274060000000 0.110940000000 0.081409300000 0.083928500000 
0.153289000000 0.195932000000 0.159008000000 0.165370000000 
0.314379000000 0.092841000000 0.066414900000 0.068344900000 
0.336829000000 0.084176200000 0.060674200000 0.064123800000 
0.082486200000 0.288444000000 0.248077000000 0.258183000000 
0.080007100000 0.289498000000 0.249561000000 0.258973000000 
0.076294400000 0.304004000000 0.264524000000 0.273972000000 
0.183617000000 0.163186000000 0.129485000000 0.135142000000 
0.476449000000 0.022138700000 0.014303200000 0.016152000000 
0.037489400000 0.454219000000 0.424377000000 0.437207000000 
0.205063000000 0.164014000000 0.128807000000 0.132887000000 
0.089638700000 0.261349000000 0.221182000000 0.229995000000 
0.227790000000 0.137522000000 0.106515000000 0.111324000000 
0.121194000000 0.219152000000 0.180354000000 0.186891000000 
0.270092000000 0.117152000000 0.086377600000 0.088874000000 
0.224706000000 0.146133000000 0.113920000000 0.118488000000 
0.085119200000 0.272962000000 0.232748000000 0.242017000000 
0.540918000000 0.003095250000 0.001917560000 0.002379800000 
0.083548500000 0.274258000000 0.234074000000 0.243332000000 
0.114962000000 0.227480000000 0.188249000000 0.195314000000 
0.112619000000 0.231840000000 0.192458000000 0.199767000000 
0.235468000000 0.132492000000 0.101996000000 0.106578000000 
0.030856600000 0.473517000000 0.445562000000 0.457796000000 
0.161560000000 0.182598000000 0.147187000000 0.153613000000 
0.044241400000 0.377476000000 0.332501000000 0.334954000000 
0.074311700000 0.312662000000 0.267346000000 0.274563000000 
0.499574000000 0.014504600000 0.009373920000 0.011037500000 
0.043563800000 0.379146000000 0.334269000000 0.336492000000 
0.262931000000 0.121694000000 0.090279000000 0.092939600000 
0.211464000000 0.146120000000 0.114169000000 0.119214000000 
0.074302200000 0.313858000000 0.274753000000 0.284157000000 
0.049045600000 0.369944000000 0.324369000000 0.327427000000 
0.068082800000 0.321502000000 0.276400000000 0.283731000000 
0.056611100000 0.353355000000 0.307400000000 0.311947000000 
0.255186000000 0.125739000000 0.094146500000 0.097120100000 
0.173636000000 0.182183000000 0.144770000000 0.149689000000 
0.076297300000 0.299218000000 0.259041000000 0.269294000000 
0.409478000000 0.050860300000 0.034701500000 0.037588200000 
0.146533000000 0.196121000000 0.158539000000 0.163813000000 
