2.0 2.0 0.972128889622601 
4.227302434715085 2.215635097013057 1.268164967012872 
4.586340768790649 2.3995682210294462 2.2858772542943306 
58.66718812593443 2.3191024027510356 5.621414872285293 
17.75457616545571 2.17517012296934 0.33260055301650304 
2.065412720612559 2.5316255999052695 1.2301363596312065E-4 
2.0 2.0 0.9189603090417007 
18.72556190360053 3.737235022729399 10.028281741577986 
2.2558616894058536 2.001554305110046 0.7751412450395662 
7.497508980674754 2.2613556533832355 1.2891682386295107 
4.961660437548272 2.5278641508313195 1.9696366534149672 
7.3101182475471935 2.100428387869042 0.2544777324346919 
73.63320189622465 2.1522166829119995 4.498673286240226 
9.107618105247282 2.226120702441614 4.365686064248846 
36.26695342872324 4.266382631955203 13.11622999222698 
43.824340850135954 2.347335736387611 5.222933168751383 
72.17640839967845 2.042921864702927 6.511371543566643 
24.583456521114766 2.1840691300415656 0.7352376887468044 
9.273800902535491 2.288627106966901 5.320290811167477 
3.8583077898067923 2.0669648664759137 2.58697432850055 
2.0 2.9408379660969044 1.1631945916841433 
4.895344943328881 2.0698631659383513 3.478161694074525 
23.39070712189895 2.0 5.027360393256676 
2.495471578042223 2.030440903563356 1.0005161333382993 
72.75264953097764 2.8965342981042554 0.6181559097205307 
47.40414519207776 2.422583317312324 6.458269658486532 
8.887061949372688 2.0591997183240105 0.5343065105851503 
2.0 2.0 1.0990836701226758 
2.0 2.027027243552739 0.6999873895261393 
2.0 2.0 1.295794511029627 
4.202417373222138 2.404939864251254 2.643993015364539 
3.5969674261470295 2.14224517166008 1.356975025817384 
4.938006201571373 2.41056099729399 1.6810721187685136 
69.14354529058932 2.0 0.46670401549949947 
2.0 2.0 1.7165275244564828 
2.0 2.0 0.7297478536724988 
3.614472833414328 2.253078597136735 1.7621000431761278 
9.033069735594765 3.7976522102764054 11.35967371025112 
5.392644885739027 2.1207582458260315 4.656065629420378 
2.0 2.384328741954952 1.165611109333981 
11.651939649624472 2.2940863097012505 1.8692623805812711 
3.6504764849004214 2.0444213098494313 2.711435556083205 
29.918240989006172 3.8107889727691706 10.507582076349385 
15.162763941470384 2.0 5.743250374502372 
3.2599637473295395 2.5783673877225834 0.2719749218095959 
3.95260347452015 2.4324294226639145 1.387640700436327 
22.938172238623167 3.7641548827678597 10.564207757661553 
14.340256721106558 2.4835862419083603 0.405593313664224 
2.0 2.0 1.1321315519520585 
40.36366392498095 4.466297311144457 15.735493172355746 
32.086931789230505 4.328128614566461 11.937029467773028 
8.54032517053743 2.0 5.074802317225104 
3.705738859132696 2.3950242687574064 1.1041692988809262 
5.098090026363408 2.203888602265132 3.236707995437425 
3.70641216009518 2.299355152895865 1.8761135049841537 
2.0 2.8813126745998625 1.0076618124554075 
5.489572895657663 2.4069359482747275 3.144816418069882 
4.722083749398313 2.0 3.0125467382509337 
2.0 2.9988204155189426 1.2876467430148244 
14.194848219930229 2.0 0.17151405469234093 
37.69714070762573 4.290930339684995 14.364365049054967 
2.0 2.588675407189164 1.4088696098248044 
5.519038765921622 2.266451476069507 2.378054873312722 
2.0 2.6240797119591983 1.227882042709274 
4.588120989401087 2.1641940200820033 1.1476278246602931 
5.952297413960094 2.3849654267645293 4.119601292027198 
5.2008959785770115 2.0 4.387530549023974 
5.381059130526452 2.0 4.963229178723559 
4.415588428806922 2.0 2.0427087706689395 
12.196510815572672 2.0 0.3876295740433875 
12.084142821459961 3.753968663676998 11.089449665896844 
8.101748708024848 2.28747187601169 1.9041971280204182 
5.449345412582516 2.4317058223883485 3.5453063319422093 
4.448548354148102 2.1951419347273333 1.7480553630317472 
4.979298647696808 2.0628465929878144 2.7480783922508376 
4.221668738419379 2.7611809806686627 1.3991609862188874 
6.135107394772606 2.2023028509350087 1.796368714899291 
5.012747411282307 2.0496478132972933 3.8651146481879866 
14.984109629713158 2.000591859376797 0.054611709265097064 
5.347710523798629 2.1875466729073056 3.897535202861846 
4.663380240255003 2.3639641240335267 2.883425431368056 
5.1272406491053335 2.3514070977374404 2.952397767516929 
4.279562763226463 2.298782080218435 1.6804212379465668 
39.670985215566986 3.569716479543463 10.59437472958292 
4.432315706414675 2.4971136669450136 2.2839773879474548 
55.023415993530364 2.044233264167562 5.946363349589477 
8.885468127999511 2.4623242051648657 4.238220717830172 
11.379483828146725 2.000655905965681 0.2957680289502784 
75.5913049532837 2.0 5.918000435996242 
4.251553317623252 3.21579977114682 1.4395191906080314 
4.03266463119477 2.2449883515255658 1.853511243670754 
4.7153343451664265 2.047982184429633 5.3812822598094066 
51.20482235286681 2.3946838977995233 5.519559090287041 
9.071190867807315 2.1128382228387053 4.535646033686261 
25.907991686088184 2.421437108073217 5.083841080168151 
2.0 2.842473648867532 1.5604738142341 
4.802127904420992 2.541219875976505 2.0474113753982577 
5.89373948094211 2.0 4.462792131396408 
2.0 2.2495752992192077 0.8545281582778457 
5.006397357585772 2.090505274695317 2.408101549321982 
