20.431607796621403 2.0810334127777446 42.02266832997455 
2.7455974320392675 40.5154378258946 165.7644367563523 
2.0 39.51337574993057 0.0 
2.0 2.0 0.4290304433530512 
2.0 2.0 0.5141515591406289 
9.923605135831437 2.1479310638292994 4.819173526512778 
7.626632638299345 2.147695005795102 4.315644201837916 
32.096412299574794 2.864125150601507 14.018943769816474 
7.64984972596136 2.0 3.501937081820465 
10.538022662499374 3.245877449350803 13.326440534248775 
2.0 35.996668977738196 129.73971917782984 
10.056853122963474 2.280893864792535 1.4647213675771702 
8.108744768343882 2.2301605305365113 2.3821601976089415 
54.52414651348862 3.2380192009645437 20.041983862927523 
4.4713404157019205 3.2699867635334803 13.938999353998994 
8.436356142709542 2.0127517527866514 1.1170396599403016 
10.542261082675985 2.0 2.18118679038636 
7.824259464360578 2.272463068552323 4.016584576370081 
2.0 2.191741407363436 0.0877901220557995 
3.7956461952528318 2.0580660482583886 0.8117926049553685 
2.291410007202047 2.0 0.045646742359667924 
10.334885183769948 2.0 0.9135348656829995 
2.0 2.0 0.8184996388821248 
7.570562327202829 2.03926483403614 1.2184490319704855 
10.998164574012437 2.0285726686672465 0.6215072670091946 
2.9098645002969463 2.2166557591251084 1.1805282559272623 
5.30534964563997 2.0 1.4593706442410967 
8.58880749444967 2.053914203925427 1.304286620375671 
7.571014333223921 2.119354854758463 2.437485260267609 
2.5949009933913922 2.4715242006412512 0.3080124074053498 
9.641843281939174 2.138773845284049 2.987544602902236 
11.38551307078578 2.2301060442009795 3.8737397896358217 
30.92675236795249 3.0130909650397957 18.285919303693422 
4.738265939455232 2.087631094184814 0.5630581978802858 
3.8452973442557212 2.4420329839250003 1.287336759991641 
10.406599996035222 2.1325176566620105 3.1832999990478896 
8.185012930639772 2.1485106872525614 2.5333827519137935 
6.0892216843822204 2.046961931371121 0.8388897864226468 
8.034865995970026 2.0467127161266037 1.5553100229047885 
11.730017201628403 3.0732328610845046 14.589422495636326 
10.351751436909469 2.0 2.0883057891355232 
5.773466015898693 2.321818581550257 2.539976598876539 
2.0 2.0 0.46037367739980173 
12.045243527804995 2.905645247061236 16.94476744730724 
7.484916150027049 2.0254282569702373 1.6407944873098168 
22.169636180526023 3.0851890920090614 16.232495009812347 
8.093696510650076 2.045264212522809 2.577332215366379 
36.51018777193125 3.0271795822098007 16.333586099808993 
6.025244883442428 2.013346073030779 0.9685884018676507 
12.752589006033645 2.0 2.267060115051694 
13.960195226687532 2.1710054970253947 1.7233573215229727 
9.645844238384553 2.0738525533744188 1.3655861030488805 
2.0 2.0304633414148427 0.5905137009785654 
9.5334105174591 2.4441539704090856 2.3211263786458183 
4.473978003786237 2.0 1.8426135763313596 
4.010154833818817 2.416273196662459 1.0324217567848972 
10.895857712292415 2.0 0.8903042265179093 
7.35939411169298 2.3598175354768247 2.727705893850132 
10.229775305012915 2.042407235344424 1.5616253304373542 
3.3572658166937686 2.078571584863288 0.9101235863189189 
2.474685256177505 3.107448012695924 0.9719529688095954 
3.9117907679058606 2.0625906361469175 1.1017497885797 
8.188306123464066 2.1139526203471894 4.204047153551191 
6.155055237742484 2.148814355536564 1.9375947394232935 
3.1213173940583285 2.194001558084564 0.37292600319317565 
4.765335065864232 2.0 1.7105216681432296 
2.0 2.0341938591010957 0.5260724986177079 
5.594078634469332 2.1746486111930303 1.890907828303058 
9.563369956761004 2.179170894148203 2.816067640351564 
7.043587657085935 2.095579894477917 1.9123703506876755 
7.172070078183479 2.196523860732987 2.9131009311791 
7.680816441102435 2.085234925175487 5.462818434575297 
7.997070699781929 2.3114316299459126 2.8096165297332534 
9.83859667550561 2.370048306674307 6.10236873418201 
8.258219671159743 2.1811628967482672 1.3425594348565981 
2.8763246638776456 2.052752282798372 1.2033126859070162 
7.92544120155606 2.4129226883724924 2.0286082928506977 
9.974569624374329 2.0141260731030197 1.6445903434099094 
5.4708670336241685 2.012344259849664 0.6997254438232298 
7.718328454656477 2.0726119002111663 1.9996090176940877 
2.5438529862448496 2.0 1.1040995497634951 
2.0 2.0234883111322537 0.3207960570701156 
6.366750463683623 2.029350153585406 1.8153579322038027 
10.050517373248088 2.7473560095611926 12.054988859394886 
8.818246012968865 2.0 0.6349305063245918 
10.279391064117515 2.162346071315154 3.6040264934361086 
3.6870312437815445 2.001525001339602 0.8268252200512716 
5.449779927179796 2.0071147011283093 0.6150729619311646 
9.562100052941483 2.365069963287123 6.404823388488422 
2.0 2.017313773527791 0.2596128042538419 
7.987743196733257 2.4908331311499254 1.4139364325106119 
8.428489788041642 2.0567260065746646 4.629572951651156 
7.642785098754142 2.0807998560371903 4.864830718183393 
7.650151698872438 2.334512407602059 2.139035797442319 
10.296520752994875 3.171504336923686 14.329428265288211 
7.197639463563672 2.040281278518761 3.129755399577542 
4.514875352870795 2.0 0.7271271378497168 
10.87901287598422 2.0 1.513449803360274 
8.20883808616525 2.074227561643898 1.3213741175440032 
9.696272283651458 2.0650240047140267 2.150778523043487 
