3.413669146723513 5.509779508346581 74.77088477698206 
6.475725238838882 2.0 3.882862197852006 
2.6635811927917694 2.0 4.498080612336253E-5 
2.0 6.942801067053056 6.619797880069477 
8.213279588564971 2.2235351125451293 4.313340195888574 
3.1157690288641846 7.824739892377029 11.422464113637176 
3.336529867543958 2.0 0.8715267582528172 
2.147959914279877 2.0 0.25094358120044724 
2.071512016617033 2.0043518576991812 0.7080707796411316 
4.056648504514479 2.0310678767503347 1.4960110091301129 
4.833524377282444 2.055673078556186 2.196186029033232 
6.269361562823603 2.08188689692037 5.7219843992654775 
4.483933964586113 2.0000003172592664 1.325376461136897 
2.3042302134849333 2.0569240295702946 0.5590670313338766 
4.596149979828472 2.2588922119518453 2.0826241802944994 
4.232843894556347 2.006074188859553 1.5208749823015801 
4.597610541379105 2.0744264618255164 2.1269015798541355 
3.7420264662604863 2.0401737282857604 0.9936330139036261 
5.639284940313976 2.0024223802503394 7.084630026609844 
3.864401090892274 10.01330640724818 39.376854128828434 
2.720367807214672 9.887926373341475 154.7361965632091 
4.69278378811209 2.0 2.463911030304179 
5.340366653990979 2.051075347203885 1.7915671134959603 
4.762968132627136 5.06764750639992 8.715850458831051 
3.5291631891496955 2.0102854014670717 0.9411470539811063 
4.262619466363743 4.592433910538492 93.17805742204769 
4.782873862691563 2.0245850357433977 1.6860370398844595 
6.493913064292115 2.167711354123812 7.732555130888182 
8.28376965098547 2.377021123865516 4.854892168486747 
4.760364812772263 2.057821393781747 2.003410247510707 
6.303734937274841 2.0 5.217249589586377 
3.9599530819371864 2.003211708752393 1.1001439816129013 
4.516739750142904 2.0880845899228775 1.5419550800484312 
5.260627055386088 2.0 1.605133768335512 
4.757154645366214 2.0 1.644215928299959 
2.0 2.0634382082959357 0.624016401777799 
8.219479436929296 2.2285188239768443 4.625410148828824 
4.016617117723366 2.2280628712033876 0.7099165202043135 
5.762878642611202 2.0 3.6197798499290275 
4.8371002893692365 2.004530971863011 1.7238535475298928 
2.0 2.0007871725489283 0.8461596606026012 
5.047889278065663 2.0 0.3751226550529525 
6.321845637982895 2.1773288435312628 3.5086708763931096 
5.142345968904587 2.0 1.3399308470173064 
5.284128282477914 2.2463735120666435 1.1268911717025276 
4.874408716685324 2.0 1.2880686512093442 
4.247052580241585 2.069765974407195 0.49861220728114264 
2.75770604521934 2.0 0.4490154430627946 
4.650618878821543 2.0393778055614336 2.253928022545051 
5.172981705372471 2.0598194809983963 1.4606072157591257 
4.928260479179789 2.1955248101825484 2.4026369913701853 
4.103615548868728 2.113682821297905 1.3948355316290122 
7.866283896774615 2.1768419311446605 3.311993293283216 
4.759900153918551 2.0044395131818944 1.2259587739691011 
2.7317369598839396 2.0649990918187386 0.8988887665149997 
3.5488307533489802 2.2465529459033884 1.0117686560709802 
6.218864176208756 2.189702008882044 6.041097647230886 
4.808636945092339 2.0 1.5646456951351986 
4.051015454004299 2.1261705914653657 1.0449907864673662 
5.332076158214688 2.0 1.8449140710780307 
4.999335238116601 2.0024318245182124 1.2407643150340681 
5.633435535602855 2.0 10.949641675952204 
5.1830793509683915 2.307886370412665 2.544966589705423 
5.2655851228383685 2.1900250045049923 2.593024373179792 
5.177417787699684 2.2514866981776276 1.7544542860812367 
4.7907329674882355 2.0 1.2742418016591333 
3.3311374031596657 2.0 0.7461138675169862 
6.17325719283042 2.0678088484299324 1.4043246934948215 
2.5416933012864646 2.2803850313141543 0.9182289977591869 
2.0 2.0 1.1270328779505467 
4.664580183084306 2.0 1.1898173377063515 
2.0 8.004193970155724 7.127025129436539 
3.3283773171680604 2.092177410261725 0.6481268189308349 
5.736397540110358 2.3846125894550037 3.048321893315796 
4.871704996566887 2.0 1.0604619116981189 
6.117349875327393 2.1725837670831867 4.899618868983794 
5.347731588904212 2.0 1.901356204019283 
2.9812614319013724 6.336268178818343 5.666462767119574 
5.541927006806575 2.0013815983330328 2.7600741809320652 
4.744884212926707 2.053226152758931 1.9329945445935799 
2.477400841874986 2.495743284086717 0.8202712014963177 
3.6497450726120615 2.0128197223669693 0.9592637113030128 
3.7799412973516624 2.0 0.30402445401577793 
6.108881735844676 2.4242531930665647 2.850733424197996 
5.398318212612559 2.0351544102121277 2.7109737891558687 
2.0 2.0011690635416053 0.6864782838461079 
3.118380333949354 6.142182392809267 5.93299218270992 
2.3616947267373005 2.0719369270196943 0.8695869917897838 
5.053020536332234 2.000876712239871 0.7672752695832274 
5.458197874443693 2.478104713494972 2.3357372616833985 
5.478307151177964 2.0316127310365157 3.0084982461354937 
4.357399825974505 2.064732360755713 1.1710295002104958 
3.571223167323009 2.0 1.4399584685550586 
6.203322214272869 2.387722272396561 2.6300879618924657 
5.519888920177302 2.0 3.7238343473757824 
13.650845707026463 2.2875899854136934 0.5403084480953018 
5.802153077346245 2.0 4.0660755740520855 
6.384987366744566 2.086887038409099 3.372825108980713 
4.793259045860001 5.459750387307002 5.7147706747369575 
5.519952698460304 2.0 8.79881721533497 
