2.0 30.39690390912522 77.96150836402302 
2.0 21.12555311116033 33.92485290283486 
2.0 15.270558008943027 107.31219452683042 
2.0 2.0 1.281258544788166 
2.0 11.208962156953703 82.32338488050331 
2.0 6.3650916802842925 68.82226159389597 
2.0 15.206076470202506 12.12374715705974 
2.0 3.116791037727375 167.36096350870858 
2.0 12.864579811416059 135.94334865959763 
2.0 7.626823290003163 138.39197116925317 
2.0 3.2619807755391412 1.563164936995297 
2.0 23.444034876240796 82.52924438471057 
51.47396258951025 2.0 148.29868078027002 
2.0 2.0 1.1973719826227267 
2.0 3.837792697168369 1.7054120512759297 
2.0 3.546851240204096 1.389601615791868 
2.0 3.9631361750710035 1.6629813680762453 
2.000628859048359 3.011484360020571 4.499181273671328 
2.0 2.0 1.5050974474402221 
2.001201109468812 2.1552816811498543 1.1689756566354736 
2.256569800909086 2.2952337538283722 0.4598956687635527 
2.0000020543153925 6.403528204947161 8.12032327938268 
2.0 2.0 0.1200440763291053 
2.0 8.930844981480154 0.9170045125960946 
2.147040102961124 3.5723958614022093 2.1004610598503812 
2.004558933985546 2.0 1.3388821395652477 
2.0 2.1995367871969527 1.384046876223703 
2.0285539557361374 2.027262839687805 1.6217888964023224 
2.0 2.0 1.2568516608095543 
2.001422848851129 4.018118005953973 2.2281682942472187 
2.0004032228551516 3.983529278688632 2.0395657443319983 
2.032268341422434 4.171333464515024 5.137411450630521 
2.0 2.0 1.1365393043089465 
2.027601944935246 2.0 1.0720743540833302 
2.1481340053056464 3.6509115109811807 1.7782842817709388 
2.3293993126052097 12.576805616126283 10.281443261626915 
2.004653291872394 4.056332093196068 0.8469870728994575 
2.0133913834864265 6.299032965457315 0.897846940408319 
2.0 2.040862579039782 1.4528104272395703 
2.1340759605904696 3.8815635245844615 1.4773981468343522 
2.0011053346917205 5.695769562855368 5.43651233652224 
2.0 3.9782930378817225 1.5650331018354273 
2.001427252894827 10.6880624606888 1.0032346924095836 
2.003427056254889 3.8773283144789374 0.8074970891375837 
2.0 2.0 0.5705300208407411 
2.0261337697482147 3.0584199380721144 4.909510636630513 
2.003535504642973 3.5001009594732357 4.666178899335131 
2.0062710350704362 3.888409459219827 0.6600045436893001 
2.153365212973168 2.3470936231853075 1.4071609201337993 
2.208798744159336 4.248893823832084 0.127359450265093 
2.042569225928622 5.883916646179195 4.578618734767568 
2.0297327270630587 3.959795075434843 1.745396679211074 
2.0 3.7536144174184063 1.9629983757001477 
2.0 2.0 0.30302279959962775 
2.0 3.885799537359006 2.0270866594682087 
2.0 4.064241681592875 1.7276402113568838 
2.0 9.349884313058261 0.5451700984693101 
2.0 3.964201236915168 1.8498659173100584 
2.0 2.023960788181885 0.637875724482443 
2.0 2.0007276700022985 0.22498099618395512 
2.0028782066540876 3.5832535655692563 0.7727921474071021 
2.0202801553464007 6.194388803580983 1.0520395276804715 
2.037538937573613 4.215140135283411 6.148240880359522 
2.0 4.49019777190185 1.8243368281888532 
2.0855214140050857 2.705990134570668 3.878727187951227 
2.2640247778200706 2.0 1.310835444335126 
2.1659081283781045 3.347547179990614 2.5968929420395668 
2.103047321102849 4.09810073868403 0.7178205255458356 
2.2472206049529175 4.340643720753669 1.0013716596928675 
2.0167360332730997 6.332002431304458 1.0305481665887941 
2.001354996375591 3.7128789405411347 0.9831565190167829 
2.122193240216506 4.200042778750762 0.6515319754125132 
2.0127807417678194 2.0553659647985865 1.3664215241069402 
2.133602562725103 4.2607914743553525 0.6120296959654591 
2.0 3.8122724763052185 3.4693127610097187 
3.0021563907763067 3.703550740825899 0.4545705035108087 
2.0598533006023034 3.513689157232018 0.34829189997430005 
2.1388641377801187 3.9169631069317976 0.8773720957977393 
2.0448172975153938 5.088142163184278 0.016644010636485795 
2.0 4.069931581278111 0.7626646555891968 
2.0006707390586835 2.436485441166226 0.3816330927714468 
2.1743251190265975 4.490026081049349 1.9189138878314542 
2.096212758514679 3.0602497138135845 3.2603241303932893 
2.0 5.663855631658816 6.8844363853222355 
2.1582192926971735 2.1698327562906097 0.2876507289791803 
2.0002571714758686 2.420104280844435 3.3726004873934987 
2.147934239822613 2.0 0.4346568755234752 
2.0531819214036373 4.084659317248632 0.7211982130544872 
2.0953882090484766 3.0965877854837727 3.048278276515115 
2.0230453672146256 8.951610945528484 13.921319717539484 
2.0067947289859087 4.325061508943039 1.656042015040205 
2.0392681678981175 2.99769000818059 4.172550193550036 
2.182569777795041 3.492838878963658 2.801113813969577 
2.0025475727026167 3.6558903213856966 1.447066129031242 
2.063359742776954 3.7125401759792123 1.1727955283315714 
2.0 4.312888590271054 1.8919451445061874 
2.0 5.538684523112932 0.4100302918670535 
2.012840386116274 3.5256471324813363 0.5327271798872935 
2.1203998805087894 9.535725844287038 8.35577575251263 
2.188007469982827 4.002439524462934 1.5759168770956187 
