2.0 18.048258526806787 165.7215516726769 
2.0 22.063072297122595 23.928418101735225 
2.782084374330482 17.09476554596837 81.46925463996814 
3.369501889130952 32.06440951902503 60.17882478281859 
2.0273787429576564 27.29623054236145 9.367766979325268 
2.165964360059967 37.996742196927016 28.083512932088112 
2.3073969890951322 42.17666532090679 0.4744488763882332 
3.7546088825443142 76.14082145917456 0.5983324883860064 
3.2844090957569163 21.583550798260614 117.17462972797954 
2.4594504054778974 38.23136162081578 24.297323085380885 
2.0 51.77044228343786 0.2064748206349898 
2.016558515967588 18.502959549657827 11.237215171102314 
2.0 17.906010809259115 0.0540786004188947 
2.323793306288241 43.51190319066326 0.5291211721123185 
2.066906871640061 3.2859937377812223 0.8503197060660501 
2.21697056137394 27.206933669250525 13.398684812002134 
2.0 2.0 0.016949706268578963 
2.384514519137148 20.69843421741019 8.603264284014024 
2.0786012041754947 30.709083324578398 11.415030333650186 
2.0 29.88759433552078 0.08169148523073 
4.368193282005031 2.0 1.9208805528649546 
2.006033222202061 3.389483850862785 0.9639976506021539 
2.191214277173085 15.37435171507456 0.22428625303920968 
12.607784924724422 2.0 4.052175096060822 
2.0 17.49756789978633 15.247127299247568 
2.0013411877448517 35.73172356698908 19.475263174331598 
2.569296331099677 2.0 1.5148203803435925 
11.00922673827116 2.0 4.548212843114348 
2.034081940522052 3.1761610061885115 0.4608351234673922 
2.0 2.6370166594811737 0.5365234275802209 
3.3381282909663277 2.0 1.7015908000257074 
2.9927653685283437 3.0767288531554398 1.1727592204055135 
10.613569584699675 23.85874379173167 0.46490153507101023 
2.786651076190511 2.9991804707727265 1.008043350616898 
4.758183690264878 2.0 2.923525248373153 
3.2681108099763967 2.7743302055276695 1.100051760399626 
5.430428979364599 2.13381268950409 3.2121922948396064 
5.604019845425321 2.0 2.2352919668751055 
6.009861658572749 2.1081897943741152 2.151825572279327 
6.465576555315085 2.1909594584716725 3.9983542724698005 
2.0 20.985535814217364 17.390828458810752 
4.292962395109273 2.023956421251307 2.862292767482648 
2.1656229912284592 26.077644139563763 0.8623520184912694 
4.24897406434139 3.187541423751081 0.6574208322851259 
7.436392180863258 2.0 2.9557897106215707 
2.054355248050837 12.00971640440854 2.332694657990388 
5.16247300008591 2.623926188461397 0.5822237024972436 
2.965181068062929 2.0 1.7308389474848587 
2.0 5.365483447866525 1.2822345272893916 
12.512660994399301 2.0 4.375041985162899 
3.12043214562136 2.5216751319128656 1.4004259650878776 
2.622166544415476 2.0 1.780390827502913 
3.6177558940545396 2.0 1.571849728654248 
2.0 2.533456027317246 1.0130873195026455 
6.309500909489909 5.762163767566129 4.983015429904111 
5.016868553126057 2.7508390391460837 0.45207787174336356 
2.0 3.704949240853523 0.9242220743916776 
7.28877814530478 2.0 4.113054839753875 
3.3288025529441683 2.5410054992780102 1.2668324760718885 
5.965368309220162 2.1374353664701022 2.467095225173138 
3.4164611791587247 2.3769497043918877 1.8993094587070571 
2.0 16.83960332925858 0.33929474479760824 
2.6329643567823116 3.687286095424941 3.1576426544747247 
5.03423021821196 2.0 3.1191095683514938 
2.0 3.3062794797054735 0.80628072039914 
2.511488098248566 2.0 1.256230106634951 
4.4237684488294295 2.2388786736484874 2.478696814629767 
2.56368004650233 2.0 1.5566775057667948 
8.876208700606892 2.0 4.184966567897501 
7.3249298492722685 2.07288054424797 3.0729573300245896 
3.219663498467555 2.0 1.3431766037688533 
5.548317105713005 2.228063243773945 3.38516967279011 
4.072370630126289 2.298737217210457 1.7754141445975256 
6.801780411900325 3.417274336398828 0.30417077749813304 
2.8184282342240525 2.0 2.275926308130173 
3.159496370133286 3.359419415526174 1.8726209868396035 
2.5557806676373556 3.542286752615385 3.0023750210695677 
5.231623173431518 2.279155581456343 3.8256243832758066 
2.038098362913692 3.5914253394167583 0.7458435170500368 
2.9840520870499736 4.5915039122091255 1.5162088446280526 
3.898043751752798 2.0 2.4015302307466326 
2.3908127192980855 3.122069158783859 1.2970880173191088 
3.0377923494616965 3.3355808304996235 1.1165998439814957 
2.061232309728169 4.673727486630846 0.8547013214329087 
9.26567850195093 2.133164946359675 5.483550686472952 
4.017229296491937 2.0 1.183138809521643 
7.2716348635153025 2.0 2.876883785238598 
12.835177860462524 3.7315466852675994 4.860395712720879 
3.7504430819159564 3.566367603864103 2.468415852979652 
3.7051908081104967 2.0 2.2873629658749763 
6.472514769022468 2.0 4.200169120390253 
3.771219933267068 2.1434352721481114 1.0736235828326208 
6.791467844654038 2.651256687447134 4.637938637769487 
3.2233449493927786 2.0 1.7565055847018387 
13.42781950792135 2.0 5.310217239782189 
2.0 37.284061273428364 17.940447546764858 
2.210391928527251 2.692991272714362 0.5946489955994223 
2.0 6.206759351450945 0.7309543709031283 
7.098386074460546 4.428567296629565 5.931723731369028 
