0.022385100000 0.497667000000 0.471972000000 0.483962000000 
0.429708000000 0.038200100000 0.026341000000 0.028352200000 
0.374652000000 0.067527900000 0.046218200000 0.047447800000 
0.066365200000 0.336638000000 0.288591000000 0.289994000000 
0.231308000000 0.133976000000 0.103387000000 0.108118000000 
0.459641000000 0.024158800000 0.016110700000 0.019069600000 
0.050450300000 0.364641000000 0.318614000000 0.320482000000 
0.024594800000 0.478431000000 0.451321000000 0.463823000000 
0.041049500000 0.452367000000 0.427025000000 0.447215000000 
0.519769000000 0.010187100000 0.006412440000 0.007664660000 
0.148270000000 0.204574000000 0.167035000000 0.173764000000 
0.525773000000 0.006513370000 0.004176040000 0.005491160000 
0.473206000000 0.025664100000 0.016544200000 0.017795400000 
0.453309000000 0.030754000000 0.020288800000 0.022286300000 
0.343446000000 0.089548300000 0.063884500000 0.066138500000 
0.048381300000 0.368654000000 0.322905000000 0.324845000000 
0.538289000000 0.003510690000 0.002209740000 0.003059530000 
0.076540900000 0.312783000000 0.264848000000 0.266742000000 
0.320305000000 0.092927000000 0.067663300000 0.071189900000 
0.300252000000 0.108145000000 0.079259700000 0.081857700000 
0.392938000000 0.057091900000 0.039707500000 0.042763900000 
0.202600000000 0.153422000000 0.120682000000 0.125934000000 
0.405095000000 0.053852300000 0.036921700000 0.039782600000 
0.053236500000 0.360492000000 0.314164000000 0.315981000000 
0.175471000000 0.170074000000 0.135736000000 0.141604000000 
0.045320500000 0.375766000000 0.330587000000 0.332712000000 
0.094244500000 0.293124000000 0.245970000000 0.248874000000 
0.421283000000 0.041744600000 0.027932500000 0.030423000000 
0.042147200000 0.399537000000 0.356626000000 0.359402000000 
0.038354400000 0.464998000000 0.433919000000 0.453668000000 
0.545945000000 0.001972680000 0.001255970000 0.001747640000 
0.042805700000 0.379971000000 0.335220000000 0.337734000000 
0.069428900000 0.317465000000 0.273809000000 0.281746000000 
0.358183000000 0.075374100000 0.053520800000 0.056659800000 
0.369456000000 0.070148000000 0.049402700000 0.052507100000 
0.023727400000 0.484742000000 0.457916000000 0.470796000000 
0.092457800000 0.289552000000 0.244885000000 0.252256000000 
0.450862000000 0.033820400000 0.022187800000 0.024430700000 
0.033430600000 0.469758000000 0.441543000000 0.461315000000 
0.351882000000 0.079136800000 0.056510600000 0.059705700000 
0.135223000000 0.208295000000 0.170059000000 0.176013000000 
0.162444000000 0.181896000000 0.146540000000 0.152922000000 
0.419329000000 0.044956800000 0.030254300000 0.032099000000 
0.383081000000 0.060756200000 0.042091000000 0.045008800000 
0.150852000000 0.193746000000 0.156344000000 0.161470000000 
0.041737600000 0.447051000000 0.417845000000 0.439154000000 
0.274375000000 0.111510000000 0.083722600000 0.087848600000 
0.124640000000 0.232810000000 0.193615000000 0.201800000000 
0.194932000000 0.167824000000 0.132176000000 0.136293000000 
0.022460000000 0.489469000000 0.463669000000 0.475256000000 
0.303148000000 0.101608000000 0.074858100000 0.078465000000 
0.256745000000 0.121145000000 0.092073300000 0.096382400000 
0.362473000000 0.072686800000 0.051401200000 0.054508000000 
0.239342000000 0.128949000000 0.098940900000 0.103484000000 
0.335341000000 0.087083300000 0.062904300000 0.066320800000 
0.269533000000 0.120424000000 0.090526800000 0.093983200000 
0.507074000000 0.012230600000 0.007465870000 0.008199540000 
0.080064800000 0.285063000000 0.245058000000 0.254438000000 
0.221269000000 0.144599000000 0.111497000000 0.115064000000 
0.029231100000 0.472806000000 0.444504000000 0.458020000000 
0.040799600000 0.458935000000 0.429913000000 0.450584000000 
0.159565000000 0.183773000000 0.147091000000 0.151756000000 
0.149240000000 0.199346000000 0.162616000000 0.169789000000 
0.098162200000 0.245897000000 0.206057000000 0.214152000000 
0.489574000000 0.016576400000 0.010632100000 0.012336700000 
0.060303200000 0.348359000000 0.301574000000 0.304524000000 
0.122825000000 0.234860000000 0.192502000000 0.202628000000 
0.280480000000 0.107166000000 0.080029900000 0.084068000000 
0.078726300000 0.306474000000 0.262378000000 0.270293000000 
0.061131000000 0.340442000000 0.293621000000 0.299404000000 
0.046991300000 0.372285000000 0.326824000000 0.328862000000 
0.042187700000 0.382247000000 0.337651000000 0.339905000000 
0.074678400000 0.305778000000 0.266364000000 0.275797000000 
0.214605000000 0.144258000000 0.112517000000 0.117481000000 
0.259401000000 0.122226000000 0.091041700000 0.093845000000 
0.167659000000 0.177093000000 0.140861000000 0.145233000000 
0.473981000000 0.020319100000 0.013143700000 0.014841000000 
0.096053100000 0.278291000000 0.237884000000 0.247925000000 
0.308259000000 0.097498800000 0.071699200000 0.075382500000 
0.068000800000 0.329698000000 0.287361000000 0.296738000000 
0.069147100000 0.333510000000 0.286942000000 0.291067000000 
0.131071000000 0.232101000000 0.189492000000 0.194611000000 
0.252087000000 0.127625000000 0.097015200000 0.101257000000 
0.134604000000 0.229968000000 0.186922000000 0.191254000000 
0.059212700000 0.345336000000 0.301319000000 0.308846000000 
0.325286000000 0.089233900000 0.064642300000 0.068052000000 
0.195348000000 0.155656000000 0.122703000000 0.128093000000 
0.494708000000 0.014583200000 0.009382980000 0.010974800000 
0.250634000000 0.132496000000 0.099937200000 0.103269000000 
0.411598000000 0.049716800000 0.033678500000 0.035570600000 
0.037471300000 0.467603000000 0.437458000000 0.457053000000 
0.114337000000 0.241891000000 0.202175000000 0.210756000000 
0.314921000000 0.095504500000 0.069705600000 0.073047900000 
0.057278200000 0.351751000000 0.305706000000 0.310242000000 
0.102487000000 0.241955000000 0.202134000000 0.209975000000 
0.439328000000 0.036662900000 0.024384400000 0.026616000000 
0.097125100000 0.280933000000 0.236383000000 0.243449000000 
0.184542000000 0.171519000000 0.135003000000 0.139366000000 
0.378996000000 0.064462300000 0.044982000000 0.048033800000 
0.345703000000 0.083193400000 0.058734200000 0.062338600000 
