67.1349743918253 3.665483502010215 14.566844142754192 
80.39060333980225 2.024322561610357 0.45184619494200384 
2.0 2.6310151416373038 0.9827588465854347 
80.57389566057131 2.458887093409507 4.220745102026466 
4.433444206791155 2.054681469495791 1.6992133907586464 
43.94413319936612 3.9324387057911707 0.05418636948562838 
66.2627535390465 2.1884212188379895 5.204497761705435 
44.02083176139441 4.15587396719131 11.50791281257069 
8.144696009335028 3.0346571284803794 42.2448480098329 
8.353059858984551 2.4191366379836983 0.21404458629667997 
6.188117215711573 2.0 2.4955644963012227 
6.791094420010708 2.0 0.14865424298158203 
16.69800517314421 2.5598344433058644 0.41993677920789857 
42.48398864491874 2.0 0.4552880809002739 
14.153700368857319 2.03808069093929 1.0666182329300575 
65.92986210189028 2.360548901885992 5.387475874631568 
2.0 2.0 0.10782437638461984 
76.65734759931374 2.0 3.606446541935994 
2.0 2.0 1.3354878770842227 
8.846608894864376 2.1520891920542593 1.2703939294139044 
6.5036023484069405 2.2893917182001555 0.82913929274689 
4.174374721222144 2.1302236402739494 1.9283160863186626 
2.0 2.1689257470360315 0.8908060981378609 
76.02807952397592 2.1793527260399097 5.063174581638567 
4.4381813147449645 2.1138385119241745 2.1303401537887683 
68.65796928171497 2.006417694775655 5.805732604560247 
39.05613823086293 2.220642551709903 3.3476211018314785 
2.0 2.025283608495244 0.7523063208318347 
70.70238865600402 2.006875328330722 7.26464930912858 
29.982976725512373 3.026479836891851 10.010055646731344 
2.0 2.0 0.0466016423581781 
59.10030233431538 2.0 6.008312937448114 
6.706034505519976 2.257741194485787 4.678590609313592 
2.0 2.0 1.1456824884983572 
2.0 2.0 1.079641567912521 
64.53754751280158 3.81302207879411 11.725757335677434 
10.225575488316117 2.2900002991582684 3.71831022678296 
2.0 2.4121305313563477 0.647133945791472 
12.561920431641706 2.747575275776469 14.797175721473407 
2.0 2.243941687133269 1.1853559912317244 
4.984525825299476 2.0947474143628604 2.574402647347757 
4.29303468572656 2.1682331371211534 2.2741727525673587 
28.56733123603374 2.0649420393703695 0.5938511124279185 
2.0 2.207780503753388 0.9757176356760722 
5.166466752297542 2.251038791439121 2.376482008383057 
10.439325543857576 2.843294148132804 11.615308465586477 
4.41194069999317 2.3772530821017557 1.4463022205860474 
5.71236811407301 2.405716392723307 2.920230943474272 
7.838940819778173 2.1067836510747155 1.9498264044248268 
37.400656217005874 3.827272659081917 15.309775549231802 
2.0 2.0264634486713056 1.4362261912569902 
4.195711795259032 2.3434325902668314 1.55796402376096 
2.0 2.0 1.1121589175608642 
4.2945887662876325 2.0687831237996352 1.6506806864158918 
2.0 2.0 1.2610547539720198 
5.014308660989909 2.0649978078898266 1.5179975148616305 
2.0 3.2178505922950205 0.3329370445588329 
4.649102359772458 2.2362469898137416 4.251948571276969 
4.787584136963968 2.056007660137903 1.7742686627673767 
72.14103610532354 3.7386515656408665 9.767288149958079 
14.599346689597532 2.8254388821400003 11.35052184056856 
4.609117073134881 2.126069542335798 2.240011120596645 
4.406784951780665 2.1844909771254315 2.492686537261198 
5.252386445616619 2.1137454774814883 3.2164522550395365 
9.491614211068864 2.133368536382824 0.3459094295539109 
57.454574976619554 2.4026658123276063 4.581521350280376 
3.078931675418221 2.1258612633995333 3.0938675341979778 
4.309678483211316 2.386993384676574 1.3872460120683563 
6.767513904389652 2.2370361393947062 4.275103966823925 
17.04967526749938 2.2933834984468895 4.8020427911317505 
65.79347905115424 2.4829653249889105 5.543019247725958 
72.54345095666363 2.390373477172357 6.0212042828046854 
4.554044381624804 2.414377204954134 5.035811998083286 
4.287364618658521 2.2607302693775595 1.8303868305085695 
2.0 2.5170386909107667 1.5206213295418598 
4.78169193346619 2.0652106160549546 2.15327412403263 
18.971612530423517 2.465066949561969 0.34593793451388755 
4.439353821702857 2.125676747780345 3.8675804448269435 
3.987496716393281 2.0585272049617047 1.2898968291509134 
7.707938364282018 2.2154041561977973 5.248606833581991 
29.78063243522709 2.306200129593378 4.32635996020316 
6.5340348268684325 2.130852596755898 2.688078029631386 
2.0 2.2222514552525996 1.7165505048098992 
9.125085993557029 2.3065747844279207 2.5901917938697947 
8.719629678641493 2.17949645900135 5.534429969805043 
2.0 2.0 1.2867167788451797 
4.440000883124222 2.0 1.968682187348112 
19.97057830781788 2.3554103817973164 0.27869593852245256 
2.0 2.607940445507899 1.6321352261733364 
30.87972009416272 2.0311851064047097 0.6512049225299303 
29.292670862624618 3.12539598295657 10.831000232157669 
5.834062850118849 2.3078063232939168 3.0624046364629587 
2.0 2.0 1.370569446946886 
26.573947417908713 2.2858414544693395 5.032037714845191 
5.403492321412986 2.2071750919774704 3.1350377586448257 
14.202016536360327 2.034998381827112 0.5574914452148609 
9.510808905674562 2.1852511990584635 3.508278841132148 
5.088975354027785 2.5282685895135204 1.9386204116162915 
2.0 2.0 1.0153227836764493 
3.151087953250627 2.088994129794349 1.223137971202098 
