2.0 18.897536830957677 94.15129377233714 
18.34021917326914 2.8250339198642456 100.218672135465 
15.297284353128102 2.524447892587719 94.63779231242262 
28.266906238882928 2.605381034031438 80.3612832771711 
2.0 23.34744445278076 153.83703149986962 
18.068220343436938 2.0369594410134693 3.4945910912002507 
6.541038995944824 2.0043750614829396 2.5713240306616703 
2.0 2.0 1.0012132414097845 
2.0 2.0 1.1799261337726459 
2.0 2.0 1.2163432639416654 
26.944862683321453 2.0 4.781704214334112 
2.0 2.0 0.30312846269242866 
4.608925736775108 2.0155641444904684 2.1653886979802093 
6.496128672866678 2.1124679089485316 1.6817229036342582 
28.46701420187773 2.4332595950706666 6.438394046585216 
2.0 2.151142030986719 1.2644301605185957 
2.0 2.039487314201327 0.2656370840711256 
7.480488015905764 2.2207153733820437 1.842085149090704 
21.537783743716705 2.159948145901709 2.997244684445212 
6.781458363507433 2.0 4.49229535892821 
3.231595233137897 2.1655000889525575 1.3124281584524033 
34.174559942812124 2.6481237458021916 12.92181981042986 
2.0 2.0083948153237094 1.5856238103717524 
5.714476767074203 2.174502257879631 5.506069845543969 
2.0 2.0 0.1947873832165718 
2.0 2.0145440922396287 0.9429743595940333 
16.86927494967132 2.0135825917480568 2.2585345194188022 
6.60184898644037 2.0159453714931073 2.0001454735119295 
2.6038374403562017 2.219979916146594 0.13933819892043364 
2.0 2.025867468695955 1.2884732123805887 
2.0 2.0 1.138465781510021 
2.1393241065711797 2.005565090049631 0.681455982633316 
4.3398991523462715 2.0019997465026185 2.7491053203107447 
2.172399854670534 2.007567276603857 0.7055818923285473 
2.0 2.0 1.4089398515930958 
27.536529181086717 2.710714395796346 11.29495481581191 
4.510835198583795 2.0196968326091627 0.7913796642737846 
11.8908923024361 2.011568526803679 2.383427485749022 
2.0 2.0 0.6575644346016425 
2.0 2.0 1.3117849049506038 
2.0 2.017916170773341 1.1093846908987675 
6.284094790372029 2.1086841002282988 1.6461684866202497 
4.707028277338774 2.0 2.8990747432585837 
7.714525768065357 2.1628318668970823 2.4037492020373357 
5.169829412615996 2.0636292863455017 1.7400317581491516 
37.93031500666498 2.7466259784535816 14.57465618674266 
2.0 2.0 0.608480352854702 
2.0 2.0202021201684395 0.8099980393255046 
2.0 2.0 1.0725628467276322 
2.0 2.008949130189047 1.6259210992639666 
7.338583072474948 2.1630735698244496 4.840227165563183 
2.0059289484316087 2.019428799925722 1.0438941429693052 
5.741407786076624 2.138590921872266 2.237731889571318 
2.0 2.430273079531126 1.5465529528007007 
10.366997292275178 2.0638778634392323 0.326272272601976 
2.0 2.0234526624161058 0.9309427933981572 
2.0 2.0141828866944893 1.4632527429666267 
2.0 2.444211440773642 1.5160653249337983 
24.597980373875284 2.1527408686746443 3.0341717143763445 
3.7062106428040185 2.3730621120453463 3.6655585318067043 
4.425866253677195 2.0531623302142097 4.320300568828396 
28.00402010698681 2.344700830287939 5.773713840948679 
2.0 2.0182665930704986 1.2384249999396093 
6.586629750159282 2.066667186281766 2.2752232848394947 
4.81984765740172 2.027813784512378 2.118915453621649 
17.03725876366836 2.155064929459019 2.2863973286884747 
2.0 2.016307953243116 0.9789590599419893 
3.512890496453102 2.082269197861752 2.5815324207892143 
2.0 21.401492351181748 0.0 
4.3940820601248385 2.077675820314508 2.0029399834609123 
4.726107840935217 2.21252151149427 1.9021624485109583 
2.0 2.0 0.5643911622790534 
2.0 2.0 0.86548475987832 
44.05445329834126 2.854395671170837 15.965905590918423 
2.0 2.0 0.7805154002286041 
2.0 2.0820075186257916 1.3657709986157716 
3.6580472162476836 2.0055013866832683 3.066718287646591 
2.0 2.0 1.146807787693351 
4.556541513209553 2.1992296519214367 1.7809551867724565 
2.0 2.0 0.6259407612886818 
28.40963982261631 2.5531787677201048 10.285388020724334 
2.005212772970678 2.0042873672923047 0.518303695504365 
2.0 2.1043565296587086 1.4807484494380934 
2.0 2.0285881100390846 0.8985501919712783 
4.300590735660597 2.0592257108466114 0.015974645706529955 
3.7253038740390427 2.096792397951472 3.1423202977229843 
2.1958326917280457 2.019458330660161 0.729279861635227 
5.410289744446791 2.164743888651161 2.0612720135664686 
4.571025392547721 2.090370159203184 1.9119498888407755 
18.054022572399077 2.2390489292073488 5.572511131996875 
7.3752380983000085 2.0 1.8084673937255094 
5.323864949887826 2.3790434649311627 3.1785077284731322 
2.0 2.0 0.465412288045133 
3.446103184132528 2.0133925947059526 0.4013560402432868 
23.64795440768947 3.0999963311580743 0.0 
2.0 2.7175305988812952 1.797270671350032 
25.903099508504003 2.216695417501974 3.4915704280830124 
5.806954685600415 2.0 1.6032414553811256 
2.3607239761166388 2.054209899791438 0.7584556287099768 
2.0 2.0 1.875505711055869 
