9.71444680772952 2.0 1.5592660357838213 
2.0 39.93889013255145 0.0 
2.5679470847278463 2.0 0.5505973742043039 
3.2834752449140145 2.3072097748845324 0.45818536772493845 
2.592315701969559 2.0 0.8989968017287894 
2.0753643777649935 35.46844758109526 0.0 
2.356878824868617 2.7727888109702725 0.5541303471974213 
6.659303724613216 2.0 2.25901938227867 
6.944704124059143 2.0 1.387679013341634 
19.700819858618345 2.0 0.0 
2.0 2.1356358286878443 0.3782941115224253 
2.222024377281456 2.3759265936803136 0.13821397744314798 
4.997363990793351 2.4989061386083944 1.3390254804391286 
7.9105273900922874 2.1797230231364253 5.307787641599038 
15.407838930390472 2.8254370401014657 17.00324052615393 
2.6132653284331937 2.0 0.8746784295576235 
10.075608166190467 2.0 2.3202230309953475 
2.0 2.0 0.34177778944952825 
8.144843368162261 2.2637018216677434 5.625057472955387 
3.8317473064363297 2.9919957236875523 0.0 
3.765697871915847 2.0 1.254300554632067 
5.857993778394572 3.0138245241573927 14.715324002401344 
10.47952334958056 2.0 1.9296294238958727 
2.905725584638236 2.480785484477807 0.7262150433570485 
10.343967328960595 2.1057709334089654 3.657183105976337 
6.571157552412957 2.0234136090888044 2.9133220662168102 
7.626845135113255 2.0305014317443404 1.2909602991695184 
8.434121093593355 2.0663705004026625 1.7805167854783288 
8.033467925461885 2.0868763416676086 2.6546068962171177 
10.469531944990301 2.0 2.7997735348507486 
7.43381658141827 2.46733805718254 2.564207964630832 
10.018143654273246 2.4384287384569485 3.8476769249518497 
2.56800227821573 2.0 0.7108284634415893 
3.2783319444432215 2.1571960839176727 0.684871175142443 
9.572769785129623 2.0 3.078993204552621 
2.029670596159418 2.0 0.6684574224846429 
2.0923361832006258 2.1038909135004045 0.5198050109280152 
2.77456889552199 40.456756021717666 0.0 
8.211625303691855 2.141756328549844 4.896375178885493 
7.190397892134687 2.129879382340373 1.8924372320932323 
8.062707055164413 2.0 2.948533888561643 
12.840781555608157 2.0 1.100890537627838 
8.289157945764945 2.142939510674378 4.536048675683802 
2.9936015959046154 2.051705692829596 0.7533582926566873 
4.998972446766752 2.0 0.9959385847296043 
2.0 2.0 0.4208715164065976 
6.311509199638466 2.0 1.5073326962472915 
7.602638793202913 2.167049255622157 3.2234257088827127 
6.900315958463829 2.257860527330643 1.440690353098352 
13.509821885600221 3.355987167525117 14.887298970317577 
10.46754007795152 2.0 5.724555275544112 
5.4883447670899175 2.0 0.912698505846191 
6.086081496855465 2.088068277721505 1.7583462351984676 
8.318301421513837 2.002162237724616 3.363289740379458 
7.854118392768627 2.355855586387235 2.746403519742072 
6.0257459899687325 2.4905739767054267 1.6421018217829457 
5.375306730942231 2.0 1.2834715476710803 
5.878863021944245 2.20881108512351 1.697005505544068 
2.676245240358324 2.0 1.1394682052493015 
8.455629941720433 2.2404473080730245 5.19808379788891 
9.328669007787024 2.0 1.422696741946507 
3.7284375026975383 3.083974084523399 13.762570252317833 
10.002485320911587 2.3824649360121577 3.470491293269988 
8.466924262336747 2.0959905596237114 1.7244547664336414 
3.6162341908874263 2.0 0.9359787078795352 
8.922629785164212 2.0 1.212949779369409 
3.0953704321793287 46.14271248932405 0.0 
2.7276486282454666 2.0846505490045244 0.8293112603559074 
60.809608928969425 3.222239672037897 21.207603849076378 
9.900543604521138 3.300399467673911 14.23076365688674 
7.480328224340495 2.0 1.5160412332519624 
5.746832874942346 2.2125898615815816 1.3891384114462921 
7.918915529276222 2.129602547742557 4.803368878319573 
48.0075392039113 2.944904121801443 17.68152722599676 
6.6964726797074885 2.0 1.9922919460795994 
8.492355277627867 2.0 2.141608048851956 
34.93310811072574 2.7295375536660362 12.055460464104636 
3.416793765894985 2.0178768037933725 0.216325866282727 
6.319048395856714 2.0820249616793456 1.880650580812793 
7.1843356658482485 2.0 2.1863158119202475 
11.207257555489946 2.0 2.3523181585447737 
8.663966682685803 2.0 2.0629066056592653 
2.6607374534650035 2.007990110043257 0.7936005874432996 
2.2757464508168708 2.0 0.5573615422923208 
2.0 2.1369521795963276 0.07654105712009329 
8.072298696717578 2.1367282345414056 4.259557362155489 
19.129335756552898 3.0369286934699136 19.62482091711423 
2.034883970038197 2.0 0.6306639905631198 
3.6950771896113572 2.331680857508684 1.1603387393792128 
4.10219387350436 2.02135552008413 1.1926451596808263 
7.5529936255745 2.0 1.5466256815020736 
39.591238295616805 3.263417607685632 0.0 
2.0510698602207813 2.894696888349212 0.20371200773539522 
10.226727870260884 2.0971257462312245 1.0435337114483814 
10.258777214019545 2.2361716341581634 5.791659273131483 
7.242767929045911 2.0835536775882044 2.447700207713141 
5.7670091724042685 2.0 1.0016362306594386 
10.428217927276174 2.2953289737481426 6.318697492389991 
7.294386723839299 2.498152174955738 0.9895263894193937 
7.980036837281342 2.064544094781125 3.6574481824729217 
