0.050822700000 0.382789000000 0.377691000000 0.401058000000 
0.350449000000 0.042464600000 0.039559100000 0.044378400000 
0.085999000000 0.193311000000 0.187797000000 0.200978000000 
0.464410000000 0.017189900000 0.015287000000 0.017275700000 
0.387020000000 0.032698000000 0.030221900000 0.034074300000 
0.034572600000 0.441292000000 0.437129000000 0.459618000000 
0.084381100000 0.199722000000 0.194077000000 0.207268000000 
0.051711100000 0.303538000000 0.295512000000 0.309564000000 
0.519759000000 0.009602970000 0.008209330000 0.009484030000 
0.610786000000 0.001878900000 0.001313890000 0.001410010000 
0.052039100000 0.299813000000 0.291865000000 0.305653000000 
0.181353000000 0.111329000000 0.106746000000 0.117144000000 
0.033295600000 0.552942000000 0.547334000000 0.559951000000 
0.158914000000 0.125743000000 0.121586000000 0.133160000000 
0.203947000000 0.101898000000 0.097295800000 0.106740000000 
0.505294000000 0.010866000000 0.009450500000 0.010715700000 
0.597026000000 0.002696550000 0.001892430000 0.001982280000 
0.089771300000 0.185007000000 0.179743000000 0.192896000000 
0.062257300000 0.250470000000 0.243973000000 0.256820000000 
0.125283000000 0.150704000000 0.146243000000 0.158588000000 
0.453516000000 0.018792000000 0.016885000000 0.019048900000 
0.559967000000 0.005130140000 0.004254180000 0.004868070000 
0.482387000000 0.014044000000 0.012410500000 0.014058200000 
0.584715000000 0.003321850000 0.002616770000 0.003022100000 
0.640084000000 0.000515937000 0.000391961000 0.000481602000 
0.293211000000 0.060582200000 0.057048400000 0.063517200000 
0.045929000000 0.407614000000 0.401828000000 0.422520000000 
0.152077000000 0.130387000000 0.126255000000 0.137921000000 
0.495023000000 0.012553500000 0.011017100000 0.012491700000 
0.471581000000 0.015184200000 0.013490700000 0.015232700000 
0.238772000000 0.082861300000 0.078885800000 0.087569700000 
0.396702000000 0.031454000000 0.029227300000 0.033243000000 
0.545880000000 0.006742560000 0.005350520000 0.005686200000 
0.070065500000 0.224570000000 0.218877000000 0.231905000000 
0.284821000000 0.063577000000 0.060167800000 0.067341300000 
0.078648600000 0.207657000000 0.201915000000 0.214819000000 
0.210101000000 0.096114600000 0.092429400000 0.102287000000 
0.051228500000 0.308251000000 0.300166000000 0.314588000000 
0.060400000000 0.255339000000 0.248669000000 0.261508000000 
0.103753000000 0.171079000000 0.166222000000 0.178989000000 
0.071167500000 0.219597000000 0.213417000000 0.226576000000 
0.359773000000 0.039894200000 0.036864700000 0.041626400000 
0.256067000000 0.076545300000 0.072532400000 0.080701600000 
0.217809000000 0.092819100000 0.088634100000 0.097921600000 
0.055398000000 0.278009000000 0.270643000000 0.283564000000 
0.248080000000 0.078998600000 0.075141000000 0.083522900000 
0.047730900000 0.396940000000 0.390195000000 0.411616000000 
0.120655000000 0.156538000000 0.150590000000 0.162444000000 
0.304098000000 0.056371600000 0.052913600000 0.059015900000 
0.401941000000 0.029064100000 0.026802400000 0.030241800000 
0.177001000000 0.113971000000 0.109985000000 0.121055000000 
0.065936100000 0.236303000000 0.230232000000 0.243149000000 
0.226715000000 0.088987700000 0.085388500000 0.094736600000 
0.050306800000 0.389077000000 0.382147000000 0.402279000000 
0.074270700000 0.213507000000 0.207542000000 0.220717000000 
0.107994000000 0.167310000000 0.162367000000 0.175239000000 
0.146658000000 0.136166000000 0.131142000000 0.142543000000 
0.052467800000 0.289972000000 0.282260000000 0.295472000000 
0.140735000000 0.138175000000 0.133936000000 0.145895000000 
0.040176900000 0.420567000000 0.415007000000 0.438417000000 
0.114715000000 0.160269000000 0.155462000000 0.168200000000 
0.272123000000 0.071220300000 0.066206300000 0.072423100000 
0.320666000000 0.052917500000 0.050276700000 0.056841500000 
0.056911000000 0.269270000000 0.262212000000 0.275070000000 
0.079927400000 0.203650000000 0.198021000000 0.210924000000 
0.413445000000 0.026701400000 0.024509800000 0.027693600000 
0.136697000000 0.141679000000 0.137410000000 0.149488000000 
0.263947000000 0.072480500000 0.069132800000 0.077195900000 
0.529731000000 0.007265830000 0.006181130000 0.007036250000 
0.375449000000 0.034572600000 0.031070800000 0.034057500000 
0.167934000000 0.118819000000 0.114831000000 0.126011000000 
0.050153700000 0.392859000000 0.386311000000 0.406494000000 
0.365297000000 0.037907100000 0.035205500000 0.039597900000 
0.035677400000 0.431369000000 0.426675000000 0.449765000000 
0.038938500000 0.423996000000 0.419187000000 0.442294000000 
0.232505000000 0.085926800000 0.082386700000 0.091545300000 
0.432713000000 0.023681200000 0.021201800000 0.024435700000 
0.625196000000 0.001005830000 0.000665626000 0.000784355000 
0.425240000000 0.024049600000 0.022135100000 0.025414800000 
0.328574000000 0.048524300000 0.045433600000 0.050788000000 
0.057547600000 0.262296000000 0.255441000000 0.268271000000 
0.065450700000 0.242057000000 0.235133000000 0.248196000000 
0.343211000000 0.045122400000 0.042345300000 0.047833000000 
0.055628300000 0.273882000000 0.266609000000 0.279503000000 
0.571333000000 0.004043750000 0.003014170000 0.003194940000 
0.037524700000 0.427301000000 0.422652000000 0.446069000000 
0.054144400000 0.283044000000 0.274618000000 0.288105000000 
0.282509000000 0.067294500000 0.063458500000 0.070862200000 
0.062403200000 0.247138000000 0.240769000000 0.253635000000 
0.066258000000 0.230682000000 0.224184000000 0.237327000000 
0.165611000000 0.121573000000 0.117434000000 0.128826000000 
0.196414000000 0.102943000000 0.099105800000 0.109365000000 
0.087225400000 0.191796000000 0.186300000000 0.199470000000 
0.041284600000 0.409603000000 0.403284000000 0.426457000000 
0.053287000000 0.286633000000 0.278108000000 0.291767000000 
0.189627000000 0.107479000000 0.103024000000 0.113220000000 
0.099439600000 0.176202000000 0.171110000000 0.184145000000 
0.095459000000 0.180686000000 0.175455000000 0.188506000000 
0.440061000000 0.021065800000 0.018917400000 0.021282100000 
0.133147000000 0.148273000000 0.142443000000 0.154035000000 
