19.693099727374513 2.0 0.0 
4.041205794756856 2.0059837620476393 0.9532802119081865 
8.144248092194625 2.0002220688740127 2.6788209731144894 
2.0 2.0200619897080125 0.6931263937106712 
3.5484978331422026 2.44368096706748 0.8410624627219055 
73.59127879648929 2.5544427234868907 18.647323070982914 
8.097662095698045 2.074472307119624 2.7710106379819113 
10.438438570887543 2.1121475448913323 5.99203464048627 
4.752751692824548 2.092726548810985 0.5010567839021387 
2.8323113104558417 2.0 0.2506820656633133 
10.012386832342914 2.0 5.762956653222542 
6.181562017392073 2.1411614893390474 1.67747855575731 
2.0 41.23878748583843 0.0 
7.692296101524128 2.1985940552039254 1.7995426817857778 
3.8346993518660164 2.184381177642911 1.5554155596255255 
2.0 2.001260360062805 0.5931407098383679 
2.7997793778925892 2.0 0.3126854921547606 
7.860019355893987 2.031404436782224 2.5609661113211537 
10.1395923452489 2.185537354056646 3.7891634752412413 
7.1437715966662605 2.1758480554254707 2.0962753330154027 
2.0 2.0 0.7147851511532606 
2.0 2.0 0.4534388856978657 
2.0 2.0 0.6423021371008613 
2.0 2.0 0.3933988182832544 
2.0 2.0 0.0968320569323673 
4.1283238164730385 2.3809241158179537 1.1423340179756458 
17.71925880907865 2.8994645874862357 12.93269450037198 
7.042977713280021 2.1716830723550355 1.863494694313025 
2.0 2.0 0.6236989914341957 
2.0 2.4852713475858583 0.6614834810850194 
6.073659858072565 2.465493845186882 1.360270098069492 
6.917764842825624 2.1798541318991655 0.814606139871349 
2.8908696437183607 2.0493821131548895 0.47389098378733463 
9.996660902338183 2.0185542880344123 3.2106753374263315 
6.34263642621639 2.092387845449592 1.1684203714631727 
6.628026590527783 2.0366447246802055 2.92874965669433 
7.057712117914847 2.1547797717407247 1.5010044977306587 
10.1766570458196 2.0016531125801627 6.265750919565686 
10.495478122288597 2.2494186450752145 3.9110732541766815 
6.930059859290737 2.1290951324135894 2.349653003960956 
8.449419323687938 2.078935359758927 3.1453643227919286 
5.306756599691137 2.066404565429054 0.9353229785561067 
4.657461579757518 2.4637555928256325 1.3069327725736435 
5.556856392980231 2.1022968381991527 1.4756952284731821 
10.368324061665211 2.0 4.672507332572427 
6.183283568253253 2.148341678153379 1.329517095573678 
10.419036256750694 2.5630991840370583 12.877935474626838 
4.465040041255673 2.346317968525419 2.1990043414916904 
3.7739386133972666 2.0003277523452674 1.0952477110487466 
3.677281805468061 2.488375807584736 0.796566084006149 
7.989923083803674 2.076534350687459 1.6760719722031312 
9.971288757539122 2.0 3.4667412957522106 
6.623670056143332 2.0519986198111577 1.4265753752944006 
10.142489992247404 2.5114374326747853 11.86745716943911 
7.658033449213888 2.2185006009683983 3.0248629221137913 
7.7094933087549 2.054497613645683 2.307436352647007 
5.633056618929994 2.066094733399039 1.9601793528402842 
9.83823437219293 2.225899813462472 5.211764709416052 
7.390489597417791 2.1020194902071374 1.9450174769978066 
11.868198355580967 2.5448770076763094 18.77356589632679 
7.777759919844108 2.2009586488989137 2.2282664742937737 
2.9030822099266906 2.0 1.2601091707341858 
9.981166979695326 2.037043279759752 1.0379245318027273 
9.893564908894 2.380421560457184 4.350229026513775 
6.867422233341473 2.478890716882306 2.8515899493802848 
3.6251467399657473 2.046564380958425 0.766064889562462 
6.994486058542794 2.133593868695376 1.9830941712298646 
7.49262538528335 2.0 1.2600913440804575 
2.2508120695236054 2.006521990166288 0.5129245279017928 
3.3803042926037494 2.1391134413709763 0.8930263950908148 
6.548238567901706 2.218245218913973 1.7313198057481023 
10.507697600903274 2.559449249722695 12.14672752795731 
4.3376900084656 2.0 0.904185338937042 
24.24696440401589 2.8832417862224906 19.216722268959913 
20.30707926585479 3.172688665870713 16.675741674687465 
7.023572596766427 2.0553946045118137 1.3908521020954647 
2.49460044815335 2.5143378622880097 0.7257259414798274 
2.0 2.0 0.24448930902160448 
6.251462316681999 2.119689938190067 0.707990966527933 
4.163541760559366 2.3259735712248637 1.0192606483672322 
9.60115782015402 2.2195437716011295 4.131007807170636 
7.740425728889023 2.1659588680697097 3.652897003972585 
7.26348890368916 2.1326758987146888 0.971571156444076 
10.369798215974612 2.4631214869009197 4.51855160301139 
3.014971857901433 2.189839884163663 0.3835840687722266 
19.995836835009552 2.7382512046553873 18.462894388663504 
7.682326786332634 2.128809229137162 5.199663595543124 
4.836487650274914 2.1062488179690564 1.2244084947740814 
9.89695204593252 2.2032743834775 3.708114089437829 
7.559697330282372 2.241640298831372 3.3901418458070487 
7.583262683790388 2.1950714739292443 1.758788340554227 
6.967350508473188 2.216225401449866 1.5752881909870127 
7.584638345974268 2.149265543146737 2.655356674606063 
10.440819182920686 2.5067808129552027 15.471581838464978 
7.775956775161578 2.220037046255005 5.357864764433243 
5.756791751388837 2.1086616130235116 1.6260861943905376 
8.237556755096719 2.2575140654763017 2.4291689370146514 
8.136301141817135 2.168963356504052 2.4972944661815157 
2.0 2.0 0.7476685906000412 
3.5010252332703353 2.0520707728672694 2.0860047874316856 
