0.007833960000 0.393802000000 0.351205000000 0.352868000000 
0.009568210000 0.384090000000 0.341252000000 0.344075000000 
0.009773730000 0.375747000000 0.331887000000 0.335152000000 
0.008581640000 0.387922000000 0.344508000000 0.347266000000 
0.010653000000 0.371011000000 0.327037000000 0.329522000000 
0.008365150000 0.390021000000 0.348171000000 0.350142000000 
0.016180000000 0.340679000000 0.294644000000 0.297163000000 
0.012801200000 0.365795000000 0.321353000000 0.324989000000 
0.033484500000 0.259629000000 0.214013000000 0.216671000000 
0.023280100000 0.300029000000 0.254273000000 0.256827000000 
0.017384500000 0.323604000000 0.277722000000 0.280257000000 
0.024000200000 0.297782000000 0.252053000000 0.254613000000 
0.025352000000 0.288475000000 0.242743000000 0.245314000000 
0.090986700000 0.172889000000 0.131541000000 0.134162000000 
0.394145000000 0.004287210000 0.002133960000 0.002385680000 
0.028447600000 0.280971000000 0.235215000000 0.237820000000 
0.321980000000 0.030648100000 0.018636200000 0.019222700000 
0.029077100000 0.277764000000 0.232016000000 0.234629000000 
0.167271000000 0.104667000000 0.071552100000 0.073955200000 
0.343605000000 0.019545100000 0.010351700000 0.011154300000 
0.414135000000 0.000782374000 0.000534497000 0.000607473000 
0.017103700000 0.330390000000 0.284434000000 0.286972000000 
0.345737000000 0.017813500000 0.009075060000 0.010015100000 
0.357119000000 0.017103100000 0.009224850000 0.010065300000 
0.328606000000 0.028411700000 0.016582900000 0.017560100000 
0.128069000000 0.141614000000 0.103774000000 0.106120000000 
0.400932000000 0.003135270000 0.002095370000 0.002367380000 
0.057602900000 0.215714000000 0.170874000000 0.173870000000 
0.365505000000 0.012967600000 0.006611300000 0.007255760000 
0.221911000000 0.075969700000 0.049496300000 0.051270300000 
0.389285000000 0.004713720000 0.002287560000 0.002590830000 
0.190615000000 0.094671800000 0.064320100000 0.066243900000 
0.357924000000 0.015838600000 0.008268300000 0.009008620000 
0.074667000000 0.193702000000 0.151043000000 0.153883000000 
0.257933000000 0.056239200000 0.034840500000 0.036257300000 
0.406034000000 0.001339380000 0.000957290000 0.001057570000 
0.043269600000 0.238651000000 0.193324000000 0.196086000000 
0.134980000000 0.136068000000 0.098687100000 0.100788000000 
0.013552700000 0.364510000000 0.320243000000 0.323300000000 
0.099570300000 0.160870000000 0.120448000000 0.122869000000 
0.307296000000 0.033901200000 0.020257200000 0.021531500000 
0.085014800000 0.177186000000 0.135221000000 0.137748000000 
0.230531000000 0.070471400000 0.045466700000 0.047148200000 
0.021336600000 0.315417000000 0.269485000000 0.271729000000 
0.047147800000 0.233835000000 0.188701000000 0.191449000000 
0.204805000000 0.080004000000 0.052754500000 0.054542800000 
0.415949000000 0.000666795000 0.000488364000 0.000537364000 
0.051876500000 0.229628000000 0.184594000000 0.187359000000 
0.035739900000 0.254669000000 0.209063000000 0.211749000000 
0.053093900000 0.228879000000 0.183732000000 0.186546000000 
0.193918000000 0.088257500000 0.059303400000 0.061185200000 
0.060983700000 0.209476000000 0.164924000000 0.167844000000 
0.023130900000 0.303619000000 0.257815000000 0.260115000000 
0.079145900000 0.187787000000 0.144960000000 0.147569000000 
0.077696800000 0.191027000000 0.148568000000 0.151376000000 
0.261914000000 0.051105400000 0.030570200000 0.032290300000 
0.064227100000 0.206811000000 0.162602000000 0.165298000000 
0.054108100000 0.225541000000 0.180671000000 0.183406000000 
0.179267000000 0.104485000000 0.072061300000 0.073962500000 
0.341017000000 0.021965400000 0.011819200000 0.012752800000 
0.107862000000 0.160133000000 0.119177000000 0.122351000000 
0.012239000000 0.368608000000 0.325858000000 0.328059000000 
0.113328000000 0.148505000000 0.109748000000 0.112225000000 
0.307888000000 0.031996800000 0.017946900000 0.019036800000 
0.014940300000 0.361426000000 0.317249000000 0.320582000000 
0.068164300000 0.199566000000 0.155970000000 0.158615000000 
0.289382000000 0.039353300000 0.022898700000 0.024133200000 
0.358316000000 0.014698900000 0.007595980000 0.008298440000 
0.164040000000 0.107725000000 0.075039500000 0.077138000000 
0.283692000000 0.040440900000 0.023149000000 0.024715900000 
0.022517200000 0.307775000000 0.261923000000 0.264204000000 
0.251259000000 0.060248400000 0.038084500000 0.039596000000 
0.280971000000 0.043686000000 0.025739500000 0.027016700000 
0.025167500000 0.297109000000 0.251357000000 0.253680000000 
0.054581200000 0.218849000000 0.173873000000 0.176878000000 
0.143538000000 0.126272000000 0.090514900000 0.092825800000 
0.053444400000 0.226552000000 0.181499000000 0.184300000000 
