4.301474863143173 10.343675195153471 235.33298904412266 
2.7127658735349733 7.705642309079344 256.0 
2.504676718163314 6.039902782212296 254.63038184623394 
3.1010457120222057 9.819869197182001 84.3678891550593 
3.7865656345421157 5.467134573936458 248.48513986939713 
3.7016752087105784 8.298318414585093 220.2749447945852 
5.883124560207834 2.0 189.52174183153906 
2.528309102631506 5.420030325708553 185.55243788995233 
6.448273696744275 2.0 3.127566140224417 
5.95499149185312 2.2832645728441006 4.4972670577425795 
5.661314114936495 2.336222669238386 6.377388100038772 
5.625303012032362 2.2962212388569943 4.386799435253617 
5.938207130920946 2.2650569411332726 3.966453949441655 
8.444068688377557 2.0 1.8814902750660476 
10.777482750698509 2.4223267164629756 0.2638092479526232 
5.908418386909315 2.256961667528714 3.6985451968967418 
5.885971982453653 5.805245951092402 0.6327206423788889 
6.154278660467606 2.263873270766754 3.598724831633736 
2.0933274003073743 2.1886669433161594 1.2911112084587728 
11.075018581111701 2.3792503404571574 0.5387658103843114 
7.4944647672463836 2.2391239372178067 0.06783343300154332 
6.399128961486532 2.2090354364046036 7.558033126674985 
2.0 2.0 0.5728243471230026 
3.473871139267243 7.279802628791933 0.46935865414012834 
3.903100978306871 6.775694870433938 0.588311408403886 
11.602088877260877 2.1250644048937612 1.5777027628959348 
26.472790099891323 2.207409852224479 0.12041468421290397 
4.813622030558841 2.0 2.385576830779515 
8.915995585735544 2.492219524586334 0.47284120471541113 
12.445204445308649 2.1520538973036953 1.054030029767247 
3.0320724127214502 2.2485611796081355 0.32710151279353217 
12.32430486247249 2.1482278114144107 1.2044833880340082 
8.941356962049449 2.4902094012217595 0.5201253251869522 
9.861508692051045 2.0 2.109534922478097 
10.94673448964796 2.3122999883997344 0.9076522485330383 
13.356735348719738 2.0962972532582493 0.052037496535610295 
5.768840081966208 2.0628310423722467 2.7098990470126623 
10.75843155228879 2.0 1.5271178344804355 
4.6917728920618345 4.576975354838666 8.04379831815108 
5.805805400355668 2.0 1.7549234353129697 
65.97355202748705 2.447252436331426 0.535497578234182 
5.955068398180263 2.0 1.9246215727864961 
8.814897103918657 2.257625767337117 1.0434147285751136 
7.72898447129718 2.0 5.712617734926097 
8.118976669722773 2.311621712637752 2.686813798264576 
7.8385055706529965 2.0113022788301604 1.1101853651805311 
2.4415011449016157 2.078637092339927 0.08687514280540043 
5.6447345047840845 2.094018187332499 2.5603679202766365 
6.027516143699309 2.0 3.016380776305816 
7.058023121071271 2.3240624939027 2.5694355186752174 
8.452695773417858 2.2274008399117613 1.1862172467411831 
4.896358596692815 2.0745267806408823 2.3040473065921825 
7.61270037646598 2.073250661263168 4.8656164569305815 
5.580274432548463 2.207230621428107 2.0212555558585166 
10.07662600239131 2.0 2.0831192748165392 
2.0 2.336532172522777 0.898648153902912 
7.051610770253742 2.0704689376063032 2.245051866147536 
6.40452312108613 2.0443227883338615 2.5139902058584744 
11.188668535862742 2.3427206519747563 1.2716657505908957 
8.564089876973116 2.2586974076462702 0.583599575486664 
2.0 2.0 1.7981005528937253 
3.7359114041234847 8.245062300624472 6.37253507704309 
8.464350946168887 2.14875818740987 1.6611069041673423 
5.532552829996475 2.0961397331794953 0.6942069009718512 
2.8503980475413626 4.459695181976682 6.925612822377597 
5.651357083405317 2.007758437352008 2.171126444596128 
8.047269414624736 2.2880796027822914 0.7721347364957905 
13.457306050012143 2.3809250774201765 0.46653315037580334 
7.674269618390807 2.1723911229199393 1.3286864267910001 
2.0 2.378190997403645 0.8108196515063146 
7.812266725537045 2.095247647709878 5.128006690016238 
14.318915944322097 2.142540238333797 0.9428278315232399 
5.514098401037051 2.2468853181027417 0.8028509256995714 
8.40831065223528 2.0 4.490480682113539 
5.154572975741644 2.0 2.4267417247133563 
7.608476926034305 2.1710206999442474 1.4740149211882263 
7.21962014398603 2.1264823336833225 2.5344127209039318 
