0.015853400000 0.440824000000 0.389965000000 0.376985000000 
0.018887000000 0.428452000000 0.377246000000 0.363834000000 
0.011728800000 0.479364000000 0.431184000000 0.418749000000 
0.011155600000 0.488588000000 0.441086000000 0.428741000000 
0.018271900000 0.434062000000 0.382659000000 0.369378000000 
0.011660100000 0.485208000000 0.436858000000 0.424425000000 
0.011813200000 0.479319000000 0.431214000000 0.418567000000 
0.013936500000 0.446118000000 0.395299000000 0.382450000000 
0.042107600000 0.305803000000 0.252563000000 0.240499000000 
0.211409000000 0.106714000000 0.075251200000 0.070824200000 
0.431196000000 0.007820940000 0.004678720000 0.004419190000 
0.391007000000 0.019194500000 0.010893100000 0.010417200000 
0.013202700000 0.450392000000 0.399666000000 0.386842000000 
0.363647000000 0.030527400000 0.017964800000 0.017304600000 
0.050652000000 0.278900000000 0.226532000000 0.215210000000 
0.367231000000 0.024735400000 0.014507200000 0.013811200000 
0.440526000000 0.004956530000 0.002382140000 0.002405520000 
0.395317000000 0.016665800000 0.009498700000 0.009108650000 
0.036255400000 0.329954000000 0.276321000000 0.263714000000 
0.462951000000 0.001800760000 0.000871969000 0.000857539000 
0.352812000000 0.032842800000 0.019797100000 0.018822100000 
0.034205400000 0.339381000000 0.285650000000 0.272727000000 
0.064834100000 0.246330000000 0.195952000000 0.185868000000 
0.193171000000 0.120666000000 0.086369500000 0.081316900000 
0.043642500000 0.301906000000 0.248696000000 0.236585000000 
0.167212000000 0.131922000000 0.094046900000 0.088977000000 
0.406734000000 0.015102600000 0.008335460000 0.008062940000 
0.058592800000 0.261662000000 0.210175000000 0.199389000000 
0.018375400000 0.429076000000 0.377421000000 0.362655000000 
0.307507000000 0.051054400000 0.032842600000 0.031027300000 
0.272096000000 0.061630100000 0.040526300000 0.038481500000 
0.034733300000 0.331273000000 0.277564000000 0.264777000000 
0.026975200000 0.354761000000 0.301043000000 0.287554000000 
0.338549000000 0.038932300000 0.024590300000 0.023146500000 
0.135667000000 0.159012000000 0.117091000000 0.110741000000 
0.053228400000 0.274515000000 0.222316000000 0.211172000000 
0.193649000000 0.120177000000 0.085512100000 0.080537300000 
0.106634000000 0.193605000000 0.147607000000 0.139361000000 
0.478433000000 0.000321244000 0.000192188000 0.000185175000 
0.230237000000 0.080767300000 0.055273500000 0.052063900000 
0.055920600000 0.261352000000 0.210265000000 0.199635000000 
0.378475000000 0.023194900000 0.013653800000 0.012976300000 
0.043751700000 0.295798000000 0.242802000000 0.230855000000 
0.060211200000 0.256730000000 0.205557000000 0.194984000000 
0.019646200000 0.421054000000 0.369228000000 0.354148000000 
0.221718000000 0.087427000000 0.060484900000 0.056859600000 
0.021223500000 0.378530000000 0.324418000000 0.310576000000 
0.159705000000 0.145160000000 0.106059000000 0.099986400000 
0.063874200000 0.252086000000 0.201218000000 0.190829000000 
0.135172000000 0.170929000000 0.128482000000 0.121332000000 
0.024157000000 0.366408000000 0.312438000000 0.298747000000 
0.019823600000 0.389190000000 0.335257000000 0.321322000000 
0.102461000000 0.202001000000 0.155614000000 0.147083000000 
0.291075000000 0.055545200000 0.035253500000 0.033463800000 
0.092060100000 0.213580000000 0.165782000000 0.156750000000 
0.244785000000 0.075077700000 0.048978600000 0.046752900000 
0.017443200000 0.438702000000 0.387303000000 0.373110000000 
0.053542100000 0.269654000000 0.217609000000 0.206544000000 
0.039836900000 0.310608000000 0.257547000000 0.245226000000 
0.279568000000 0.057135700000 0.035748700000 0.034335600000 
0.012502200000 0.452105000000 0.401624000000 0.389073000000 
0.294940000000 0.055220500000 0.035476800000 0.033590300000 
0.025178900000 0.361918000000 0.308148000000 0.294558000000 
0.078614700000 0.227946000000 0.178942000000 0.169407000000 
0.315602000000 0.048287600000 0.030850500000 0.029173700000 
0.037414100000 0.314571000000 0.261984000000 0.249376000000 
0.021967400000 0.369114000000 0.315043000000 0.301364000000 
0.083395000000 0.221752000000 0.173154000000 0.164034000000 
0.094258800000 0.207342000000 0.159935000000 0.151134000000 
0.021953100000 0.375898000000 0.321853000000 0.308063000000 
0.238581000000 0.079059900000 0.051968200000 0.049593900000 
0.055761800000 0.267961000000 0.216364000000 0.205343000000 
0.031935200000 0.346995000000 0.293082000000 0.279989000000 
0.202785000000 0.113380000000 0.080533900000 0.075908700000 
0.026833500000 0.359265000000 0.305522000000 0.292005000000 
0.378721000000 0.018529600000 0.011902600000 0.011142800000 
0.071708700000 0.235740000000 0.186093000000 0.176302000000 
0.325162000000 0.044336900000 0.027194200000 0.025941300000 
0.030654000000 0.353050000000 0.299032000000 0.285783000000 
0.098113100000 0.200518000000 0.156262000000 0.145891000000 
0.207668000000 0.110216000000 0.077817400000 0.073340500000 
0.109545000000 0.186967000000 0.141607000000 0.134010000000 
0.121807000000 0.171806000000 0.130937000000 0.122181000000 
0.149862000000 0.147445000000 0.107727000000 0.101721000000 
0.215769000000 0.093492100000 0.063111900000 0.059984500000 
0.342736000000 0.035148300000 0.021758500000 0.020570300000 
0.068845700000 0.245408000000 0.194911000000 0.184744000000 
0.032904100000 0.345114000000 0.291182000000 0.278157000000 
0.416954000000 0.010518600000 0.005621170000 0.005426550000 
0.224917000000 0.087410400000 0.058401100000 0.055575700000 
0.163942000000 0.141944000000 0.103832000000 0.097849200000 
0.143485000000 0.150908000000 0.109974000000 0.103913000000 
0.215742000000 0.102910000000 0.072023200000 0.067771000000 
0.113390000000 0.183680000000 0.138753000000 0.131243000000 
0.200587000000 0.113866000000 0.080508000000 0.075815800000 
0.254967000000 0.069691400000 0.044975000000 0.042997600000 
0.074929200000 0.231750000000 0.182153000000 0.172452000000 
0.046310900000 0.280687000000 0.228741000000 0.217062000000 
