12.506931443632737 2.8242179198628037 184.4756107347544 
6.564003499432534 2.51181473763089 175.7545078789698 
2.0 18.264304208201423 156.85702861773154 
2.0 23.415603358845186 157.35120823591703 
8.422679542046486 2.8432781365237023 185.9600329669086 
2.11548750903095 20.26041951769365 160.219936394536 
2.0 19.424693077438928 155.5729038508354 
17.885504530484162 2.8769192731691984 140.37576479804136 
23.36702687857114 2.0244411597069587 3.100310935717653 
42.184433550791184 2.228229647598716 1.2026313058818445 
43.2750940858201 2.0 0.24994334000263763 
31.223515981817066 2.1782963181179 0.4640963103614864 
26.49098740808637 2.8529696864636906 35.4127022594857 
58.860723537356876 2.098891460205697 0.500095564515064 
28.296781125233814 2.444781291136632 2.6734141319065783 
17.630331873593846 2.0236701179900995 0.5263864744746374 
2.0 2.3028727051170588 0.2650098447328606 
23.494381285344986 2.040648014760908 0.43085247388631015 
24.93590634514546 2.0304096086453707 3.574539898266232 
6.627115304464401 2.0382446766187927 0.12975635498729765 
40.93338265302504 2.1718540629166054 0.5775407436093467 
24.339459308210106 2.1904468066380733 3.855814132058552 
25.09921219427509 2.3995335755848233 2.3246992571388394 
39.117435205987086 2.0225487072832573 1.2897200251462417 
17.762358713013697 2.474921324590187 3.023427138560642 
2.0 2.22580581173041 1.473031416969222 
40.148922607324245 2.1491138943361876 0.34394837700560504 
26.264804980227222 2.432889327060621 2.486939725194822 
29.762725868755595 2.951569674651218 13.99182049559306 
35.80838295795879 2.0577760781655394 0.7131818056159215 
2.0 2.6255488736983152 0.871579866242336 
21.808088257595088 2.186622215099082 3.602647543386603 
14.994456937498914 2.078393653316406 4.793447192345557 
39.53144322426786 2.009541820191463 0.6228731919415577 
4.004869503164378 2.2286415699883504 1.6164781851991998 
26.12107961221679 2.1556644217343286 2.6111431174163093 
11.872207551396968 2.2715435845690948 1.2694955993477017 
7.504560060501692 2.0430142132800353 1.8676115837953917 
2.0 2.3235006262021165 0.023468529534007132 
2.2156731768256095 2.6454065885283353 1.038870044317392 
7.488244942999411 2.0638053432097108 2.583553313383188 
26.320830875331595 2.247439513841884 0.5197277882152307 
18.229242627695776 2.4201615402587646 2.9374178211097703 
15.115304064729187 2.1348136956290276 2.427385599261907 
30.424935541371486 3.1335654938224637 10.94350790191093 
2.3593341319637373 2.609101806829722 1.0878752373944494 
30.229436322773857 2.068322427597542 6.690914336012302 
14.346767929104868 2.4368235363320343 1.4515333724337947 
31.196937253780945 2.3810772893558965 2.371838562287986 
36.21569471147812 2.0522739986630127 1.6590887913820505 
19.025122341617475 2.0375979047311774 5.6318097638012015 
25.321180135530422 2.0372016870613616 9.034989827218425 
40.803744328491305 2.1883032636587494 1.9295312576947685 
4.920746122492636 2.051137174841753 0.8398668392801181 
22.011024219354347 2.453137484674491 2.017557119292346 
2.329859020050065 2.17647000108648 1.0498296364542428 
29.36427575975872 2.827195611717695 19.39259377232144 
18.114969978405824 2.183146043431431 2.5812109971603743 
14.810872950447878 2.078997951502285 3.2190522855535 
2.0 2.2117517859960345 0.9125721937941972 
27.957986054009574 3.4085860462411786 159.02268898071074 
13.574739610359714 2.0958540748679986 0.7910422479169197 
13.007463399208962 2.4565070937980296 5.589049887000717 
26.647917305521826 2.4522857507804994 2.1106066172590516 
22.404216806123685 2.3597059886717715 0.7704063239008043 
5.363080816642686 2.2846519989183816 3.594279431879477 
25.913693158450904 2.0446461723374068 5.696063376533653 
7.4726293267408295 2.3708525559388396 2.140389905119172 
8.49509792382409 2.4868228178027474 1.9833170639631739 
23.23236272935677 2.0668889758459437 6.484895163053096 
2.0 2.0711753850141705 1.0789011531192698 
10.126401761431538 2.403124630008273 2.6106797072892407 
26.75902933879574 2.006307036262794 4.075072694568258 
26.81252358347339 2.0 1.195894479867175 
12.633844012161958 2.0 5.329596577300758 
2.0 4.573956795216174 0.4651036315224578 
23.43285017540221 2.250825256514929 2.215919872704905 
4.340369297850341 2.030043017208146 0.7508078557864177 
26.2506285742069 2.0610613677023033 4.420927314099433 
2.0 3.1922934120009145 2.0871262129964085 
37.28175291823976 2.0450920346953176 1.167923399615787 
5.756180928709625 2.158156351790782 1.824383056578657 
2.0 2.694037278032584 1.809364023304484 
6.894098556612164 2.250031851324777 1.4887120316670859 
2.0 2.0 1.182421700208178 
39.44424260677412 2.059834234309221 0.5863527077089792 
20.885618081949584 2.47007031533904 2.3333984292788013 
26.4229776813222 2.147156242858012 4.036353836019885 
32.43511741629152 2.440423270049447 0.25552024196952594 
2.0 2.2584809443390155 1.141500596079684 
27.418590624034962 2.0 1.4435408137006824 
2.0 2.2445098308844935 1.6184973080865714 
28.76918073010971 2.0780548828949916 1.1707735000047432 
6.32409933264867 2.472666192461625 1.8034331000809345 
9.54914628049442 2.1423679230678747 1.2351525680647175 
2.0 2.0 1.0140088244504464 
17.809685029597045 2.153214794701693 2.1516572470442856 
5.080198839175651 2.070994550753812 2.9144563280766373 
