0.008337500000 0.536079000000 0.491943000000 0.488946000000 
0.020153500000 0.473129000000 0.407981000000 0.407205000000 
0.089019800000 0.298729000000 0.232652000000 0.228298000000 
0.031653900000 0.436361000000 0.366229000000 0.367647000000 
0.013955600000 0.479690000000 0.430566000000 0.427385000000 
0.012734400000 0.484901000000 0.437486000000 0.434278000000 
0.036658800000 0.417008000000 0.344799000000 0.347049000000 
0.012155500000 0.485693000000 0.439513000000 0.436075000000 
0.012185100000 0.485692000000 0.439511000000 0.436074000000 
0.032527000000 0.419202000000 0.346621000000 0.347780000000 
0.050302000000 0.402908000000 0.333608000000 0.329496000000 
0.014564500000 0.478968000000 0.428539000000 0.425555000000 
0.017336800000 0.472005000000 0.419003000000 0.416176000000 
0.020521600000 0.465993000000 0.399852000000 0.399556000000 
0.011916200000 0.528284000000 0.479493000000 0.476781000000 
0.011959600000 0.526633000000 0.477663000000 0.475032000000 
0.013675200000 0.482991000000 0.435135000000 0.431888000000 
0.025568500000 0.446452000000 0.380336000000 0.378024000000 
0.010074600000 0.532558000000 0.484979000000 0.482262000000 
0.270691000000 0.093759200000 0.053767400000 0.051967900000 
0.012815000000 0.482016000000 0.439294000000 0.435621000000 
0.010750300000 0.530362000000 0.482438000000 0.479706000000 
0.009284020000 0.533534000000 0.487154000000 0.484207000000 
0.235030000000 0.146628000000 0.099687100000 0.097092000000 
0.029370800000 0.438186000000 0.368471000000 0.369271000000 
0.193011000000 0.168636000000 0.111306000000 0.110571000000 
0.016080400000 0.473970000000 0.422111000000 0.419402000000 
0.167643000000 0.255248000000 0.189916000000 0.188314000000 
0.462634000000 0.024620100000 0.012645600000 0.012907300000 
0.072378200000 0.340047000000 0.272053000000 0.267783000000 
0.502021000000 0.004972260000 0.002083770000 0.002078930000 
0.399213000000 0.046269500000 0.023245500000 0.023836700000 
0.373448000000 0.050110500000 0.028551300000 0.027791000000 
0.238053000000 0.138116000000 0.092288800000 0.089988800000 
0.022432300000 0.450463000000 0.384930000000 0.383715000000 
0.032327700000 0.436094000000 0.367954000000 0.370611000000 
0.015383200000 0.478825000000 0.437861000000 0.434113000000 
0.370565000000 0.059355000000 0.031695000000 0.032203400000 
0.071834100000 0.340352000000 0.272391000000 0.268195000000 
0.032471700000 0.415366000000 0.356755000000 0.356053000000 
0.058212300000 0.372780000000 0.304656000000 0.300597000000 
0.526284000000 0.004090330000 0.001788090000 0.002004160000 
0.019583200000 0.465666000000 0.412235000000 0.410224000000 
0.175934000000 0.256549000000 0.187301000000 0.187883000000 
0.053126800000 0.382539000000 0.314649000000 0.310696000000 
0.320499000000 0.085677100000 0.049026400000 0.049201500000 
0.527501000000 0.004216720000 0.001545820000 0.001824640000 
