3.0509479376313564 64.46197139977576 187.59267793620583 
34.549240009972195 2.0 256.0 
77.94208172678783 2.0 2.096637740502871 
7.762022244319052 2.0 241.522120353971 
2.0 31.007799773168188 256.0 
2.0 38.725306524283646 256.0 
3.5799271376602224 2.0 256.0 
2.0 42.84570296128565 128.0 
2.0719428535337605 43.860897880294345 250.16932535723367 
4.7350190240822165 2.0 256.0 
117.68278956223082 2.0 3.235071927795437 
2.0 28.56286707011349 256.0 
2.0 21.268905659768844 256.0 
23.595435257824168 2.0 247.70709285418894 
3.2494438364362237 33.1576976917609 256.0 
3.2112582017369675 30.808479417210776 199.38818106219782 
2.0 36.171503998532664 256.0 
54.03168172205998 2.0 4.983680121617752 
2.522484244613383 39.53293831382964 236.89190410818404 
2.0 2.0 0.9406400976385214 
2.0 57.04561661517087 30.075017697490367 
2.8561180288206964 37.64495590359743 256.0 
3.3770275774274756 46.00884916709627 201.3879605474092 
143.34796222801936 2.1799982180188984 1.112394350438529 
8.556505454033587 2.2251010249635 10.801315341439263 
2.0 8.229547651904571 1.3351875901473136 
2.0 22.736069141485128 256.0 
74.40065291471036 3.9109882975928354 1.8429755070433202 
2.0 87.08744815211145 0.25307343529544823 
80.72240704404673 2.0947706835939877 2.6473568416195405 
2.0 2.0 0.23552708532957967 
2.0 15.955723359512017 0.5459474863990055 
35.52779356547339 2.0139147439702785 0.5639883378425614 
76.61418614064473 2.0 1.0850650260698558 
40.65772454954074 2.057180327461304 5.514951432469062 
3.65663088429172 3.757041572015569 6.791325765934017 
2.0 77.02312275623953 23.0084946188762 
2.0 18.033808988912693 0.6775104894129237 
86.06658314612456 2.0115403691823195 2.527532653579706 
2.4665348108117175 14.899538168224021 6.020669766900424 
87.44311369823785 2.1221817682029167 2.937911591233588 
2.0 26.662866926490704 0.112861282807041 
3.106438688649315 29.098979843439015 7.736761838287717 
143.86140466715875 3.159452722913756 1.8591423875979538 
80.40394259674348 2.1548867327734986 3.2067009468073255 
2.0710500014368725 19.12881837197194 0.8333499136489361 
2.0 7.802712573554274 0.11286128280704588 
