2.0 77.16370205677137 135.87864214159265 
2.0 73.93273955897791 15.972134120964572 
24.80700560777389 2.0 1.0815947067815923 
3.1913825264211435 44.371760519675796 128.0 
2.0 74.5979882606679 24.17689071787186 
2.6740967615475966 94.99613990710915 43.643171560969336 
3.3040581305718497 83.87006039454764 60.368034752542755 
2.021681719016484 75.41350547820916 37.36161868453943 
24.57553546037213 2.0 2.09401013030563 
20.915902254579002 2.0 3.492853308744645 
22.661412881593016 2.0 0.7954559622039712 
2.0 58.28855105544251 17.793794507341218 
2.0 70.13100196714257 27.4821876061064 
9.80811501109278 2.0 1.3276932284829286 
30.038448984439725 2.254851028759356 3.1603042481145414 
22.05616052091777 2.279286645984911 2.487098686565677 
6.812001226536295 2.0 1.7923517563968931 
35.515685623744375 2.009470660789665 0.6990032970313189 
21.334410432704555 2.0 2.1628712670866346 
41.53038905398127 2.007631569047898 2.360923281867351 
14.432959402224348 2.0507027955050066 0.5767922787789509 
12.285205936046431 2.0 2.5384988279946032 
2.7438485048325307 80.49915465061605 116.55227174011338 
23.79131828081628 2.0 1.1988334570009656 
2.0 33.3181912470919 89.82415779952284 
22.126158811354486 2.2026235895294617 1.239215675360926 
23.751693689694218 2.0 3.166356260855994 
22.733324582523288 2.0670760568006292 0.8445028187632388 
41.94910099179614 2.375643366600341 1.0614503135332591 
5.158320629343795 3.0800247793386446 2.163321891269385 
26.190465385762252 2.0 0.07899180539242856 
8.893885096692713 2.0 1.7431504407334346 
49.23915374111418 2.4327729701460825 1.003560818098073 
28.29267944016146 2.981313647769642 0.24564789193231099 
15.811762548145753 2.0 7.166967539182294 
11.940220810972024 2.0 8.30942168177367 
30.747206299216103 2.633472089583205 1.122098694224956 
33.17485481219293 2.0852607186833936 0.6869192318335928 
57.443307443882304 2.0 1.4276713710518436 
18.169688223813715 2.0 3.055321048036907 
35.550193311869435 2.0 0.4847805682068258 
4.417220233057149 2.094583492445921 0.9098887671211826 
20.050842817885734 2.0 2.828738951706428 
30.445488820668583 2.178565290073776 0.9263038070425923 
5.566603733305948 2.1070814547732915 0.5560145957491076 
2.275141257128877 34.63119799203592 23.15191412625029 
7.930585945469896 2.0 0.03127633931553753 
25.12546999575114 2.013714686738983 0.4353201117957912 
36.224947727978744 2.2629516805073893 1.0376891063592395 
25.90637132619412 2.017884276827399 1.3485896784682683 
14.659741864530561 2.067558288055924 1.42699299327486 
31.990583007063666 2.05203994732694 1.480906824020353 
11.856131792194155 2.0694771460611285 4.823218575959822 
41.93421791891868 2.3281699230406105 0.2263240035597467 
8.343672797388038 2.0 0.4791355770290515 
36.33467380295716 2.302181368715107 2.1377252768018016 
33.58888260099527 2.0506495461836507 1.879617599684809 
35.59532549949274 2.0401893933126236 1.6323151318164317 
35.712584621071315 2.2657349296416234 1.8892279404603816 
38.75528970189236 2.9607090378252012 0.9412803622977641 
23.02554112833111 2.0 1.9990466487467407 
3.8268628782589236 2.0448720379834002 0.34832400103765593 
32.66067570551674 2.045794283264256 1.5370322887673922 
39.386038465267625 2.0 2.4041913764745573 
22.48841582374269 2.1765182238873955 5.756220943285269 
8.600555275097719 2.0 3.4147021006559193 
12.1899250965956 2.0677643705146025 5.944722604522276 
35.25470257456766 2.0 1.2401966576314347 
23.75185702341936 2.230285847775881 3.3060113487505065 
43.0035675887173 2.1989086889281784 1.8272743457733778 
21.85709659425487 2.0 1.5077004518122816 
24.001226650589484 2.208150669779719 3.972403534192636 
12.108672918289495 2.142834516182644 4.476676467002299 
39.63965045386358 2.1763200191122305 2.132865515335349 
32.01551980657101 2.427882006012051 0.8952810859087037 
12.434767400969776 2.1298251984444168 5.11949646179287 
19.635985573492235 2.322262909909683 1.1735352962212353 
28.42613501000286 2.1756318788825184 2.6506926294003987 
38.98137164071737 2.179930751342939 2.2925197840508575 
7.497684367725087 2.0 0.12693670755099618 
43.253565620662584 2.394672830293384 0.6364255992342791 
9.041996652583407 2.0 5.076543647845481 
20.32795033033535 2.0 5.442089018555377 
16.81278760244287 2.063938311809311 0.7636884919985605 
45.200873332949406 2.4833557458975815 1.7782411077721787 
31.323941149205996 2.195636918390323 2.988218654221619 
35.746564038164394 2.0 0.5586296799014066 
17.08419261061599 2.043135677844561 7.090066018442754 
18.11318768024623 2.0 1.9211652391820797 
64.34356568459302 2.1108939019452357 0.3253975972704515 
15.074063152234658 2.2622751284914693 2.7261542725003998 
27.49396755490705 2.08758606015751 3.8590763535587476 
2.0 43.74402341338234 127.81744591743661 
43.240551503191185 2.0 1.6458710707296127 
34.54570890683038 2.028818259817214 4.087035791250522 
14.672169190739613 2.0 1.6960639938632849 
12.482417641857394 2.0151847683392425 6.292897678225269 
17.047232101932924 2.3696396205847754 0.9755632409115049 
13.07854398041006 2.046763005269916 3.9598619072650454 
26.187680340309846 2.104237174494268 1.5645368502684724 
