2.0 31.45360164688755 0.0 
49.10640058055954 2.0 256.0 
2.0 3.466557645131495 0.0 
2.0 10.63584859407301 25.68492187516179 
2.0 7.766245741385938 128.0 
2.061812406565585 5.720224256907802 51.84400310264709 
2.0 22.82046923915128 0.0 
2.0 14.754784321143738 80.71952337673002 
2.401041944537367 2.54743796425375 0.19037241298613056 
2.0201367429857755 4.296822315657703 7.1504814625299815 
2.0 9.351888182088832 0.8228591540203274 
2.00850099108552 9.34740436058754 0.7319435852719803 
2.4343549988885296 2.33141030912536 0.9623352857297078 
2.17978449116468 20.926797602753737 17.42140631535426 
2.0 4.037414065058789 1.196014431383901 
2.133008013385867 8.422556281908086 0.30221896770895773 
2.0 12.618070432049318 13.125884350727347 
2.0 3.749034629058818 2.0637611645744047 
3.100953058982963 2.0480889377528153 0.5927135537754438 
2.0 2.0 1.0155494138709875 
2.022274753450789 3.737656919965778 1.8593327463264364 
2.0440319758197862 3.7426158055925267 1.0682717435654792 
2.3345715335326025 4.385141189849092 0.7918221445442306 
2.269139010502381 4.082360529789019 1.2322161892363814 
2.1506628668680543 2.410053540625928 0.424068171530944 
2.0 6.0454589113330925 0.7412509479437922 
2.420555505227151 4.122648698461753 0.590658082410525 
2.0 2.0 1.3414351621636236 
2.031538811413895 4.309060627696782 1.7224571526238592 
2.0 2.0 0.4783652367384045 
2.1789410208713917 4.364860118877938 5.3511024016577124 
2.0 4.079724466578801 1.1185422492859303 
2.063417225680392 9.11455261053371 9.460276679345846 
2.3951304068237698 4.21779640263905 1.2106592545996948 
2.2809927698781 5.815321450893826 7.227187810047331 
2.124709789087556 12.541279164565042 10.587042385552097 
2.4124669707595787 4.2122855501291685 0.6162636528862881 
2.3850703268401485 4.324343247938955 1.6061447403450135 
2.0430222246702776 4.300877668940375 1.5845362877607765 
2.282244858302957 3.762318121740411 1.4265129549543505 
2.4559069114031833 4.636338176545594 0.427112550586786 
2.011790872018422 6.538514222602445 0.48675746977230006 
2.333759416204417 6.075744816246511 1.3564360280549912 
2.2118817966699145 3.934333205974783 1.64317051031494 
2.0 2.634867858535718 4.842033874538275 
2.324406443886493 6.062531021564023 8.627858642512276 
2.0 2.0272411206921372 1.46156189211512 
2.0640459740535086 10.468045988756483 9.461207572457855 
2.0280198390966793 4.401403205952077 1.9644874348356296 
2.034678233466969 3.339766343953482 1.4016682383342256 
2.2423303212512757 4.385577066845869 1.2670837074514085 
2.062983709852047 4.091656443728745 1.5388380069125116 
2.123079974851529 3.5699657329274155 3.4110803178437212 
2.441557343896466 3.8621792530099226 1.9448520992558411 
2.2972425333281032 5.746053643620173 1.2809992048770713 
2.0325935677564515 4.192117800530664 0.989600772668668 
2.0411888674602543 4.2945857103802565 1.653306550360096 
2.1571481834479824 3.42965179060428 3.8410337550124516 
2.0 6.12022519965034 0.859173591163192 
2.173338437704566 3.964203086384901 4.769818387849561 
2.0 3.0208661242970445 6.858855538813243 
2.063437153941557 4.37296510628739 1.4869114422730794 
2.2967837052760283 4.430660071862471 1.0497456756933077 
2.078880594198318 4.1728870306927845 1.5082427624567143 
2.118356595294655 10.979380615049553 9.83146026385706 
2.0934075689401195 2.8256281363866873 2.633221422195308 
2.1128287445681955 2.042866378862078 1.2974680411931931 
2.3182992269273472 3.832436537728426 1.463739766527494 
2.0 5.8930850212406245 0.2533269602350171 
2.2964207567372115 2.5493249279526875 2.828578624317429 
2.2865559477405744 4.037456272452037 2.13844861893364 
2.2546171984526193 3.607724994033088 0.8279883213392327 
2.0034216103037332 2.0 1.1991188022334576 
2.4124281455205443 2.8374839180726315 3.489445904233692 
2.0265036246372836 3.370714976816081 4.275987780705316 
2.0 2.4740926285263636 0.5381884094558629 
2.0 4.117143613191456 0.6590135192312875 
2.147402625382145 5.687862609456822 6.6370105783717 
2.388538916739541 5.685898697831127 1.0494774149657888 
2.081726855869598 15.024461921129207 12.898612786413551 
2.2887616111255085 3.7346386740325466 2.2294884559773633 
2.206476191248649 9.90632036565789 0.19644579276905375 
2.3559545514167892 3.9353760360560694 1.3406120771111418 
2.3428028435190873 4.417851070575973 0.9328818622341213 
2.0 2.0 0.9396888354194524 
2.4070964394057466 4.639419445768236 0.39513879267203594 
2.269460596351243 4.752464883260127 0.15771699801519157 
2.1510910698896275 5.782382372825637 5.767906497834556 
2.134491658330821 4.138437390539312 0.9884102442973359 
2.1253387242428725 2.390385039188277 0.2678283426808627 
2.0 4.0769684941543565 0.6913073670970091 
2.3180367589398276 3.604941759853324 2.681519488436299 
2.1501051402801363 3.5428062103877873 1.0301183843580117 
2.0 2.0 0.11009039862970083 
2.1739307163385595 4.301208321227363 0.5257437976456235 
2.2127438748879253 3.2086982432317077 3.1243266661125304 
2.4546717798575117 4.535185655389214 0.29423654214906025 
2.098387609441268 3.634935672624596 0.643967864035853 
2.018396494299578 2.0 1.5111470176719655 
2.111422875955314 6.00955688259711 4.964988908867092 
