0.008605960000 0.474575000000 0.454902000000 0.454365000000 
0.008891580000 0.453309000000 0.434348000000 0.436329000000 
0.021502500000 0.402430000000 0.383253000000 0.382238000000 
0.498970000000 0.002354100000 0.001713910000 0.001982310000 
0.483701000000 0.005088300000 0.003726600000 0.004075550000 
0.009299760000 0.453567000000 0.434321000000 0.435244000000 
0.205367000000 0.137009000000 0.119678000000 0.121614000000 
0.282845000000 0.087153400000 0.074003300000 0.076489000000 
0.009875770000 0.445855000000 0.426618000000 0.427587000000 
0.265796000000 0.088501500000 0.074716800000 0.076447400000 
0.332420000000 0.065184100000 0.054069900000 0.056055900000 
0.301297000000 0.084606700000 0.071588000000 0.073301800000 
0.009428500000 0.450974000000 0.431791000000 0.432805000000 
0.472785000000 0.007429390000 0.005809910000 0.006363760000 
0.008541580000 0.475952000000 0.456326000000 0.455588000000 
0.030427900000 0.347466000000 0.326566000000 0.325227000000 
0.346967000000 0.050512100000 0.041410600000 0.043254500000 
0.014920200000 0.420222000000 0.401064000000 0.400708000000 
0.430707000000 0.020518500000 0.015951500000 0.017295200000 
0.027527300000 0.353278000000 0.335109000000 0.331205000000 
0.033622700000 0.330009000000 0.310838000000 0.307063000000 
0.387296000000 0.039627400000 0.032057800000 0.034076800000 
0.018076400000 0.412231000000 0.393139000000 0.392823000000 
0.289046000000 0.084934600000 0.071995100000 0.074566100000 
0.340046000000 0.060379900000 0.050355800000 0.052816900000 
0.081019900000 0.245362000000 0.224176000000 0.222186000000 
0.020881700000 0.406223000000 0.387217000000 0.386850000000 
0.016400300000 0.415680000000 0.396574000000 0.396227000000 
0.191110000000 0.138392000000 0.120895000000 0.122550000000 
0.118618000000 0.186790000000 0.166278000000 0.165624000000 
0.441261000000 0.020353600000 0.015369500000 0.015978900000 
0.407808000000 0.025067200000 0.019631500000 0.020143300000 
0.509762000000 0.000533450000 0.000332143000 0.000375391000 
0.102728000000 0.203076000000 0.181922000000 0.180848000000 
0.042231600000 0.308572000000 0.288618000000 0.285235000000 
0.261309000000 0.100336000000 0.085254600000 0.085012900000 
0.358166000000 0.046872100000 0.038660900000 0.040702200000 
0.030218600000 0.350220000000 0.330040000000 0.325023000000 
0.343177000000 0.058904300000 0.048830600000 0.051234700000 
0.448852000000 0.017806000000 0.013440200000 0.014308700000 
0.062688800000 0.271079000000 0.250305000000 0.248059000000 
0.056343100000 0.277016000000 0.256385000000 0.254058000000 
0.399667000000 0.030652100000 0.024596000000 0.026177600000 
0.045060200000 0.296638000000 0.274368000000 0.270527000000 
0.031392100000 0.338368000000 0.317448000000 0.312619000000 
0.010426000000 0.441417000000 0.422373000000 0.423518000000 
0.038391100000 0.315238000000 0.294496000000 0.291206000000 
0.301739000000 0.075119500000 0.063262600000 0.065818700000 
0.073401900000 0.255529000000 0.234458000000 0.232364000000 
0.095109000000 0.227588000000 0.204880000000 0.202236000000 
0.013857400000 0.427072000000 0.407861000000 0.407317000000 
0.155202000000 0.165050000000 0.144223000000 0.143111000000 
0.024444600000 0.364281000000 0.346021000000 0.341700000000 
0.092178800000 0.232867000000 0.211307000000 0.210197000000 
0.066124000000 0.258294000000 0.236170000000 0.233946000000 
0.161246000000 0.147325000000 0.129003000000 0.129284000000 
0.043391700000 0.304315000000 0.283281000000 0.280104000000 
0.055851000000 0.277353000000 0.256750000000 0.254407000000 
0.065052500000 0.264107000000 0.243172000000 0.241025000000 
0.374157000000 0.044445900000 0.035821400000 0.037325200000 
0.096717400000 0.226652000000 0.205159000000 0.204127000000 
0.086421000000 0.236058000000 0.214835000000 0.212945000000 
0.051115000000 0.286613000000 0.266245000000 0.263730000000 
0.036893800000 0.318135000000 0.297363000000 0.293281000000 
0.086402400000 0.241510000000 0.220760000000 0.219553000000 
0.049449000000 0.293399000000 0.271998000000 0.268948000000 
0.361893000000 0.045404300000 0.037052800000 0.038871500000 
0.459583000000 0.013243100000 0.010073300000 0.010714900000 
0.244670000000 0.106902000000 0.089740300000 0.089176500000 
0.021808100000 0.383211000000 0.363972000000 0.359388000000 
0.076138500000 0.248982000000 0.228200000000 0.226828000000 
0.052388200000 0.285289000000 0.265087000000 0.263132000000 
0.011420700000 0.436051000000 0.416804000000 0.417203000000 
0.114357000000 0.203820000000 0.181743000000 0.180072000000 
0.209001000000 0.133088000000 0.114199000000 0.114020000000 
0.467162000000 0.010324700000 0.007771680000 0.008322230000 
0.421654000000 0.024550400000 0.019110300000 0.020457300000 
0.217820000000 0.118679000000 0.102548000000 0.103648000000 
0.220309000000 0.114600000000 0.098428000000 0.099906200000 
0.034878700000 0.323923000000 0.303364000000 0.299230000000 
0.344414000000 0.053672700000 0.044464400000 0.046471000000 
0.012040600000 0.432867000000 0.413639000000 0.413602000000 
0.209507000000 0.122013000000 0.105228000000 0.106578000000 
0.116189000000 0.188893000000 0.168322000000 0.167633000000 
0.225593000000 0.115232000000 0.097316000000 0.096580900000 
0.151258000000 0.164389000000 0.145046000000 0.145067000000 
0.309139000000 0.067972500000 0.056502900000 0.058376600000 
0.027142500000 0.355711000000 0.335483000000 0.330749000000 
0.402422000000 0.028590000000 0.023108600000 0.023398700000 
0.044838900000 0.302008000000 0.280896000000 0.277758000000 
0.123909000000 0.177986000000 0.157937000000 0.157512000000 
0.232806000000 0.110957000000 0.093399100000 0.092729400000 
0.145247000000 0.171890000000 0.152375000000 0.152766000000 
0.392420000000 0.033767400000 0.027177100000 0.028787500000 
0.253601000000 0.104923000000 0.090047700000 0.092429200000 
0.102165000000 0.214576000000 0.193298000000 0.192415000000 
0.063231000000 0.269973000000 0.248169000000 0.245596000000 
0.169514000000 0.140387000000 0.122476000000 0.122865000000 
0.327903000000 0.069080500000 0.056350700000 0.057270100000 
0.121817000000 0.181856000000 0.161575000000 0.161028000000 
