3.481687994638893 21.368106035805795 72.45703228462776 
2.0 17.744904012705035 0.0 
2.0 21.169537622877996 8.772770429926872 
2.0 15.457211713961584 0.09175840765754906 
2.475744429511874 34.522484621528115 0.03320405142269056 
2.0 25.911127062970085 30.11111819523826 
2.0000949548421225 5.580559016685813 1.414432306148031 
2.081171965535349 8.47978739900976 1.0427533359821373 
2.0926607774975685 20.78280150803431 25.704662503659733 
2.0 3.1748685675425596 1.124676827225365 
2.1789874562184752 43.876251027681135 0.8350742092283325 
2.165806896773976 2.0 1.1342572570032214 
2.041565781207328 22.27550693347367 27.872030748681205 
2.679998325386292 36.934698447645644 0.02102954437113208 
3.054784664686 22.446981183393106 0.0 
2.1627638443274386 12.622217067325025 4.393111329522528 
2.2165115526742754 2.5489198923660297 0.8212115738825969 
2.025818580642276 20.61647498745397 13.68295210812785 
2.0 29.54621507605266 0.3937559327353508 
12.78341297976677 2.0 5.310404335648597 
11.061201145191262 2.0 4.4826713004558 
2.0205164862617955 5.9470334226092145 0.658181319621844 
2.195558824471729 16.31689079041795 11.526180787043048 
2.2762876821034745 9.082674840926096 1.0402576338489506 
2.144437605071832 10.691094870199986 0.8361851738712566 
5.535952745574949 2.0 2.756248719528612 
2.0 14.37366134993394 10.042961688753328 
2.2287281229567033 16.90194595665753 12.208684065551882 
2.481190751556829 4.322619417472302 1.475874791164044 
2.739300514738553 2.853267662976279 1.9573986039064455 
9.034549247403342 3.711854242209861 0.38173588458319685 
4.43606276470044 52.18156892528607 0.09766142550409343 
2.779763376874252 2.0 0.02119674424699461 
2.7327486549665236 2.7265874354111137 2.1239736872041317 
11.083717903297401 2.0 3.8048528999073126 
5.968114846794936 3.221811372976196 1.1670430030362775 
2.5193406415677373 2.581917057112469 0.8091537694341122 
9.779585778266503 2.9768528915415278 4.476482328881282 
2.1559180400357043 6.010250486923953 0.842577849746666 
6.182739404951086 4.959262342009334 0.3714063155851386 
6.122142318974194 2.0 3.248025467231615 
6.449887118426175 2.0 3.3942416854537933 
2.0 3.0337455658101016 0.633739707712337 
4.328834599996039 3.122330280997947 3.4568432933512097 
7.141782692629634 2.7906061999636087 4.297963506827761 
2.0 17.60044380046031 22.558724892345516 
6.686160280388192 2.0 4.197910873019882 
2.0178033559190127 4.5897656523718044 0.9768319237217025 
5.674052254113956 2.0 2.930983557038273 
4.321186420570115 3.089996630332095 2.3331274782012805 
2.0 26.858809947417647 15.376663385667854 
3.8600888303152843 2.0 1.7823473283553033 
8.960516776493558 4.25165078420447 5.00365473295747 
3.1992553975948157 2.09549658084172 2.671667023636524 
3.1613692124604658 3.3520625797538783 2.8242374287610637 
3.308720001770402 3.4730496326164673 1.612142412915601 
7.2355463904077295 2.0 3.895355510760366 
5.909985432014589 2.0 3.4094141117812624 
6.09297164493443 2.0 3.1049895103046463 
2.0 57.14738816500477 0.6339916848674151 
2.7533841511905126 2.0 2.5820101307071877 
5.684491287244336 2.161375377305764 2.605366841912881 
6.273127389355775 2.0 3.639619552124376 
6.400483501345561 2.6087161561084447 3.8858404330308796 
5.404722439703454 2.0 2.7214415200807367 
6.972599838182313 2.0 3.6033917081847555 
2.0 3.2282913296269307 0.7775683774699742 
2.219499230475381 69.93626354295611 0.2612081323619849 
4.2788677988429065 2.830551543784794 1.2266201725259833 
6.680386948762817 4.452840687316627 6.1637306610166105 
5.256046164166711 2.026815890832404 2.8474959263719004 
4.967680382540607 2.1688357578091964 3.632116232818378 
2.226667786349688 21.057165770790874 19.949580317777034 
4.019953142538444 2.003005397118121 2.210167992364126 
3.6079508413383534 4.274436446016425 1.3882933458875704 
2.0 60.631110515356966 0.10942438963766143 
2.0 38.78107339950651 0.44732888051779884 
2.6746326314924147 2.0 1.422554065161918 
2.4198111605471735 3.2543424640923497 1.3233303612615706 
6.417989298347733 3.208187708987862 4.041658750890744 
3.256239108263491 3.1074336801058777 0.8616666352400721 
2.0 23.35196736222499 18.037363018511755 
2.394948636713473 3.1800563984992594 1.3901890830475172 
2.9632910196069906 2.8934570191110365 1.9831986698926545 
3.53525728328753 3.1369555977281425 1.2943330390011252 
2.6967407504487495 2.0 1.8430429824088477 
2.0 2.6028067831905584 0.9681608341906154 
10.074258819219963 4.361417010568125 4.418492212145444 
4.86508952608773 49.83817827825013 0.21175827129152802 
6.873597479951531 2.0 3.830642607399077 
2.8998017007399137 2.8169734193719167 1.8702465569690405 
3.5409747541706538 3.0444107846078077 1.2559610599827586 
3.2959424953484446 3.5427364835591675 1.7730527927539503 
2.0 2.9503117110575467 0.6643782276628043 
2.0 8.170975731780883 1.182517119237532 
3.0215794195879786 2.161163463718923 2.4119570468145457 
3.590490210961713 2.0 3.2853324563561532 
3.198521101263709 2.953368785961496 1.5522593563267646 
3.91179378248202 4.647325100698437 0.8739881773694684 
3.4997773342110707 3.3943688193170076 1.9038145024975723 
