2.0 29.947417659138573 60.57472222136083 
2.0 21.093442100474228 0.0 
2.0 7.522118510882109 128.0 
2.0 5.742565886461364 73.11461628965702 
2.0 23.256876404139717 55.378234680121224 
2.0 14.961982416042146 127.68775134535088 
2.1930906551619818 13.21293599017559 9.788466516197076 
2.3798743490558714 11.530639550999968 0.6804012083737487 
2.0 5.371181310209811 1.18157604388312 
2.285652801129638 6.450187515871634 1.269681927992621 
2.1421886442984346 5.589297461735754 6.416956986366536 
2.1664907496897814 5.675758211970338 1.24935325464305 
2.032499476202967 8.525569715022378 0.9023132218224923 
2.0 6.2910856405395075 1.4344156017411005 
2.0 2.0 1.3283486649112213 
2.010915266485275 3.966659219117885 1.898586120223707 
2.0008103151806855 9.195811157033344 13.337877873720988 
2.2901507088385484 7.272011129064692 0.6125043256166037 
2.0135413491514154 4.300635538618546 4.788705470933523 
2.0151671990751137 6.433546752037544 1.3143153439463227 
2.1114979859872935 6.7692985245898205 0.9748591959291873 
2.0212415650344564 5.860937893878427 1.59589756840762 
2.022775895864496 4.004245781046476 1.8506461751502425 
2.0130263766679746 4.328343678359763 4.739665499439121 
2.0219746443930537 5.828662084079774 5.577890199185998 
2.022363214939542 3.9679304585810664 1.8945417230263355 
2.2543923298685438 4.470959829426828 1.1679546277320692 
2.0 2.0 1.2750066134744742 
2.0321248554754305 4.176092327174666 1.7741753107794387 
2.0 2.0 0.7581202398216091 
2.2843238677582773 29.790781978947663 18.864874745380742 
2.0584124431205595 3.4825427039782624 4.869406018263241 
2.0 2.0 1.2889668305418724 
2.0483986333416997 14.8632725573341 9.941518131276002 
2.173404523739101 3.5853467557061287 5.870136106030239 
2.2358268337602127 4.1498903607005175 1.4248635198162467 
2.0238402332665983 4.347503088923311 2.010207688960661 
2.046578526646664 5.96682450005636 1.1051767682686173 
2.1044763791201277 2.0 0.5836142224204692 
2.2129158941745097 8.685961612357447 0.8057166602255614 
2.0346928275392115 3.880782553404034 0.5519988411447534 
2.17293000968567 3.6756699287263506 2.0874931447823055 
2.3665825459686287 4.0846552163615915 1.1069587907351908 
2.1076714103370033 4.96524834745619 0.6610313596888382 
2.0 6.078252973491108 4.6687983919895935 
2.062218403514269 4.442960774299127 2.129618596476905 
2.1053823074188696 2.7448435688619632 2.9083605654503994 
2.3366949238959616 6.208307360297766 1.3465241352589827 
2.126887506652685 2.4982867786003937 1.2338563205194073 
2.4860683668638193 3.552900528250916 0.2492136583997988 
2.4292303216722755 3.5369275780231395 1.0370385784414187 
2.2748835245587817 2.8634417240325067 3.482989096403853 
2.1593233797489986 3.0955008202886374 3.115412679745208 
2.4621096086330096 2.405483149757963 0.9199529421840797 
2.096463928721943 4.249714218158115 1.704863324529487 
2.1511138656335387 2.4931645423825355 0.6438835845293622 
2.394580526537132 3.516893967579069 1.014737846444588 
2.2590224010961917 6.158353545803595 0.47772047613624236 
2.2452690834168045 5.710903315639925 0.8715206550228594 
2.0 3.543363577644656 6.162053771747468 
2.4125502227605193 4.094144992134414 1.0957821438502453 
2.0 2.9932252037437235 3.2913827265886564 
2.2605036479277234 4.252306806626294 2.3707572699167496 
2.090251404270057 2.808814202198925 4.151343616170782 
2.1483660712748804 9.367339520819737 10.653756190967101 
2.0 2.0 0.4371872576657805 
2.048771255468991 6.027539600383928 1.4765691101850607 
2.047238772546664 2.1666214921451807 0.182169165235292 
2.233015438723709 3.612290684015194 2.1564042063504827 
2.453589311475299 5.682145200050893 7.334507457299599 
2.0 5.55782076933575 1.4019042935239892 
2.0078911011373566 2.1009081958054985 1.3718866069044875 
2.1309195737940057 3.6538049976166374 0.3517945303492743 
2.112665632049244 2.9885915517216612 6.9375363372256285 
2.0 4.216095093555848 0.8075542930342188 
2.088219848963464 8.87318066113614 1.4831677215832544 
2.0 4.3082831311285315 0.7534632978557205 
2.3102129325469187 12.521905008422257 13.434465242502117 
2.3166061560505407 4.44210821000648 1.3851469860336958 
2.249564048290094 4.4443488337518815 2.0218820371911015 
2.119630262580377 3.5467286774305693 0.3338486392559169 
2.035074407529709 9.329324567967312 0.8730245405423918 
2.848825475674939 2.0 0.22432136323155483 
2.0 4.1921175763885135 1.5044722285996617 
2.0329863153740644 4.248112156644412 1.8191103503376862 
2.627079927392321 2.0 0.482030084196167 
2.0574515036583505 2.0 0.3372325049701122 
2.09100468751656 2.305200387900506 0.11898656384293704 
2.0 4.282431870244667 2.2235910676133956 
2.3083876120144313 11.498106303568543 10.581771110465692 
2.1077246139371306 2.414276163328917 0.45333577052667307 
2.0 5.723725898170169 0.4140023010828686 
2.389499825371837 2.050071921992182 0.33178453859289025 
2.0 5.868646057361584 8.376391053186813 
2.4984367428504544 2.0 0.7004799180804939 
2.578304865009665 3.363431314238886 0.11047133107927642 
2.023751513831987 3.67707376987907 1.5960180096690486 
2.061948800017391 12.014979749973692 0.9302531558962597 
2.0 3.243078127244205 3.7764585968881597 
2.0 4.362714418320762 0.17634730044598568 
