33.41838987978132 3.715058811037328 15.03478987325217 
4.863793485189584 2.0 2.2807947945613503 
4.846306886626687 2.333273564886824 3.205582211472774 
75.35613138227734 2.203792555326622 5.479190188259184 
15.783470536214352 2.834654027096628 0.43267817844490675 
4.59583496376647 2.1708891116553497 2.5108041846990297 
60.52339316972328 2.2803433346211737 4.832703637348957 
5.359585115153697 2.0128453354095908 2.213434391066448 
22.75742214011583 2.27389817566535 5.444681935020293 
9.162745131495086 2.2251168480233763 4.6962344421759745 
3.784610408275009 2.144103706442595 1.5428343735522638 
7.243353387581002 3.110244480619353 1.1215342828240837 
6.646847651638964 2.8650000228788928 0.8052460789119007 
4.697042210346235 2.0 3.0645780078177585 
5.326594081859641 2.0 2.1013705560972933 
5.371910419446031 2.1068796187523464 2.670902954537052 
2.0 2.0 1.1201267793530532 
84.30281604187323 2.0 3.735048363511071 
2.0 2.0 0.8724844611325058 
4.237154942329958 2.658898004310003 1.5938376890152837 
16.13940990936987 2.3070606095460096 0.15204941815215334 
2.0 2.0 0.7700143648767406 
3.755145630198938 2.259305456918301 1.941370213387403 
4.783686333041935 2.0481832113933036 3.3747492783923825 
4.868033288074374 2.19217628716262 3.0490711466945033 
4.072191556106906 2.0711093835147016 1.9137129884633075 
2.9411018456112017 2.121715949986537 1.2085914784701142 
3.975037454727416 2.047922196765553 1.8693720383559735 
7.489574017072122 2.0798523269084557 4.184149692866499 
2.0 2.147186479615108 0.004767005358282006 
15.223685836471445 2.522495712384049 0.3307913398913333 
9.935242715845375 4.133514546406435 10.871631765793461 
12.48969672640431 2.139483946078633 5.240531142021895 
5.2299882180077315 4.279964493530398 0.06997503620411516 
8.710942815200095 2.0 0.8777354967770665 
8.639021665692814 2.019856136116247 4.4895308812149315 
13.888800191179685 3.8339619780420633 0.4568398063337811 
60.706368829091396 3.658861906334921 10.420723360279512 
4.9087832482355465 2.220132805009568 3.6260312428030588 
11.995695307826292 2.0 4.847648077123914 
4.2876558089921035 2.2314885994943485 1.2746742257706936 
9.066186150894671 2.0 0.37343244269058573 
62.01913513900894 2.421475384551723 5.876998616050846 
4.760486533856056 2.1356575745602715 3.541055316848001 
2.0 3.424476730345951 1.1660877041920297 
5.104911887553012 2.017651238534926 2.340098601464928 
16.783022737533592 2.8335960877563355 0.4129573667181613 
5.008375228661103 2.247636064049046 4.245583866361726 
4.439763286341233 2.0942742720158214 1.3068310799613827 
7.389774992572998 3.0831076130363946 1.0542224851867028 
4.084639865057624 2.077604722299155 1.8391865784662769 
5.005085799057658 2.282126192536741 2.1454947415950234 
5.341267484527339 2.173579397240812 2.4421444663806984 
4.200468479859133 2.2002787054515363 1.4744541116208898 
2.0 2.3558760483784096 1.309702814919128 
65.38033282331526 3.9827030302505797 10.899356039717041 
4.352999505739876 2.0419872942615385 1.4425799503480796 
7.209467232163409 2.875309007243002 0.843916336011632 
5.118320096803643 2.121069741221467 1.9594270964586464 
2.0 2.7074582664487115 0.789951761158159 
64.86173581973281 2.152510629268703 4.907641171901898 
2.0 2.0 1.1700705865084853 
7.4475590495182775 2.271213380349818 0.30321725173453906 
2.0 2.0 0.7199636805365731 
5.3470493769932 2.0988354687405635 1.554808122872657 
5.476214437963853 2.122389604046097 2.171692944352609 
4.805417036170086 2.4465303556257827 4.31169604634729 
4.2698961906791535 2.1811404769995235 2.08868138006678 
72.42988426586757 2.438971483310153 6.0976010583071325 
11.592403860273729 3.8493838200347223 13.709950450366538 
5.248252708796204 2.0 2.6854608594550213 
2.0 3.1771589382194474 1.3735276141780457 
4.816214991120345 2.2096102503406656 1.353945555580627 
3.9405636495700955 2.81384967904588 1.6418656463928918 
95.29862174378084 2.435908530253478 5.125495378418057 
5.325384528775295 2.0 2.4953691872250636 
5.627683743579947 2.2556249293126225 4.573360331529788 
47.21062118666849 3.878794129076447 11.957319287101233 
4.805694722752534 2.37822504171271 3.2582133944144966 
58.10217576389974 2.475379062738039 5.368748392363475 
4.113689829948273 2.091352963827849 1.6110620512003209 
2.0 4.402460498809506 0.25494187719911743 
13.296851849299511 2.170892600821488 0.47215533618358657 
4.702997939029822 2.0 3.844260218771484 
3.9975317042195555 2.2206786340260134 1.7721499252122888 
4.91695318048272 2.0 0.6405225555716214 
11.552125754643047 3.636825805259163 12.070774900741316 
4.811778852827434 2.2406000153944854 3.9337873273212782 
2.0 2.0 1.0534386185856286 
73.93466800763869 2.3718862985575373 4.546966647836474 
5.485965054440155 2.272468428319544 2.382386535302508 
4.283274196696675 2.2460319234808472 2.046168259195354 
9.228783579440762 2.0 4.43627013945241 
2.0 2.0 0.9073182191395591 
54.818795678221 3.787977597208283 9.469524561616728 
3.9958291960412042 2.230344747602697 1.661625841775475 
10.105048379912482 4.1170634159878725 12.016340043250834 
8.965352091775706 2.277366095658241 5.052195511534119 
2.0 3.4837645300034397 1.0245129588525026 
4.639887311288106 2.2193499447493292 2.8086637698935513 
