2.0 36.10401405115683 141.7318387233763 
10.145977722062398 2.0 110.23744611630053 
2.0 35.13689674139518 128.0 
3.0247637824243796 45.82024719033524 147.25821650595762 
13.289376424295028 2.0 6.0864516103001485 
30.21219870421831 2.5415649298070635 13.066919386708292 
8.916345798939826 2.0291945059920202 2.6761353390056493 
39.793401733096076 3.153353809066741 16.813210067582336 
6.097988105665327 2.2430911674288794 0.9957266446613844 
19.565026997543413 2.0 0.0 
3.044546985723297 2.17686853856935 0.30672811679263207 
8.485363899489585 2.0070819621233578 3.0916968964564977 
6.53660029239699 2.450391048905131 1.6453899797409854 
3.424410190293877 37.53361402568569 162.97836412161516 
3.1531965066661694 2.4909520406997263 0.9039368910085779 
7.3972203438523 2.130424834779256 2.783822112529444 
20.291775233180402 3.1331018746292414 17.045843259009345 
8.394008344740735 2.0415971064002143 3.3664198989305127 
11.504729213743726 2.985026907361093 16.86782412610175 
8.419489474961429 2.0380742541600556 2.997403844050795 
7.224136329594652 2.152839836013131 1.6902507471653836 
3.391209957361081 2.0295329839031235 0.5989744611008121 
8.24850921497088 2.4348682816708127 1.5276574987912046 
2.0 2.2545695766242253 0.7605672229180094 
5.957387691546521 2.0 1.6108420462196142 
6.073264677096605 2.2052723807910586 1.1293790193993223 
2.0 2.0 0.5965638642579816 
8.270100141199258 2.046130076110789 3.350764227179676 
10.07514791210203 2.2103209021765498 2.5335812977377197 
6.686542456162699 2.0 1.8558310760683947 
7.871562063078137 2.0079761858064606 1.2630570553585585 
19.027495126506928 2.5771264993434486 12.954842611516838 
10.439186675470527 2.8405487286888182 12.05796216908897 
8.408952038799487 2.0309813810179054 1.7992681462369529 
7.369077187226921 2.0879098142203794 1.2979440825225854 
3.7205780312269687 2.11367704810594 2.1005197751015623 
5.8140069883644285 2.223501959041234 2.199245435150768 
7.650420463430272 2.084729135225868 1.3670395338405075 
8.470519302031397 2.128817500766521 2.011274616325709 
4.53054970382648 3.4691850460303537 0.6343979457112876 
28.517083464619642 2.4499650192677973 6.518219611580562 
7.600456871146967 2.138614637513569 3.5630972796056657 
2.0 2.547114003969547 0.4916812502039399 
7.48455036812019 2.2740715559773816 1.2012745900219344 
3.15704057128385 2.057444649316185 0.805407861441001 
7.202913258202195 2.290122364650772 1.1561773938848339 
7.6967296509259215 2.076952420643482 1.3144193468725265 
7.024544290418202 2.361484476172532 2.463844081215466 
12.01017797805 2.218192450956579 5.646949055969096 
2.2122811734570154 2.0 0.8649032673581543 
4.617970731068435 2.178137343269725 0.9123188308543133 
7.704271295950631 2.0 5.067084089150059 
3.205934217216525 3.332960708518219 0.38923745144570465 
2.0 2.0 0.2896753424173042 
7.570783298213038 2.445204786890109 3.1511203054585804 
8.453267790430655 2.0126836670895414 1.5472830450929065 
9.891891853662589 3.228163150968072 13.235888614710841 
66.641848714548 3.288567768626643 19.34504470307638 
40.20024276065393 3.2105578029808814 19.919011906286087 
7.231462938325554 2.1732904756142557 2.2050598325152038 
2.8842941070240977 2.6405603446821444 0.2701762216828768 
5.562271443041113 2.3833795568233573 1.5165496149845497 
6.788579926541333 2.2375449779242644 1.9075613599092378 
9.869240727753494 2.3857229082915827 3.6111534344488345 
8.171502623372207 2.0 4.184377286881697 
3.7056755055205564 2.00322859395149 0.7251078602803603 
8.334340705347746 2.010620323582743 1.0798409184389053 
2.0 2.0906866397976196 0.502489060103342 
3.267554586959111 2.207721884333518 1.1469579028350698 
8.234544448622145 2.0 5.54062356314094 
2.0 2.0 0.08168179460461977 
3.3810010397891497 2.0550004702671556 0.9999785558046845 
3.4812229256432046 2.0 0.6305467662483553 
6.3305907541017845 2.1874446964578462 0.7445655537319875 
6.612225516192388 2.1340078596567986 1.4406731854586068 
7.568050597192961 2.097066015021568 1.9583571633333356 
6.7720426012916635 2.355515372830296 1.5954289621071807 
8.318445256083226 2.2978495304968174 3.988881136837267 
8.190083999666438 2.3087302255785405 2.8489195937227105 
2.398751905462717 2.0 0.4546014075185601 
3.228096018507343 2.0691941616268363 1.0906932240891332 
7.868907351166915 2.047755797234599 5.3601365061290425 
6.218409091083117 2.121827419315298 1.2378683177789298 
6.315658247427491 2.4950551097402873 1.8278010354218572 
7.708038033187945 2.1043594157951913 2.3949771739666574 
7.986609021455841 3.105669538766463 15.610492098374639 
11.727939127947725 2.997126048329559 16.99446733625453 
7.390166136161315 2.147209625072614 1.398563986488666 
7.351898076365113 2.1575281140855087 1.7223594952487922 
2.7539407326153484 2.131672210253738 0.8542737861623441 
7.062692407676407 2.159924687974028 2.5254664499385457 
5.318799017525312 2.064405725616432 0.6374152698899591 
4.25319556099402 2.0958500911546625 2.391630386894464 
11.264533512541272 2.5677850152891675 12.548540655615644 
8.389479714264002 2.041695685107126 4.9576099951581565 
7.838081922845824 2.147248365957399 2.26533859605133 
6.835501552004441 2.2154023755529098 0.11612299284225536 
31.686112405216676 2.675527815940362 15.754625362024822 
4.825131092887773 2.359089648114744 1.2079849835942476 
8.290654311073308 2.3485704178891504 2.898857334299855 
