57.54348285647207 2.0616638033121806 5.661339770624404 
71.6547609950902 2.0 5.364546269113174 
38.075650428522806 2.456998186617654 0.3799379677215749 
81.43986759076975 2.3471046386437466 3.4018881498889986 
39.66280466464552 4.080413288265203 14.749811953998393 
43.89356486695256 3.6743097841017542 12.972405654297216 
30.270418053249504 3.1331455428806803 0.42268147535680667 
4.513196727580386 2.022857754647856 4.437175141273346 
69.76046140788901 4.25539293259623 14.263934406538112 
6.917434006476426 2.116492674568393 0.23218419966242637 
82.63036268266615 2.1435918794433606 0.4351977875202675 
93.80351290149372 2.454907145498072 3.714448279588014 
2.0 2.0 0.9060560881029758 
2.0 2.6746240371937704 1.3846570264051927 
2.756018458223598 2.745873710415796 1.907085342814537 
2.0 2.0 0.8642293418453527 
2.0 2.874213965893714 1.0621892646719497 
5.441886031824926 2.391622252026046 2.3638780567553095 
56.090069853475555 2.4237469437709662 5.188588440857214 
2.7739505910917286 2.6166301699981145 2.1274648921562136 
12.28767430220486 2.048253440038807 4.5371938547965645 
61.267446011362146 3.5267813601056517 9.377144863898536 
3.7370499462632125 2.0909995828530996 1.275736540068332 
2.0 4.071922991403886 1.0349953324790726 
60.823093582755796 2.2840917488092116 4.518188937915917 
19.24048380837649 2.0062251535274545 0.2541748106500987 
2.0 3.7857632356127544 1.066524358991404 
55.02663070074322 3.5769696030052223 10.817353463729502 
15.370148759084332 2.0 0.5084897737227612 
104.82532514910126 2.0 3.3503128611578434 
10.902654479298189 2.004275232786289 0.564448769234132 
5.461562072944261 2.0 3.071297545370704 
2.916503832613458 2.8323193865627285 1.9453298185211763 
9.44846011990502 3.5035069440213737 0.194721871894024 
14.496665106051424 2.0996711817145424 0.3857667423539275 
16.538146605983293 3.7045627159264116 9.915202461090782 
8.089661883986983 2.50419032683521 0.0 
68.49319507818296 2.303255559161653 4.748984818192287 
5.159730820768733 2.0 3.6406174629440216 
2.0 3.1060861605281778 1.904104663314336 
2.0 2.0 1.237397428795357 
4.3392675785454475 2.4900326139651314 1.7807383681303 
2.0 2.760221055243102 1.0199613714171696 
2.4505206439230185 2.4043003086865378 0.7537218619701849 
66.30728647099714 2.2289925420649492 6.024894864192545 
2.0 2.0 0.01613675770528511 
57.89613656845948 2.1524692340577127 5.89262276130884 
2.0 2.968907498010727 1.3629826228788011 
9.781343276166231 2.0 0.3399672445768347 
20.31697871162789 3.8849706317861643 9.335995354691907 
2.0 3.3400516672199 1.5070271166919533 
2.0 2.7567228760248432 0.9593734518244098 
15.628812632496537 2.1749341829810125 0.06797917865875473 
41.235561111615034 3.623808437861876 12.6445653967476 
69.07712021992415 2.447285192028506 4.816628815714028 
2.0 2.887349455672471 1.431203043018459 
15.662190440380556 3.8237825057062445 10.350554441153061 
61.59253866102202 2.0 5.090895076197322 
2.0 2.7391886496867133 1.5323206364533508 
61.36825977517457 3.6543456492782984 9.933434629919184 
5.441907159127926 2.0 3.375543629868361 
29.84872768503629 2.2326771199458175 4.327893610695034 
4.0594159796399 2.0 1.8867162291669297 
5.311523874195032 2.210357943226875 1.6249611116253002 
5.660944151593942 2.1016793730084657 4.631187038396814 
7.438266555411431 2.1500505585547414 2.608935588670393 
4.641948455364686 2.0 4.491674107710986 
5.053854375211745 2.4634986013047135 3.181951578551574 
3.6095467168143656 2.101738898534414 1.4493245386325917 
8.154962142305358 2.792185192935046 1.5768722245015625 
2.0 2.922292502130314 1.2410423746931831 
4.476878876218723 2.2118368801583603 1.317468765242901 
6.772560716537471 2.390287678835545 4.71953427468524 
3.1834764949960745 3.1186454214949206 1.7904000582903492 
8.696199726675136 2.4735411592773398 4.303249442443362 
5.414074380901809 2.096623461064038 1.6643181183940094 
2.0 2.897500991644893 1.1567395747129203 
7.12028808737799 2.277785848101888 0.8475192011544526 
2.3219470199898686 3.154098361614677 1.3326496277486932 
7.446504303138459 3.7353541276755506 0.0920400820563303 
57.34806788992226 2.2107332110241065 4.368560009448762 
3.9846778135410115 3.3976828030091735 1.909276232507532 
2.0586156269186286 2.7673718795399775 0.8744115807733555 
2.0 2.0 1.073658275391344 
26.999578384562874 3.7821081984460414 10.01539671938415 
4.927851917701766 2.0 2.4998404488244006 
5.381768275475369 2.0262135649740625 2.604117023079787 
2.0 2.813588708122772 0.7875633193278762 
5.012018381045219 2.3437986427524415 2.23401445294826 
5.266630675569081 2.230550864372629 2.2451614964788975 
4.045176022519961 2.0787183496216284 2.8544320487145667 
94.94169908654543 2.098226991039515 4.272351328000054 
85.49619931584641 2.0 4.181592957813459 
15.141645193098256 2.124463569738401 0.4931144436698656 
4.344959857332496 2.357477925211713 2.3850453935227525 
4.704156632481086 2.021087736518198 1.6851140474774309 
6.562670820213988 2.5355478482447715 1.1048116379109107 
3.961616521179405 2.8958632165436584 1.9953232826537226 
4.882832907175624 2.1816749590232822 2.8833466278756488 
