0.088221100000 0.297712000000 0.249814000000 0.250824000000 
0.053236500000 0.360492000000 0.314164000000 0.315981000000 
0.024188500000 0.482936000000 0.455937000000 0.468925000000 
0.050450300000 0.364641000000 0.318614000000 0.320482000000 
0.069447000000 0.330080000000 0.282779000000 0.285184000000 
0.039115900000 0.455391000000 0.427401000000 0.448022000000 
0.059049600000 0.351381000000 0.304520000000 0.306381000000 
0.075466200000 0.324205000000 0.276710000000 0.279074000000 
0.076541900000 0.312784000000 0.264847000000 0.266742000000 
0.043563800000 0.379146000000 0.334269000000 0.336492000000 
0.044889500000 0.374699000000 0.329469000000 0.331930000000 
0.042187700000 0.382247000000 0.337651000000 0.339905000000 
0.042034100000 0.397555000000 0.354435000000 0.357083000000 
0.030415100000 0.470488000000 0.441883000000 0.455510000000 
0.048381300000 0.368654000000 0.322905000000 0.324845000000 
0.222817000000 0.151270000000 0.117577000000 0.121360000000 
0.033021900000 0.466822000000 0.437818000000 0.451306000000 
0.314453000000 0.099237900000 0.072812700000 0.076343400000 
0.061524400000 0.346207000000 0.299124000000 0.301142000000 
0.320961000000 0.091085500000 0.066112000000 0.069610800000 
0.437964000000 0.037251400000 0.024682600000 0.027081100000 
0.291020000000 0.113046000000 0.084383300000 0.088220700000 
0.122353000000 0.217625000000 0.178891000000 0.185351000000 
0.415424000000 0.048907200000 0.033232400000 0.036057900000 
0.028209200000 0.475072000000 0.447122000000 0.460489000000 
0.457389000000 0.028180000000 0.018593200000 0.020782700000 
0.450862000000 0.033820400000 0.022187800000 0.024430700000 
0.091625700000 0.257979000000 0.217880000000 0.226562000000 
0.025516500000 0.479174000000 0.451796000000 0.464974000000 
0.063172300000 0.333251000000 0.288091000000 0.295489000000 
0.156760000000 0.193519000000 0.157271000000 0.164202000000 
0.022509100000 0.486364000000 0.460278000000 0.472524000000 
0.201725000000 0.154447000000 0.121601000000 0.126897000000 
0.429708000000 0.038200100000 0.026341000000 0.028352200000 
0.251384000000 0.129333000000 0.098465400000 0.102748000000 
0.407887000000 0.052547800000 0.035695600000 0.037757100000 
0.354898000000 0.077763800000 0.055435200000 0.058608600000 
0.206742000000 0.151646000000 0.119084000000 0.124333000000 
0.106929000000 0.237640000000 0.198087000000 0.205747000000 
0.545945000000 0.001972680000 0.001255970000 0.001747640000 
0.066364800000 0.336638000000 0.288591000000 0.289994000000 
0.378211000000 0.065127900000 0.045487700000 0.048537700000 
0.390077000000 0.055194000000 0.037915000000 0.040806600000 
0.224706000000 0.146133000000 0.113920000000 0.118488000000 
0.516396000000 0.009609710000 0.006140550000 0.007475270000 
0.036701700000 0.462201000000 0.433249000000 0.446379000000 
0.417702000000 0.043748300000 0.029449200000 0.031353900000 
0.145003000000 0.209077000000 0.168181000000 0.176503000000 
0.300252000000 0.108145000000 0.079259700000 0.081857700000 
0.151477000000 0.209949000000 0.168422000000 0.172500000000 
0.108666000000 0.236093000000 0.196542000000 0.204101000000 
0.080181600000 0.307454000000 0.262080000000 0.269332000000 
0.069726500000 0.319926000000 0.274850000000 0.282178000000 
0.113850000000 0.226238000000 0.187057000000 0.193952000000 
0.315220000000 0.092749900000 0.067529200000 0.071051600000 
0.235087000000 0.137669000000 0.105430000000 0.108956000000 
0.186012000000 0.161333000000 0.127867000000 0.133427000000 
0.113401000000 0.228396000000 0.189127000000 0.196318000000 
0.055790900000 0.356126000000 0.309636000000 0.312321000000 
0.081426600000 0.283318000000 0.243283000000 0.252651000000 
0.364510000000 0.076529200000 0.053549500000 0.055272500000 
0.330873000000 0.085506100000 0.061635500000 0.065020300000 
0.494863000000 0.015299400000 0.009733880000 0.011238500000 
0.425142000000 0.042546300000 0.028663900000 0.031136400000 
0.512208000000 0.011498200000 0.007399520000 0.008794840000 
0.023488500000 0.486507000000 0.459119000000 0.471315000000 
0.528686000000 0.007148550000 0.004451140000 0.005637490000 
0.097654800000 0.246194000000 0.206354000000 0.214474000000 
0.133801000000 0.210114000000 0.171818000000 0.177863000000 
0.282684000000 0.115934000000 0.086774300000 0.090281100000 
0.373279000000 0.066430500000 0.046489900000 0.049536300000 
0.382216000000 0.060113500000 0.041649200000 0.044640300000 
0.244043000000 0.133043000000 0.101743000000 0.106125000000 
0.041313600000 0.448421000000 0.421424000000 0.442315000000 
0.155923000000 0.205870000000 0.165263000000 0.173354000000 
0.402340000000 0.055709400000 0.037985100000 0.039880000000 
0.485598000000 0.019084600000 0.012322400000 0.014089300000 
0.260949000000 0.123333000000 0.093255700000 0.097335800000 
0.072768700000 0.309793000000 0.270591000000 0.280093000000 
0.470747000000 0.025084700000 0.016319100000 0.018195700000 
0.476449000000 0.022138700000 0.014303200000 0.016152000000 
0.233763000000 0.142067000000 0.109548000000 0.114237000000 
0.362165000000 0.076401100000 0.054036800000 0.056650400000 
0.081307900000 0.288642000000 0.248689000000 0.258109000000 
0.327228000000 0.087856500000 0.062366600000 0.064187000000 
0.291287000000 0.109844000000 0.080232300000 0.084125200000 
0.096464600000 0.252519000000 0.212467000000 0.220886000000 
0.534564000000 0.004880860000 0.003146170000 0.004202580000 
0.041805700000 0.446190000000 0.418921000000 0.440058000000 
0.167659000000 0.177093000000 0.140861000000 0.145233000000 
0.354238000000 0.079534100000 0.056821300000 0.059987500000 
0.339074000000 0.081572800000 0.057256000000 0.058815800000 
0.231758000000 0.148438000000 0.112663000000 0.114926000000 
0.045587500000 0.371936000000 0.326518000000 0.328976000000 
0.242834000000 0.133872000000 0.102461000000 0.106900000000 
0.268522000000 0.117354000000 0.086859800000 0.089490400000 
0.028478100000 0.472851000000 0.444759000000 0.458029000000 
0.303064000000 0.100369000000 0.073743500000 0.077075700000 
0.209824000000 0.148955000000 0.116716000000 0.121834000000 
0.067034200000 0.335607000000 0.288360000000 0.290708000000 
