119.42764496519015 2.198390760399267 3.3762801978739776 
69.21782911771501 2.0 5.059877273714331 
74.36002922472755 4.41406772130124 11.474667111818183 
66.20981771097476 2.0782728422662244 5.219032475729851 
72.45240748066024 2.0 3.991456461254932 
9.984270357722735 2.671613740994411 14.22597705530435 
73.8219302759711 2.473275672112196 4.75928894685908 
69.68493132111885 2.0 3.849843553186852 
94.76010978433055 2.017367114994146 3.718976472771164 
66.6598232264116 2.402731459746716 5.970531251894005 
58.20353887095207 2.0 5.798311658657573 
65.87775683785894 2.4224127784105813 6.091614206251636 
67.52326010148455 2.499114447621567 6.979608720573644 
64.67112654879548 3.8261146703542437 9.354516810114145 
71.90029681054948 2.4166393884559985 5.416856235227946 
7.711762900666862 2.0241254000658278 1.7686444488265518 
61.54273981342557 3.598478263063422 9.103546877325751 
2.0 2.0102082855482193 1.4065890451608256 
73.71726788126153 2.0638356596792997 4.52922097005233 
2.0 2.0 1.3080069931052303 
2.0 2.0198143919246547 0.6971599994092549 
2.0 2.0 1.5552327172443907 
4.676584491931962 2.143133479201276 2.718244384799292 
2.0 2.0 0.8364671706062962 
65.14175919758348 3.7619362334806046 9.9776156710153 
10.779009716131782 2.0 0.47474455945881067 
2.0 2.0 0.6487225216521191 
4.97626209356606 2.1305514816444635 3.4778809413186806 
67.17719208390449 4.1636219681971 10.7441111927537 
12.051707881068586 2.0 4.920347092050571 
4.42239048487167 2.1813471398407165 2.4227327891944537 
40.085886911979856 4.0055958997102525 14.056222258698227 
3.829318929806888 2.0 1.9432753539208627 
87.98659093919149 2.0 0.5415262527415721 
2.0 2.1745339570121294 1.729458442354558 
23.282702350885696 2.0 0.6476143543935267 
2.0 2.1462443314383095 1.1717201911764317 
4.277054060022609 2.231483798237571 1.9139926794328468 
5.398109753265693 2.135919894665984 3.058522683734992 
2.0 2.103469184291945 0.04581601679002345 
77.24537508187119 2.0 4.222604932863899 
2.0 2.1787302071009487 1.023284197704554 
2.0 2.1620528672522052 0.9108661140848029 
6.230382623236045 2.3234130546929395 1.7867306565781798 
15.523067357107369 2.0 0.19608627141647617 
21.88383286765016 4.347904621210689 10.121729850227725 
37.28505841594806 2.1148095514975775 0.5935940498901338 
2.7979253171544087 2.3838801316257223 2.6816997063685353 
9.028648993140505 2.087134620202058 1.2549618719074065 
10.287714799194848 2.310610694662431 2.3506310696574317 
4.949708437529189 2.009629182126725 3.025324554521854 
9.269044523184546 2.4448046297503305 4.07034051491533 
8.533193388448627 2.218260856083928 4.488394267344735 
4.759538005098797 2.0091776664300753 2.8561620728147012 
2.0 2.0144180048502736 1.3301848230853077 
5.042073797730154 2.0 1.6958806392700143 
3.649047686431028 2.379719306147273 2.0268078996140857 
4.990366440026249 2.1552607249541857 2.8972295906684695 
58.287979961861865 2.2875077069461276 4.883056306679601 
4.668630485120679 2.0136058525874314 4.189751627171823 
29.395862860749368 2.0 0.9097563155775623 
2.0 2.4122592709659174 1.247660425786548 
8.132032075489587 2.2680787699403475 0.30515124534741456 
9.320115103459562 2.000550517644422 0.6322179591459377 
15.658113617014543 2.0 0.2112403204590103 
64.43830356496917 3.7103434515861853 11.788686639441975 
6.072073594104696 2.0 0.16070131634940488 
4.606620822527491 2.1110018995179347 3.22545589803509 
5.170771371678153 2.0252335494851583 2.6115865636962514 
5.214505521631667 2.0146691641663126 1.4711454902156023 
2.0 2.384350254025236 1.0369597967231616 
2.0 2.203591955182512 0.9718215437915738 
2.0 2.169211466246542 1.777299744974786 
7.261872627045937 3.171955217162444 14.231917586875875 
2.783078920968567 2.2037488103086638 2.64387737179484 
24.88145818800298 2.391418528330877 0.7323544139545208 
9.754687875219444 2.0 0.3537903164055525 
2.0 2.0 1.6692175110890997 
5.249104270223973 2.2993329786882715 5.212671124145716 
16.82331439234818 2.0 0.4128020907562891 
11.518627262552915 2.0 0.391636306481635 
2.0 2.0 1.879634161424161 
10.09809962169709 2.0375849820483714 0.9558265434739677 
5.0740287636761625 2.2142754392578334 4.370198733522075 
2.0 2.605557283019584 1.1799098292012493 
2.9482939571078792 2.2501652503418685 1.4929159173048778 
4.79502328943296 2.0 3.348790968642293 
15.414441317597472 2.0 0.08171703351458182 
6.920676207921141 3.0595205929374503 13.239836326411346 
5.036404309935129 2.038926957053956 2.1591847411266936 
2.0 2.0 1.191007419093902 
2.0 2.7816840375289886 1.120105704942344 
11.5 2.0226093066906605 1.6376158220290677 
61.60684627751158 2.082796244791792 5.563385404900927 
2.0 2.0 1.7839540868287909 
2.0 2.9961422517740712 1.4792831930567565 
60.119565646537 4.054762212975229 10.031604221911955 
4.96825941931249 2.4572375347176063 1.3152772583221766 
3.8310023085658953 2.0 1.883091057902817 
72.03594727284127 2.0 4.208353594639016 
