2.0 5.799573533812743 256.0 
2.0 21.308343702765328 0.0 
46.90385302904507 2.0 158.1900386796617 
2.0 15.040568064887538 0.0 
46.74504653373249 2.0 16.22404250391658 
2.0 22.89908220328472 256.0 
2.0 2.607714057758722 128.0 
2.0 8.442458304571801 128.0 
2.0 13.230641926290346 237.89473880786642 
2.0 8.979930356307964 114.19593500748601 
2.0 4.347887212727082 5.557029360870162 
2.0 3.840500376204592 6.8133734578049445 
2.0 6.822898737274564 1.8611478553234257 
49.41608415595611 2.0 17.13056734944628 
2.0 2.5741714013022197 1.6447452351296818 
2.0 29.531212671291936 0.0 
2.0 2.557239686043091 2.629808842191558 
2.0 13.352054277250744 9.219508392117053 
2.0 2.0 0.1404510943526418 
2.563750698013269 2.9897947725300695 0.17660575006614762 
2.0 3.23874991222417 2.1865738604128326 
2.0 14.66991085291596 13.648288772189126 
2.0 2.0 4.944275855335055 
2.0 3.109122902004352 3.875269794043847 
2.0 7.226622743180712 1.0511249713968391 
2.0 3.62651188957905 4.709137386543397 
2.0 2.0 0.5473059127317823 
2.0 2.0 2.297343808968745 
2.0 12.71431455514947 0.8165162763399674 
2.0 2.0 1.2115269901576744 
2.0 2.0 0.11084660863571116 
2.2672772172390756 2.146523256626412 1.262777612082173 
2.0 2.0 1.3546861113084356 
2.0 2.1332291112687773 0.6448743473521716 
2.0 2.0 1.9481373968054572 
2.385965345389536 7.650868757710466 1.6803145632722618 
2.273393123108096 2.0340571937893697 0.7670078265465631 
2.1296735025231106 2.099419349378809 0.6202574767555459 
2.2684540023703295 2.010492582467944 0.5670082882908427 
2.0 2.0 1.5595196709077057 
2.037607645284312 3.5196056379527376 5.698595911274258 
2.268539437429863 2.0109001942834923 0.5704678053516297 
2.0 2.0 1.2923593622007155 
2.0000429507688073 20.71873957327473 17.264508247171 
2.0000027134870555 31.954501394534763 0.3681329877239594 
2.0125892395091545 3.0227187805834035 4.776401743556848 
2.468321846640968 4.079628406943798 0.6387329185865078 
2.0798755866861787 2.1639930483762777 1.065399722921679 
2.0 2.0 1.4460833861411175 
2.025032254248616 2.3449715599264187 3.068828506195401 
2.136247248039513 4.724593167371596 0.7503049040978315 
2.0 16.022450876071947 0.9119975222314278 
2.0 2.751321851633526 1.6830978235205603 
2.0 9.14778324126925 1.15851197142555 
2.0 4.277692552597107 6.3863971928185705 
2.0262785198347695 2.3953333567601875 3.34028597090768 
2.007010872116156 21.46376527513837 0.4539527897322074 
2.0 3.2187233796425705 3.9055886987851123 
2.013528001706329 2.0 0.24165378586540243 
2.0 2.0 0.6050433740515564 
2.0 3.8460066148401904 4.998686763218149 
2.0 4.052786733274309 5.632681432351359 
2.0 2.0 0.23949464568794898 
2.0 10.617731363259217 11.072766136834474 
2.4276435596658956 2.0 1.50571548368481 
2.9486490527194076 15.615283139012972 0.35401828351043196 
2.0 2.0 5.5314032390896015 
2.0 2.0 0.582734446722493 
2.0427048302918593 2.0 0.575267316413149 
2.1763504260035273 2.0606784667030595 2.1932712702315023 
2.0 2.0 2.5450552911773197 
2.2055821898715706 9.600602014757666 0.20541636120017182 
2.3479023064622684 2.0 3.0607721672729067 
2.0010028793551857 2.1797470937379733 2.3671980538586737 
2.176047614691902 2.1281428954702917 0.49409850031440505 
2.215034470288426 11.095727485526533 0.1070898999705466 
2.0 2.0 2.1980621309931982 
2.0 2.5964414471035235 1.452214303796874 
2.0090497138341545 3.093476236291493 3.0751175316385275 
2.0 2.0 1.7611728632078119 
2.0 2.0 3.466486028812763 
2.0 2.18141098063615 3.345794332893979 
2.2037110233482187 2.134788664314572 0.3339153895096856 
2.0001988401297686 3.42006275086733 4.837270785587975 
2.0 2.2251323216086742 3.1937642219489533 
