0.016738900000 0.546025000000 0.531937000000 0.535751000000 
0.034658900000 0.502621000000 0.482550000000 0.495269000000 
0.017010700000 0.529363000000 0.513862000000 0.523297000000 
0.132515000000 0.397849000000 0.369857000000 0.386863000000 
0.884465000000 0.005188800000 0.003357180000 0.004657040000 
0.670134000000 0.085382700000 0.063785800000 0.073882100000 
0.758488000000 0.053998100000 0.034365200000 0.042479300000 
0.039302800000 0.493714000000 0.472967000000 0.486250000000 
0.567233000000 0.123529000000 0.093687900000 0.108168000000 
0.275702000000 0.289955000000 0.257775000000 0.275654000000 
0.055886700000 0.472729000000 0.449630000000 0.464450000000 
0.782538000000 0.032283400000 0.021787300000 0.026656900000 
0.092271300000 0.429126000000 0.402699000000 0.419199000000 
0.851892000000 0.019821600000 0.012750200000 0.016941600000 
0.736099000000 0.049413300000 0.034977800000 0.041626600000 
0.908808000000 0.005363180000 0.002884830000 0.004439310000 
0.035508200000 0.499358000000 0.479304000000 0.492107000000 
0.218110000000 0.319070000000 0.286151000000 0.305202000000 
0.076479400000 0.445373000000 0.419895000000 0.436435000000 
0.025852200000 0.512008000000 0.493709000000 0.505335000000 
0.209176000000 0.327996000000 0.294779000000 0.314757000000 
0.417818000000 0.196156000000 0.160709000000 0.179041000000 
0.106568000000 0.417560000000 0.390196000000 0.407189000000 
0.142667000000 0.379549000000 0.348702000000 0.367326000000 
0.261352000000 0.294077000000 0.260235000000 0.279287000000 
0.065523600000 0.457090000000 0.433041000000 0.448435000000 
0.375139000000 0.225792000000 0.189822000000 0.209070000000 
0.875775000000 0.010381500000 0.006114210000 0.008416230000 
0.135186000000 0.391371000000 0.362295000000 0.380394000000 
0.028847700000 0.507555000000 0.489143000000 0.500993000000 
0.082615900000 0.442572000000 0.417255000000 0.433285000000 
0.435978000000 0.187820000000 0.153638000000 0.171115000000 
0.159507000000 0.371548000000 0.342113000000 0.359840000000 
0.376671000000 0.220154000000 0.184227000000 0.203327000000 
0.239284000000 0.306425000000 0.272399000000 0.291955000000 
0.070120800000 0.452491000000 0.427564000000 0.443686000000 
0.091795000000 0.433093000000 0.406153000000 0.422939000000 
0.172849000000 0.362910000000 0.332660000000 0.350562000000 
0.188654000000 0.340483000000 0.308569000000 0.327363000000 
0.058888000000 0.464203000000 0.440838000000 0.455857000000 
0.118376000000 0.411802000000 0.384082000000 0.401179000000 
0.162731000000 0.363275000000 0.331764000000 0.350764000000 
0.638539000000 0.098645800000 0.070845600000 0.083477000000 
0.462179000000 0.179404000000 0.147068000000 0.162887000000 
0.714260000000 0.072527400000 0.049706300000 0.059031700000 
0.779476000000 0.045476900000 0.027922900000 0.034981700000 
0.315359000000 0.255162000000 0.220039000000 0.239685000000 
0.046466800000 0.480740000000 0.458635000000 0.473152000000 
0.625444000000 0.108762000000 0.081047400000 0.093130500000 
0.628722000000 0.101477000000 0.073884700000 0.086361800000 
0.286867000000 0.271919000000 0.236852000000 0.256819000000 
0.176639000000 0.359398000000 0.328931000000 0.347024000000 
0.512012000000 0.147159000000 0.114178000000 0.130137000000 
0.245134000000 0.299747000000 0.266034000000 0.285136000000 
0.147533000000 0.375717000000 0.345691000000 0.363844000000 
0.819789000000 0.024054000000 0.015787700000 0.020021700000 
0.063092700000 0.463131000000 0.439634000000 0.454414000000 
0.364998000000 0.227237000000 0.191732000000 0.211006000000 
0.140984000000 0.386008000000 0.355619000000 0.374847000000 
0.813914000000 0.036491100000 0.021450000000 0.027429400000 
0.211458000000 0.323254000000 0.290492000000 0.309496000000 
0.863087000000 0.013088000000 0.008269250000 0.011271600000 
0.179673000000 0.345078000000 0.313335000000 0.332036000000 
0.394238000000 0.209658000000 0.173905000000 0.192630000000 
0.201029000000 0.335304000000 0.302208000000 0.321678000000 
0.597098000000 0.114088000000 0.084487800000 0.098814600000 
0.580208000000 0.118911000000 0.088508200000 0.102616000000 
0.317167000000 0.252978000000 0.217822000000 0.237427000000 
0.237734000000 0.308506000000 0.274531000000 0.294084000000 
0.334698000000 0.241066000000 0.205900000000 0.225296000000 
0.688680000000 0.077772300000 0.059041600000 0.067165700000 
0.351131000000 0.230260000000 0.195146000000 0.214376000000 
0.914597000000 0.002692410000 0.001829330000 0.002807600000 
0.053090600000 0.477023000000 0.454534000000 0.468840000000 
0.462451000000 0.176440000000 0.142937000000 0.159281000000 
0.533058000000 0.136503000000 0.105406000000 0.120650000000 
0.494616000000 0.159106000000 0.126310000000 0.142578000000 
0.560975000000 0.126354000000 0.095427300000 0.110466000000 
0.403042000000 0.200285000000 0.165628000000 0.183994000000 
0.042480900000 0.487257000000 0.465897000000 0.479804000000 
0.281208000000 0.277082000000 0.242151000000 0.262080000000 
0.301223000000 0.267249000000 0.232929000000 0.251736000000 
0.422544000000 0.192903000000 0.157560000000 0.175815000000 
0.656384000000 0.084575600000 0.064545200000 0.073311700000 
0.469500000000 0.167713000000 0.134339000000 0.151437000000 
0.390414000000 0.214743000000 0.180160000000 0.197587000000 
0.528443000000 0.143548000000 0.111085000000 0.127398000000 
0.099131100000 0.423644000000 0.396430000000 0.413415000000 
0.499797000000 0.152111000000 0.118765000000 0.134958000000 
0.468722000000 0.170508000000 0.137189000000 0.153957000000 
0.120422000000 0.401397000000 0.372906000000 0.390409000000 
0.696751000000 0.077747500000 0.054366300000 0.064327900000 
0.193875000000 0.335197000000 0.302987000000 0.321817000000 
0.340310000000 0.241131000000 0.205957000000 0.224802000000 
0.236863000000 0.314336000000 0.281687000000 0.300380000000 
0.599555000000 0.112849000000 0.083967000000 0.096797200000 
0.851257000000 0.025761200000 0.014562700000 0.018987400000 
0.547119000000 0.132749000000 0.100909000000 0.116032000000 
0.023953400000 0.518875000000 0.502089000000 0.512809000000 
0.022802800000 0.523670000000 0.507728000000 0.518273000000 
