86.7973435776164 2.0 145.6715843214115 
2.0 14.38564255018779 11.85491583818282 
2.0 22.95177990087327 256.0 
2.0 18.907977145339128 4.813829529808698 
2.0 20.712646340985458 0.06257586707863538 
138.03086452998377 2.912368587620434 0.19429026752051737 
2.0 2.0 0.7740203491561095 
2.0 10.68247008831226 10.253444264337098 
2.0 2.521684432252167 1.2886947908683783 
2.0 34.60618169113948 2.960498952260347 
2.0 11.189090950312696 7.87210271220389 
2.4009806154774758 97.0 0.32945144518073305 
2.0 10.665552575387787 5.681644744683606 
66.27965750762912 2.4275085277111668 0.17029593372066265 
2.0 143.7805057088134 0.1908201583027329 
14.096146958985088 2.0 0.0869854993592245 
2.0 10.832317814425977 11.200528130776002 
2.0 5.846355030163613 3.2030658083686485 
2.3358268103242055 9.375026049440992 6.27804591059947 
2.0 14.999000198452507 14.775609259944774 
2.0 4.149723807414378 3.2393366528935896 
2.0 2.0 1.818510312429142 
2.0 6.479725454624914 5.141580295398694 
2.0 3.092747911953396 3.9865307315092964 
2.0 8.327869462190515 2.9052868865293715 
2.0 6.043357377876292 6.802113023746754 
2.0955629102332614 2.0 2.0645538360003366 
2.0 29.727338653649852 0.2272296820813549 
2.155863536832749 9.01104415438364 4.54294942258257 
2.1708681573768267 12.713453669101481 13.600399559301247 
2.0 5.523709346061214 6.0635805997325285 
2.019410072124837 4.716617670369841 1.7783934419463563 
2.138218681819183 15.496097341581361 4.235346415936111 
2.0 2.0 2.0177830414044737 
2.0 5.197900951934324 3.0070873238652585 
2.051632352707204 8.845374728251176 6.6484244136092965 
2.0 8.051333224211945 5.650237228613028 
2.3743275432766793 18.329785303180728 4.051117322738351 
2.0 6.480900899381084 3.526924427122319 
2.0 5.531891661651898 7.295863060122664 
2.011504461562027 14.172091336330364 5.162253142007588 
2.0 5.43354940354504 3.891770482101778 
2.0 4.291092765584429 1.0909386028870927 
2.0 20.136708497862976 1.7846441958472012 
2.0 27.865228608355544 0.8918888641422859 
2.0 2.0 0.7101033463539719 
2.0 3.3882625836947575 2.357611401527345 
2.0 8.800120792928206 8.830262090565824 
2.0 28.859934842163995 1.1884685541624458 
2.466090375834188 4.5712944453981645 1.121762440106163 
2.0 4.037138034042996 2.553150652235685 
2.200873494433222 13.670749943610007 3.9613367775028308 
2.196630488286407 2.0 1.440593906397659 
2.0 6.1368164163159875 2.9496907227655225 
2.109956227806697 5.884793592754737 4.147222508079093 
2.0 83.59003172227361 0.17808818696163886 
2.1204286809239954 15.379313765127232 7.3378683131081175 
2.0 4.247319828680182 2.1004060203418993 
2.0 3.7884326014778917 4.197024058216741 
2.0 2.0 0.6387872782633891 
2.0 5.699206178408545 3.252859808502344 
47.553459678263124 2.0 0.08689118516670735 
2.0549123008181804 5.721987369398082 3.5919687839802177 
2.0 2.0 1.9296984771294907 
2.0 2.9527471550043405 3.258546309619503 
3.3172716942512466 2.0 1.1730948930931837 
2.0 2.0 1.2337676168725131 
2.0 2.823659201287313 2.3338697538179733 
2.0729123049061937 5.064776881293969 3.0287557908370983 
2.334842994915406 3.2478307296566338 2.219584695305879 
7.279342628376498 61.1266220763863 0.7856585633511 
2.0 2.872215270046162 2.124327615798152 
2.07416077891449 4.1847273735179495 0.0553926090066057 
2.0 13.259580482941333 8.149691436852082 
2.003148543518741 8.373402736496963 1.7138461566476222 
2.273653120168926 3.245645051417449 1.3827801803380704 
2.0133990256853234 4.60006719321923 1.539525763222668 
2.9990923968359153 2.0 1.2667069207959871 
2.00002457623718 3.403141617760669 1.8596189281354034 
2.2781833210999687 9.468339703928322 9.655126325454278 
2.0003569205960368 3.8183540755970986 2.6059170686873614 
2.004691202916434 10.212530362714393 2.5957243338433162 
2.3744477625936646 2.0 1.7885545494449555 
3.353360990418279 176.7359387666633 0.07788336744183488 
2.0 3.3816330936472876 1.6036962859828012 
2.033169330939779 6.560199889435372 2.066131260677122 
2.642232326784719 2.0 1.384132047510539 
2.0 10.06625822903526 5.462099254580096 
2.0122405118166764 2.0 1.47547000408828 
2.0423296963627555 4.959145668218165 1.6328551563151041 
2.0028966845306924 5.958891793443582 4.714245253648478 
2.0353455243686094 86.41431291100588 0.925846782991568 
2.03026797759187 6.370228821442483 3.431124405417339 
2.256843875919207 6.046047591984217 2.285834689637723 
2.1837429917803286 12.884799184269395 3.2045434161946704 
2.0820541403595616 8.078707725856749 1.2178994192357293 
2.232324614621621 10.079529200211365 0.4958844008602197 
2.218696002824971 2.0 1.3233522097503507 
2.0146663931538655 13.301974815626778 19.44093885096542 
2.0 8.641136743106097 0.0 
