3.222409524923158 61.834449936766916 70.04149918762624 
2.0 77.39150561421562 142.39690780929368 
2.0 46.03452943496225 25.462807786562678 
2.0 66.58933568910265 26.507709713275744 
2.0 40.507637037132326 82.3477583499575 
2.6007101067093674 69.383621943137 42.60423170032587 
2.644940116138208 47.042337093515776 158.1739708772937 
58.834286390415194 2.0 0.1525963311785592 
2.0 56.88229399573307 36.17067877296836 
54.967254605855764 2.2432021746293014 2.5306535865827744 
25.634623477962037 2.0 0.3400255878391072 
42.519469067906066 2.1522474513619896 2.5672054623930887 
16.129610357036526 2.1383569628017294 0.3740281466230179 
51.29017276017423 2.0 2.3836015782933364 
3.244927212678705 89.76680996451333 114.54562759118495 
37.0628898286214 2.315084288775876 1.0035710050949362 
20.9069981360162 2.4182323483324804 1.2579236805351515 
29.137641346994993 2.1469525165897956 0.7023838981778074 
33.75803504619605 2.358667894838142 1.549096552485898 
51.12342195347286 2.5215554367663744 2.5883597450793903 
48.70648987762106 2.334879088394757 1.0954620045495744 
23.187417577048535 2.5670481004082335 1.0583565246760016 
27.149148101626846 2.0168731829278093 1.2077262901038655 
25.586927846006795 2.909037726664427 3.5925953588306623 
69.31064690251931 2.339958325131885 2.031811240887049 
17.570971947383335 2.24340224341722 1.3415479818127776 
16.7446721113659 2.169272312957379 0.42961743501615757 
78.43679485448561 2.0 1.1205241620021968 
2.0920341610712927 34.51717080480433 21.32302145407943 
3.283140108723485 85.2484089502311 53.763301869767346 
39.43367170126943 2.1368953922671183 1.060444292232571 
22.931914319510554 2.319062108116545 1.762540049495889 
16.49317065227708 2.0 0.22955008247869957 
56.226853010045104 2.0340585209027835 3.477349867111343 
2.0 30.87749637525748 19.76753226804592 
42.31035886396862 2.254199932717633 4.942621446789911 
2.0 47.01748074427972 95.93224524612195 
19.32215819829796 2.263836993724017 2.3582591741550667 
20.8639390562129 2.0 0.4085888819229169 
34.85082777950396 2.402603603431189 0.840174209983962 
64.4843458814771 3.0863241808977406 0.24730428839716367 
78.98934246403732 2.4428699257984223 1.9093288521381526 
59.93876668671886 2.6502687452735145 2.262646460446618 
16.45269297029656 2.137420074196532 0.522332543070028 
16.073946988607958 2.0 6.137231635838695 
45.06193640424323 2.2115629169500104 3.9280809506347616 
37.70765014138241 2.2928700461654548 3.9629507015076015 
27.65139464644133 2.0744548846050446 1.4300800640934235 
3.5994720769613924 2.267241545580233 0.7513550415859189 
18.841348687147985 2.1617891398357028 0.7616671558784975 
34.30856899436016 2.271192481743369 4.858137223759209 
14.786920791838789 2.0 7.5065917774646564 
33.79958133280087 2.329089707298019 3.393149230963969 
11.833268825168318 2.3070502189058857 7.0518843964628 
48.015179937949746 2.336921800462843 0.8312507329479912 
38.95021490811522 2.30437975643292 4.171145216430915 
45.72459301197527 2.8727480384009865 3.3386498840892784 
28.952112943178705 2.0 0.7791637183866142 
19.7554071404651 2.0 5.6932725228865015 
49.90114248243296 2.286657726111121 3.0527677193387412 
49.22137192692841 2.235600217765144 0.8602673467714244 
5.003635059701349 2.2043284449550202 1.7630444600700206 
32.27370146038065 2.2109146944793117 2.8491349614279446 
8.90178295075049 2.11751381227627 1.0867145521703148 
76.99327020824 2.0 1.542982701288869 
2.0 2.012606375981944 0.6914510173537757 
12.535678755500898 2.0705277991424076 1.5235638550530557 
26.736942634852788 2.0 0.22329142322532802 
18.653066242567952 2.3262371427442403 0.9301823478141736 
19.700693790296853 2.09674035946782 0.4622414167528075 
49.1970060436453 2.29034882793574 3.140614707665061 
35.96017453341884 3.399585310572825 1.1631449821473243 
11.948444965643784 2.196238125638207 1.8363445505174403 
57.353789904547796 2.0 1.3150061550427923 
27.60432446534994 2.317758271789127 1.5395125190433308 
12.462380904373397 2.0946934824345864 0.6547769281001639 
40.37038607024303 2.0 0.9014116178666285 
43.81071597500182 2.0 3.678381556546995 
19.618172535206252 2.0 0.051508455335988884 
38.26099952293203 2.461276819550034 2.541175997994301 
24.87458972798898 2.0 1.9569080107240693 
25.780637931009263 2.0 2.182330489498448 
9.854825963778922 2.090818455399279 5.416044301048397 
56.78479160239581 2.4788952137938947 1.35269375246525 
2.0 41.53528512379452 23.26876433080079 
23.617293259619053 2.1318026681106446 1.9217233425569047 
20.515752070431294 2.0 2.200842377007417 
40.052404664958274 2.0 0.549301130054267 
12.751719735588406 2.182452828325464 1.6995548607248463 
53.123721390933724 2.268665440544288 1.6301701610572192 
21.1968865480871 2.0349551578247302 1.648982386038321 
12.046022611495324 2.0 8.856213913835468 
23.757614665221666 2.0 4.46700207712515 
27.73668016593471 2.756913561922544 3.0717172194836526 
31.93475173554525 2.0 3.034608330038143 
2.0 65.38566066602425 0.0 
37.35101544063573 2.0 2.8303063779515902 
15.825522051004057 2.3751684112780467 2.304433310329581 
2.0 77.70597268797943 92.78408144810697 
47.56611767810611 2.0029990496661885 0.4703076286536625 
