0.081162000000 0.608467000000 0.595244000000 0.602132000000 
0.075637800000 0.616103000000 0.603700000000 0.609866000000 
0.069513300000 0.644433000000 0.632784000000 0.637687000000 
0.625562000000 0.025635700000 0.020586600000 0.026971700000 
0.085322900000 0.586565000000 0.571582000000 0.577094000000 
0.088996900000 0.441153000000 0.420512000000 0.439581000000 
0.210595000000 0.244565000000 0.222553000000 0.248785000000 
0.088238700000 0.575522000000 0.559208000000 0.565472000000 
0.090231900000 0.430351000000 0.409501000000 0.429442000000 
0.392778000000 0.110560000000 0.095492800000 0.114164000000 
0.305524000000 0.159643000000 0.141123000000 0.163328000000 
0.112824000000 0.368130000000 0.345887000000 0.369634000000 
0.093026600000 0.411422000000 0.390442000000 0.411718000000 
0.170427000000 0.283333000000 0.260714000000 0.286919000000 
0.099278900000 0.407736000000 0.386733000000 0.408416000000 
0.235330000000 0.219650000000 0.198563000000 0.223704000000 
0.258507000000 0.200063000000 0.179964000000 0.204473000000 
0.081164400000 0.600925000000 0.587391000000 0.592252000000 
0.084713900000 0.591941000000 0.577104000000 0.582402000000 
0.568039000000 0.037328000000 0.029747600000 0.038530000000 
0.612833000000 0.027336800000 0.021846400000 0.029365200000 
0.113472000000 0.367893000000 0.345450000000 0.369136000000 
0.382885000000 0.114881000000 0.099735400000 0.118851000000 
0.188539000000 0.265331000000 0.243268000000 0.269203000000 
0.530581000000 0.051494600000 0.042395500000 0.053901200000 
0.299702000000 0.170046000000 0.151451000000 0.174691000000 
0.134571000000 0.329829000000 0.307184000000 0.332162000000 
0.142848000000 0.316993000000 0.294229000000 0.319562000000 
0.236845000000 0.213246000000 0.192486000000 0.217452000000 
0.584429000000 0.036373700000 0.029426300000 0.038960700000 
0.248072000000 0.207869000000 0.187260000000 0.211894000000 
0.099737600000 0.400734000000 0.379090000000 0.401184000000 
0.268634000000 0.186781000000 0.166965000000 0.190763000000 
0.636130000000 0.021378700000 0.016712400000 0.022585100000 
0.729630000000 0.004219940000 0.003373760000 0.004904880000 
0.661729000000 0.015637000000 0.011895400000 0.016453600000 
0.670870000000 0.013928900000 0.010726300000 0.015043100000 
0.306899000000 0.157020000000 0.138606000000 0.160849000000 
0.343350000000 0.138993000000 0.121958000000 0.142911000000 
0.350399000000 0.137878000000 0.120639000000 0.141303000000 
0.697071000000 0.008848830000 0.006886960000 0.009768970000 
0.418821000000 0.093408300000 0.079462200000 0.096233300000 
0.473135000000 0.073165300000 0.061688300000 0.076822700000 
0.355704000000 0.127165000000 0.110702000000 0.130534000000 
0.118155000000 0.353382000000 0.330904000000 0.355119000000 
0.233766000000 0.222986000000 0.202110000000 0.227405000000 
0.408270000000 0.101422000000 0.086916500000 0.104337000000 
0.514944000000 0.054119400000 0.044151600000 0.055983900000 
0.327486000000 0.148151000000 0.130249000000 0.151787000000 
0.376842000000 0.118290000000 0.102519000000 0.121819000000 
0.330851000000 0.143740000000 0.126259000000 0.147518000000 
0.746194000000 0.002873090000 0.002300830000 0.003529370000 
0.158717000000 0.294865000000 0.272383000000 0.298119000000 
0.222709000000 0.226605000000 0.205339000000 0.230657000000 
0.196443000000 0.257642000000 0.235749000000 0.261696000000 
0.087548300000 0.580407000000 0.564527000000 0.569936000000 
0.181355000000 0.270948000000 0.248797000000 0.274722000000 
0.443849000000 0.083095700000 0.070299500000 0.085884800000 
0.264773000000 0.194803000000 0.174701000000 0.198875000000 
0.288706000000 0.177130000000 0.157950000000 0.181297000000 
0.213609000000 0.241651000000 0.220242000000 0.246016000000 
0.551412000000 0.040613000000 0.032291300000 0.041941400000 
0.201624000000 0.252529000000 0.230599000000 0.256567000000 
0.100217000000 0.379257000000 0.356708000000 0.380187000000 
0.456820000000 0.076769000000 0.064485500000 0.079334500000 
0.129881000000 0.335409000000 0.312631000000 0.337345000000 
0.404372000000 0.107651000000 0.092553800000 0.110682000000 
0.277591000000 0.181639000000 0.162123000000 0.185644000000 
0.368320000000 0.122464000000 0.106180000000 0.125945000000 
0.176620000000 0.276244000000 0.254020000000 0.280036000000 
0.493701000000 0.064062900000 0.053192900000 0.066400400000 
0.426730000000 0.089107700000 0.075624000000 0.091769600000 
0.549510000000 0.043146900000 0.034865900000 0.044872800000 
0.755262000000 0.001531030000 0.001330640000 0.002022320000 
0.125928000000 0.338057000000 0.315301000000 0.340092000000 
0.144072000000 0.312987000000 0.290223000000 0.315565000000 
0.190910000000 0.262175000000 0.239868000000 0.266139000000 
0.541986000000 0.048239600000 0.039220200000 0.050033000000 
0.714544000000 0.006161350000 0.004803440000 0.006957020000 
0.136900000000 0.321486000000 0.298685000000 0.323815000000 
0.505717000000 0.059505800000 0.049362800000 0.062029000000 
0.484194000000 0.066277200000 0.055305100000 0.068827000000 
0.449554000000 0.079618700000 0.066919200000 0.082334400000 
0.120322000000 0.342980000000 0.320130000000 0.344812000000 
0.301428000000 0.164993000000 0.146407000000 0.169046000000 
0.078692000000 0.611416000000 0.598370000000 0.605097000000 
0.472609000000 0.073520400000 0.062714800000 0.076223100000 
0.167988000000 0.289681000000 0.267364000000 0.293344000000 
0.083153200000 0.595503000000 0.581180000000 0.586635000000 
0.684231000000 0.011038500000 0.009116860000 0.012815700000 
0.266506000000 0.193590000000 0.173684000000 0.197857000000 
0.243834000000 0.212284000000 0.191518000000 0.216455000000 
0.157296000000 0.298709000000 0.276038000000 0.301801000000 
0.075055600000 0.632968000000 0.619617000000 0.624044000000 
0.649405000000 0.019277500000 0.015136300000 0.020957700000 
0.586939000000 0.033238400000 0.026106700000 0.034296700000 
0.253161000000 0.201703000000 0.181461000000 0.206007000000 
0.318755000000 0.153382000000 0.135490000000 0.157414000000 
0.603549000000 0.033120700000 0.027794700000 0.035963700000 
0.072820700000 0.638675000000 0.626011000000 0.630318000000 
