2.0 29.58848239231621 256.0 
2.0 71.3391632146087 106.63046867258618 
2.740382477598207 78.67179160493377 100.21923895838782 
94.06835834508709 2.0790154287905187 0.5564403076443512 
2.0 28.71405304626674 26.06464261496248 
14.79508822594644 2.0 8.748195504817504 
8.901221094739213 2.0 2.6949953119513603 
2.0 20.574530864329322 20.855237797224557 
11.935308716257513 2.2316625409378754 7.917799528529447 
35.05011049643111 2.4593589688781132 1.3309667302618216 
14.883215933734228 2.3212842314507762 1.7880664076126291 
23.844312505099495 2.0 4.766532338666934 
10.250653154653481 2.367893724553606 6.521333979464021 
9.626512315908371 2.071588030354225 3.2289391133729652 
7.358441180885819 2.3701828034951125 6.5185770495327 
17.20026111862459 2.0 2.3651517423239627 
42.54410545697789 2.061145419304663 2.206933192895193 
2.0 77.98168010286952 35.39147703622713 
2.0 36.845658376147604 29.537166077994954 
22.977473158301542 2.0 0.7070960374156431 
41.53366958149099 2.113901787017489 0.5932170113911237 
22.461114969903342 2.18744431224302 4.766664990023412 
59.18280962257407 2.4256478667672976 1.4323284649583718 
29.318803916140325 2.2198451547752067 2.9468976015647357 
53.31947276666955 2.318512636508474 0.8918737767795766 
48.82022291745214 2.0 1.81887473830038 
23.767868609263562 2.159513512953252 3.968229645884456 
15.327950353152893 2.0143349277205322 3.716744546051851 
20.98527230116575 2.0207424414598494 2.309514153026057 
58.45406289085799 2.0 0.6041827602393675 
24.997570370406066 2.0208979466076062 2.269677734644581 
17.949435689092876 2.0 5.872429886246898 
18.15184069380269 2.0 2.039244583317072 
39.35199277445757 2.2078149493887773 0.5609665646981401 
30.89195786249102 2.0 0.16273348208188043 
15.766930519696828 2.256520354140863 0.41889588507292963 
21.27925836082914 2.0353390795393533 0.42380158278069135 
11.50622020767743 2.0 1.7778750688016762 
30.539452765864034 2.3281092446785325 1.5919108607119297 
17.44311612003584 2.065350130436787 1.6085275182886676 
32.185731320642496 2.339140330389829 0.32046804561690845 
15.388162495852367 2.0 1.2287708764118588 
51.25092846434785 2.341175980702953 1.0396028975641032 
20.7414380062297 2.0180801806922153 1.5311861021526751 
24.35570688056899 2.014411826507096 4.435581014148243 
40.01318638840817 2.457088019619267 2.382253555253286 
21.68566937530614 2.169995580353648 1.2938415731601753 
11.433231226649323 2.0250224429342705 0.8909583413878244 
14.61328637657176 2.2512405640402657 1.6797793704357642 
28.89151293588831 2.400781039385916 1.448780250362092 
23.158067457934003 2.3592152121907763 1.6637288678269357 
3.6752320796681133 2.0 0.15289055054872458 
23.684106176211266 2.0 3.3419652972612135 
18.461520994343996 2.027005012782597 2.465089783297265 
38.27231902567814 2.1581641832291 2.8398134976110034 
2.0 26.97096948767384 20.945741590251515 
24.3262737646317 2.0 2.9550511054821444 
29.25598291040658 2.3157925720173496 1.155334229661289 
22.85531315125634 2.38182099140788 2.102430145435212 
33.08992750183779 2.0833767060297275 1.9266399136246575 
44.239486811036286 2.0634188598176317 2.55311021835866 
7.378114763905762 2.1172983260429334 0.7590421484951737 
23.387402896374027 2.0 2.7191370345592887 
9.213433664351612 2.195280985876064 5.172177572022564 
27.372109478374817 2.0 1.1008766007432058 
21.792118883694236 2.0 4.0611992586923655 
16.839343702858343 2.252970463774767 1.3299153893183329 
25.006996521422415 2.1664006903606996 1.9840288238958284 
12.623602361442222 2.027691455555172 1.470925900643741 
30.261446635337304 2.4666369708680933 3.0733758492201657 
31.37745380832345 2.0 0.9862831024562533 
20.823764210090587 2.0 1.1725950689818883 
28.97572304366289 2.045017381937514 0.8024152996286101 
13.883600590321732 2.063413745730151 0.07691591667599162 
12.454712230915224 2.3235413200797543 4.173794021298421 
19.771846650138578 2.129290193667451 3.656896280625989 
9.955345272550927 2.268963175337897 2.9261498948317683 
21.150074803560642 2.308716802833084 0.8105664586151577 
25.61698035800879 2.0 0.21792943220395508 
19.779921362526917 2.0 3.8002137603037904 
43.17528222870953 2.300476179954315 0.9204871722971661 
37.95410772186678 2.0 0.9862831024562411 
12.715556565870369 2.359954065940355 1.1001171039298274 
12.848780444621996 2.17079964797485 4.242064150475226 
30.788188540080704 2.0785877211377364 1.8134702222431551 
2.0 39.66363272717758 133.91733484643987 
23.396176051247675 2.5080994506817618 1.0104754413988701 
34.69669174697976 2.2351774571104666 3.263542879609611 
2.0 41.46025253109557 35.32041507216752 
68.30501170074183 2.153530034361961 0.026973780875894804 
41.939795838886894 2.3076441276379724 2.0411106235579077 
23.121905039822323 2.0 2.296574913443314 
17.79325941091853 2.038877205921283 3.41286765502058 
2.7442541005491563 43.63727396980319 63.24837967869267 
40.01719189377973 2.007646871105108 0.49591560663825285 
9.836347818084791 2.3746258353577976 0.6650711745333974 
28.95308857756723 2.1235699734440305 2.1631615435980374 
34.969366547265 2.0890352821310567 1.763468962504506 
129.0 2.0158961971565588 0.5882406660755333 
2.634948791100924 73.52435977381629 70.76902878678911 
