69.60393082584604 2.0 6.442799900626795 
73.80223071624899 2.085312690726506 4.490617650836131 
2.0 2.0 1.19509607809167 
61.12785210522644 2.3241447544655482 5.703251832505585 
2.0 3.0207940747209046 1.2223728404162448 
71.25353429315696 2.3348682618055894 4.020118202678915 
7.137092852718254 2.076254912312687 3.2855289491192363 
22.267127146190628 2.159155791941077 5.01676721336283 
2.0 2.2834919053503397 0.908767480802571 
4.980709117789499 2.0 2.0373736652206165 
7.531203593375935 2.0 3.155683687853228 
80.17392021602967 2.4216995106581023 3.489102774467707 
17.437184762199692 3.5103977407261113 11.668691885639365 
2.3582984751284783 3.136095239506794 1.4426079290468237 
6.818803381060828 2.0729965204812375 0.26606627236243496 
10.23690539597284 3.5462859499796897 0.11002590671755108 
9.572832449267835 4.120059482588298 0.2834809472116915 
109.5784728146935 2.1907005081529447 3.8401335743985943 
2.0 2.0 0.7178182732017152 
2.0 2.051717262417176 0.8702975173930523 
7.402798432694386 2.395206473900549 0.6808290606489853 
59.33430368133877 3.6293461139279706 9.84153236592223 
6.975311829278767 2.0126554645150985 2.27933608480863 
2.8835707114725495 2.175728286979194 2.962045706212627 
61.21050461897978 4.46813288523681 10.539417885434522 
2.0 2.243130527955816 6.30796227298891E-4 
2.0 3.667664550352713 1.5453393798832553 
13.776049253050639 2.0 0.37092213334268687 
2.0 2.6878584002250108 1.4928072889030592 
18.582578657257834 3.733332864572865 9.961633427675103 
4.112423498490278 2.874279575947504 2.195004449425246 
2.0 2.8080928137415806 1.56710809821674 
5.013028166902121 2.3262676905364734 2.145596333629783 
3.037169601171599 2.6070585582339434 1.3205567261330184 
17.19559967017861 2.0011340295634548 0.5133957705969852 
2.0 3.326871167289856 0.95288866855144 
16.600829052614362 2.0 5.283595418060764 
7.7522229446058155 2.0 2.7732577872775757 
6.007746516446083 2.0706213822769137 3.1671305229726854 
9.094497983704528 2.118751859751883 2.7806843001468957 
161.44766285563205 2.20840207242432 3.1321452413394364 
2.0 3.3612857056659173 1.2733411197166675 
66.21208857825201 2.4420287141225905 6.619427868462902 
36.16611370530773 4.056405840195233 14.559098230859448 
5.608450757230903 2.0 5.106839128482623 
3.3915343653006147 3.2139033780003485 1.822311423411215 
3.132273165265591 2.958451563888636 1.51947879368869 
62.11059336869344 2.1212795318855124 5.129145941786248 
5.106259079776368 2.3484458177663345 4.4500054497943 
2.934395841485772 3.3076387526403948 1.4251911449358325 
5.2965262839864184 2.4205297234763727 2.44522459426758 
5.199301583710518 2.159349387867339 2.1641400454465836 
4.288922783241901 2.0 2.163466641940432 
2.0 3.154658813837127 0.9786244318401058 
4.880586877594751 2.924944061753864 1.8371739129084927 
8.964206443724422 2.3105625015403866 2.960151857645793 
6.611109147840038 2.418389588885087 2.6951661537592906 
3.0400479912217735 3.1112167118464447 1.3851056285521564 
70.78280091507199 2.4379707806351836 7.072213257458358 
14.232742292149238 2.159104718874027 4.067993794184307 
18.56544434626762 3.8448682476245377 9.10826502356575 
8.29137359853959 2.6967742027561705 17.299640191332255 
2.0 2.0 1.761868578124398 
2.0 2.820164118413809 1.1169943259064326 
9.89398114467256 2.075093232791944 0.5393792271183215 
14.21935554833987 2.43358368181192 0.4251220222891037 
6.571962515313746 2.012060807089294 2.8488631067423014 
10.551081452126361 2.1186143331669096 0.4571851204995708 
55.045800979137645 2.0 5.977767779885662 
5.361470967860531 2.289160550242285 1.1768395762450838 
12.757616351824222 2.1291423714035385 0.13025079653631497 
64.3166892059269 2.14756408134262 5.417296710731213 
81.26128832099509 4.249158633809943 11.013518642606321 
56.62434133004949 2.0 2.7817094951451597 
6.729531490655346 2.0 5.084444667635637 
3.929926631090923 2.146557417681791 2.8670310409977273 
2.0 2.315150490834519 1.108768257006116 
2.0 3.674110746825954 1.2180563051344375 
12.39616039480503 2.216411964090814 5.083177777874134 
2.090321072362263 2.865033486406923 1.0756557615807472 
11.982208274259165 2.1661146720632165 5.284598954584765 
4.693182795564919 2.8096436507604454 1.679107334658941 
5.246634804007456 2.1439505549696802 1.6886458470825199 
11.461752365073718 2.14702973892159 0.8031577171774759 
3.8564477367233065 2.0 3.3917759917802623 
4.532584721195635 2.0 3.611344991493034 
2.2729768776086448 2.2017330480056794 0.8276179507816912 
2.89735560406279 2.2000143063083413 2.154645125007716 
2.486209511287638 2.9052169120844784 1.3500675990345656 
74.84997777015212 3.5015145760561763 9.537566004773279 
12.944539214338969 2.1890939729775134 4.315623363772637 
2.6548114419529334 3.1813667233430194 1.7928902904266468 
85.95136615306552 3.6055391076597765 10.68381658148682 
5.199626758760297 2.140600797775787 1.724437925476118 
16.369779495156365 2.133323839021037 0.4205421184715443 
2.0 2.0 0.10320302849415841 
2.2050883774339556 3.363975591525329 1.1801418297382436 
2.799688549711515 2.6881411462736615 1.9164574077537386 
2.0 3.912078309080523 0.3120468224758768 
11.827802555393413 2.0 0.6410481320560942 
