0.012155500000 0.485693000000 0.439513000000 0.436075000000 
0.008337500000 0.536079000000 0.491943000000 0.488946000000 
0.012624700000 0.483765000000 0.442247000000 0.438774000000 
0.043614400000 0.357213000000 0.293031000000 0.292040000000 
0.138366000000 0.194837000000 0.136848000000 0.133264000000 
0.037285300000 0.375186000000 0.312143000000 0.311512000000 
0.444289000000 0.019250200000 0.009338310000 0.009065690000 
0.011959600000 0.526633000000 0.477663000000 0.475032000000 
0.020683300000 0.430108000000 0.378607000000 0.376622000000 
0.055636400000 0.330060000000 0.264169000000 0.263213000000 
0.067391400000 0.307296000000 0.238573000000 0.235127000000 
0.014301300000 0.464516000000 0.420450000000 0.416742000000 
0.044493200000 0.351934000000 0.286712000000 0.285737000000 
0.096847500000 0.248578000000 0.181866000000 0.178297000000 
0.112763000000 0.224897000000 0.162379000000 0.158483000000 
0.041071900000 0.364079000000 0.298556000000 0.297946000000 
0.472245000000 0.010657200000 0.004532200000 0.004450300000 
0.369747000000 0.042285800000 0.021018100000 0.020310900000 
0.022479500000 0.421680000000 0.368190000000 0.366513000000 
0.428795000000 0.022451000000 0.010290400000 0.009980810000 
0.503346000000 0.004807320000 0.002023290000 0.002017330000 
0.542478000000 0.000600147000 0.000258828000 0.000353224000 
0.386272000000 0.037930800000 0.018550100000 0.017926100000 
0.016584400000 0.448252000000 0.400027000000 0.397241000000 
0.405753000000 0.033447500000 0.018085500000 0.017585500000 
0.152437000000 0.181595000000 0.124338000000 0.121115000000 
0.030181900000 0.394093000000 0.334423000000 0.333461000000 
0.021772900000 0.426149000000 0.373193000000 0.371357000000 
0.484236000000 0.008458590000 0.004315220000 0.004340820000 
0.013635200000 0.469360000000 0.425888000000 0.421983000000 
0.050426500000 0.341630000000 0.276530000000 0.275431000000 
0.231514000000 0.120071000000 0.076680300000 0.074196900000 
0.034400900000 0.378687000000 0.316809000000 0.315868000000 
0.458048000000 0.013643000000 0.005956550000 0.005827940000 
0.103539000000 0.237907000000 0.173781000000 0.169874000000 
0.012944200000 0.474949000000 0.432283000000 0.428376000000 
0.353362000000 0.050693500000 0.025999500000 0.025101900000 
0.159906000000 0.177087000000 0.120002000000 0.116608000000 
0.024900000000 0.409218000000 0.352920000000 0.351578000000 
0.418115000000 0.027038600000 0.014031300000 0.013643900000 
0.174917000000 0.167323000000 0.108311000000 0.105605000000 
0.023739800000 0.417034000000 0.362610000000 0.361126000000 
0.089463200000 0.264977000000 0.196571000000 0.193066000000 
0.026768200000 0.404248000000 0.346859000000 0.345522000000 
0.017776500000 0.442152000000 0.393307000000 0.390817000000 
0.126376000000 0.208247000000 0.148096000000 0.144301000000 
0.217279000000 0.132434000000 0.081470600000 0.079113900000 
0.146145000000 0.190312000000 0.133958000000 0.130511000000 
0.239874000000 0.115492000000 0.073275900000 0.070894200000 
0.120829000000 0.228765000000 0.159433000000 0.157431000000 
0.014848200000 0.455171000000 0.409663000000 0.406600000000 
0.304381000000 0.071810000000 0.039090900000 0.037731800000 
0.101318000000 0.244154000000 0.178072000000 0.174471000000 
0.522195000000 0.002226250000 0.000949591000 0.000980977000 
0.169657000000 0.174111000000 0.113674000000 0.110910000000 
0.024708700000 0.414058000000 0.358773000000 0.357405000000 
0.014693300000 0.460251000000 0.415596000000 0.412149000000 
0.364460000000 0.045718000000 0.023040400000 0.022255700000 
0.039463500000 0.370836000000 0.305540000000 0.305086000000 
0.250828000000 0.114578000000 0.069262100000 0.067112400000 
0.297371000000 0.077898600000 0.045521200000 0.044022200000 
0.285100000000 0.083765800000 0.047063500000 0.045480300000 
0.211375000000 0.138355000000 0.088128200000 0.085243900000 
0.222423000000 0.128365000000 0.078515500000 0.076162100000 
0.335887000000 0.059364400000 0.033980400000 0.032901000000 
0.264730000000 0.098501900000 0.060626600000 0.058648900000 
0.256368000000 0.115686000000 0.067819100000 0.066779500000 
0.071586600000 0.300716000000 0.231034000000 0.227340000000 
0.196644000000 0.148748000000 0.096128300000 0.093075700000 
0.203201000000 0.140832000000 0.092783700000 0.089861600000 
0.312955000000 0.071198200000 0.041046100000 0.039820700000 
0.188107000000 0.158880000000 0.101614000000 0.099000300000 
0.010074600000 0.532558000000 0.484979000000 0.482262000000 
0.032925600000 0.383192000000 0.321436000000 0.320364000000 
0.120844000000 0.214322000000 0.153129000000 0.149294000000 
0.260922000000 0.099371900000 0.057627400000 0.055710200000 
0.085461600000 0.274496000000 0.205387000000 0.201968000000 
0.275643000000 0.091898400000 0.052570200000 0.050802700000 
0.054085700000 0.335858000000 0.270040000000 0.269110000000 
0.064312500000 0.315451000000 0.244963000000 0.241594000000 
0.079101600000 0.280301000000 0.212023000000 0.208200000000 
0.031524200000 0.387974000000 0.327426000000 0.326484000000 
0.094059500000 0.255129000000 0.189108000000 0.185165000000 
0.181559000000 0.156408000000 0.105198000000 0.102178000000 
0.075817600000 0.288940000000 0.219835000000 0.216056000000 
0.344158000000 0.056375400000 0.031925000000 0.030832700000 
0.108991000000 0.230346000000 0.167222000000 0.163370000000 
0.010880000000 0.524781000000 0.481449000000 0.477643000000 
0.147744000000 0.193105000000 0.129195000000 0.126380000000 
0.061806200000 0.319158000000 0.250421000000 0.249592000000 
0.027636500000 0.399950000000 0.341416000000 0.340393000000 
0.131467000000 0.200976000000 0.141793000000 0.138152000000 
0.092420100000 0.264121000000 0.197010000000 0.192996000000 
0.325880000000 0.066853700000 0.036636000000 0.035438100000 
0.073871100000 0.291916000000 0.222587000000 0.218908000000 
0.292170000000 0.083635900000 0.050224600000 0.048578900000 
0.059517900000 0.324565000000 0.258407000000 0.256963000000 
0.018845600000 0.436494000000 0.385949000000 0.383723000000 
0.413689000000 0.028418000000 0.014407400000 0.013988400000 
0.047594500000 0.346750000000 0.281989000000 0.280945000000 
