2.1081638964791267 42.526074763029435 115.05162599861394 
3.4628616455519854 56.83627313511909 0.0 
2.156394576497798 65.53498844101843 30.683919962390405 
2.3243520915248053 22.094154497330344 3.3888964367060175 
7.097204168036167 2.0 1.5096090411366845 
2.0 20.236054328326333 3.910045592524234 
3.689355291197324 2.0 0.40415901110466423 
3.0611150703860304 29.67137342410965 81.02722426629254 
2.0 45.44726721648969 6.923460132382415 
2.0 19.661327830591645 2.8885877957806136 
11.003867173960622 2.0 2.336576871052126 
2.086224472227741 58.14328868358025 14.115171127392568 
2.2334640620219632 18.197908545871513 3.2661747306265827 
5.764388187277266 2.0 1.8764593496649646 
7.145719260142582 2.110694563561755 1.705989407761856 
2.0 15.428290105840148 3.575871090140474 
2.0 2.0 0.32661451230049504 
2.0 2.0 0.6158385834576527 
2.151602725343871 42.88045040967548 6.156207212269923 
2.0 2.0 0.4560792505447542 
2.218586072721697 2.0 0.2295817273681955 
2.427482437564435 2.0 0.07372882887705215 
2.030085269928401 2.3879501644101593 0.5869938329596427 
2.0034013813408365 39.042677789998564 9.501163461645774 
18.377269875384286 2.2690334278988447 0.5018362053825306 
5.51238229444246 2.0 1.4255639786764145 
2.0 21.88897269900606 4.715759281109184 
2.0 41.13890884758778 6.556267629386724 
49.909809379420004 2.0463421316759254 0.03585323336815353 
2.330096820866726 59.11982080300195 16.81266460462787 
2.050953950964037 22.46494347152811 3.09704326545845 
7.6972588224890215 2.0 1.059806495634378 
2.2851836483614596 21.57822371699467 4.045691010562601 
2.0 2.0824240374368617 0.35974855326103633 
7.405148915395422 2.0 1.8006269176677174 
2.105824649047465 61.15977128530717 21.382868354842277 
2.136282985132894 2.1431860467262 0.6743330215029049 
4.750137030492698 2.4330888945417875 1.3871603165692528 
2.26061737732962 31.090489400234677 5.444815274809477 
7.043467362445781 2.0 0.4551454256923213 
2.4501146180561815 2.31197135355188 1.367167416725199 
2.0 46.332224406200574 5.809194203825651 
6.201061094007421 2.0 1.9924820201169806 
2.0 27.252725503338873 5.2405647685249725 
2.3580625397328006 46.82583123618025 8.307060664879792 
6.628754554921778 2.0 1.6063721910880435 
2.1456379976010314 2.0 1.1566371861763418 
9.825924659865578 2.0 1.4727857845701477 
8.027283652574413 2.0 1.03467863093648 
2.307957934214414 3.3177821672264756 1.7844806406808553 
2.0 60.0873468277189 10.867313718970296 
2.0 2.4627524518128894 0.8095101694195637 
6.210589536066751 2.0 1.8491722706205558 
2.2015088210773097 2.0101729095279723 0.16822050087488627 
2.0 2.356097289843131 1.4111366353662707 
2.066260886593095 46.22425719291142 5.588102467416526 
2.066678224755828 62.04946380450225 12.445246546316142 
2.0 2.0 0.6401088428955771 
2.0 13.905213829954576 3.793719156005666 
2.833920088900909 2.0743117065471837 1.0442676432145863 
4.9693244311633435 2.0 0.80140161495573 
2.0 2.3569067863325373 0.8807216315313467 
3.7599911778727555 2.0947916739469274 1.1699388555514387 
2.0794120369604023 2.0 1.135736624448151 
7.416166927347604 2.0 0.6955223549333527 
7.837738958738116 2.0 0.9212221854756839 
2.0 2.9818725954906236 1.0400735088508901 
7.118343812689277 2.0 2.3041853511426194 
3.8297020646364097 2.424126334745434 1.2354618985520716 
7.67043370292995 2.0 1.1857215919188666 
5.5664677133786515 2.1192345330631954 0.7702968217490571 
2.0 2.0 1.3133236182735333 
3.08776963839653 41.49381335914212 83.73413081461541 
2.0 20.87747483598085 4.209259214194789 
6.847572121802093 2.0 1.6435616239256698 
2.0 2.0 0.9695730829018003 
6.075836986225377 2.123755011192225 2.0815552010448637 
2.0 2.027357351001543 0.9312647606072099 
2.135333931888078 20.297372025334525 2.9810286342248813 
7.050662184141478 2.0 2.442463386893985 
6.76632265863884 2.0356537542173547 2.1256765803447912 
2.104067678513151 22.240192428786223 4.4374508984435685 
7.473773208539772 2.0 1.9357224195905662 
6.728384907209332 2.0045693500921535 1.2837668795470611 
7.4745043293571145 2.0 2.203477662918681 
7.934199137831122 2.0 0.6843935890251576 
7.344128909584931 2.0 1.7412803827442815 
2.587472979545164 54.6804621098085 35.27808732377052 
2.0 2.0 1.5382853805157048 
2.0 11.158371463907859 2.6979146049552116 
2.395997863880178 28.658251564743377 4.890454623451115 
6.699107188946334 2.0 1.5446934690864291 
7.697174983624477 2.0 1.989704339521672 
3.4414479467994017 2.286827996519062 0.7543927825171426 
8.236718226012455 2.0 2.2180570013711085 
8.403508664508127 2.0 0.8472396903227644 
2.4018379981080153 19.390824159345133 2.753513883695815 
2.341533419470757 38.60388666656585 7.6115653091645905 
6.336187263479787 2.0 0.47163380605672045 
2.3651170331427083 22.14405645832189 3.166938864310506 
