0.011548500000 0.438465000000 0.419197000000 0.418622000000 
0.008891580000 0.453309000000 0.434348000000 0.436329000000 
0.351004000000 0.056792500000 0.046471100000 0.048020000000 
0.313822000000 0.076097700000 0.063936200000 0.066108500000 
0.008541580000 0.475952000000 0.456326000000 0.455588000000 
0.167706000000 0.173906000000 0.154641000000 0.155142000000 
0.015867200000 0.420653000000 0.401494000000 0.400371000000 
0.319268000000 0.069933600000 0.058428400000 0.060619500000 
0.430707000000 0.020518500000 0.015951500000 0.017295200000 
0.014145400000 0.423790000000 0.404804000000 0.405047000000 
0.475307000000 0.008457500000 0.006271470000 0.006794070000 
0.481647000000 0.005852680000 0.004302490000 0.004699760000 
0.355060000000 0.053824900000 0.044249100000 0.046288800000 
0.199784000000 0.144843000000 0.127094000000 0.128269000000 
0.243256000000 0.110445000000 0.093178100000 0.092941800000 
0.024125100000 0.394090000000 0.374710000000 0.373462000000 
0.394230000000 0.035899300000 0.028526800000 0.029936900000 
0.403854000000 0.029767400000 0.023402200000 0.024715800000 
0.027723300000 0.374425000000 0.356098000000 0.351169000000 
0.224641000000 0.111319000000 0.095422500000 0.096914200000 
0.365891000000 0.047905900000 0.039090000000 0.041041700000 
0.121577000000 0.217900000000 0.196874000000 0.196570000000 
0.128482000000 0.209471000000 0.188399000000 0.188547000000 
0.018892300000 0.408970000000 0.389863000000 0.389032000000 
0.026904100000 0.383880000000 0.365836000000 0.360750000000 
0.388249000000 0.041663300000 0.033559400000 0.034426000000 
0.120045000000 0.220768000000 0.199783000000 0.200296000000 
0.454225000000 0.012765800000 0.009627090000 0.010207700000 
0.122864000000 0.213303000000 0.192188000000 0.192689000000 
0.338862000000 0.064141200000 0.053469300000 0.055373600000 
0.185160000000 0.152892000000 0.134452000000 0.136062000000 
0.049998300000 0.295890000000 0.274900000000 0.271685000000 
0.300413000000 0.080404000000 0.067767100000 0.070190400000 
0.208352000000 0.126769000000 0.108180000000 0.107655000000 
0.286172000000 0.085003400000 0.072310900000 0.074447100000 
0.213478000000 0.120172000000 0.103946000000 0.105005000000 
0.167689000000 0.178867000000 0.159242000000 0.159560000000 
0.259899000000 0.095325800000 0.080724800000 0.081431200000 
0.021304100000 0.405001000000 0.385829000000 0.384636000000 
0.450128000000 0.016305800000 0.012526000000 0.013652900000 
0.339781000000 0.062174700000 0.050418700000 0.051399600000 
0.440508000000 0.018684700000 0.014688100000 0.016127500000 
0.018312500000 0.415725000000 0.396718000000 0.397507000000 
0.170198000000 0.162304000000 0.143225000000 0.142450000000 
0.465374000000 0.009917600000 0.007651880000 0.008614120000 
0.008584020000 0.470889000000 0.451293000000 0.451020000000 
0.374157000000 0.044445900000 0.035821400000 0.037325200000 
0.022242100000 0.401470000000 0.382298000000 0.380970000000 
0.047659900000 0.294735000000 0.274767000000 0.272641000000 
0.013769600000 0.427767000000 0.408608000000 0.408817000000 
0.025920400000 0.389989000000 0.370479000000 0.369043000000 
0.400195000000 0.036271700000 0.028602600000 0.029040400000 
0.359865000000 0.051572400000 0.042131600000 0.044161200000 
0.041084300000 0.309611000000 0.290529000000 0.287578000000 
0.201377000000 0.137903000000 0.120313000000 0.120008000000 
0.267397000000 0.092099200000 0.078480700000 0.080777900000 
0.030820800000 0.345501000000 0.326522000000 0.322326000000 
0.012656200000 0.431901000000 0.412662000000 0.411999000000 
0.078308600000 0.246440000000 0.223624000000 0.220626000000 
0.027689500000 0.375065000000 0.356379000000 0.351206000000 
0.156059000000 0.181229000000 0.161496000000 0.161193000000 
0.510128000000 0.000528942000 0.000327804000 0.000371865000 
0.032924700000 0.332101000000 0.310964000000 0.306167000000 
0.060699000000 0.270529000000 0.250022000000 0.248343000000 
0.149003000000 0.184027000000 0.163736000000 0.164183000000 
0.031456500000 0.339095000000 0.318256000000 0.314612000000 
0.308765000000 0.077066200000 0.064848000000 0.066805800000 
0.173059000000 0.161185000000 0.141965000000 0.142640000000 
0.249427000000 0.106407000000 0.089476200000 0.089241700000 
0.329462000000 0.067386600000 0.056191200000 0.058356400000 
0.036122800000 0.317114000000 0.295378000000 0.291871000000 
0.024046900000 0.397003000000 0.377635000000 0.376223000000 
0.421654000000 0.024550400000 0.019110300000 0.020457300000 
0.044548000000 0.305085000000 0.285863000000 0.283012000000 
0.129246000000 0.186682000000 0.166256000000 0.165900000000 
0.046231300000 0.300415000000 0.281016000000 0.278248000000 
0.281097000000 0.088994700000 0.075647500000 0.078137100000 
0.207500000000 0.136802000000 0.119146000000 0.120100000000 
0.065941300000 0.255780000000 0.233637000000 0.231464000000 
0.076572400000 0.250049000000 0.229296000000 0.227930000000 
0.139071000000 0.184550000000 0.164489000000 0.163347000000 
0.225593000000 0.115232000000 0.097316000000 0.096580900000 
0.051170800000 0.289969000000 0.267466000000 0.264255000000 
0.038121200000 0.315808000000 0.295472000000 0.291986000000 
0.027841100000 0.354772000000 0.336668000000 0.332745000000 
0.034285500000 0.327872000000 0.308347000000 0.304024000000 
0.188410000000 0.146742000000 0.126639000000 0.125370000000 
0.058246600000 0.273889000000 0.253175000000 0.250877000000 
0.266406000000 0.096155300000 0.080175700000 0.080056700000 
0.096717400000 0.226652000000 0.205159000000 0.204127000000 
0.256515000000 0.105796000000 0.090894900000 0.092974800000 
0.029834300000 0.352578000000 0.331817000000 0.330442000000 
0.492981000000 0.002540490000 0.001821490000 0.001984380000 
0.177050000000 0.155266000000 0.136402000000 0.137130000000 
0.056289700000 0.286930000000 0.266140000000 0.263306000000 
0.504027000000 0.002528650000 0.001813620000 0.002072690000 
0.009387970000 0.452185000000 0.433064000000 0.434814000000 
0.010244400000 0.441433000000 0.422249000000 0.423251000000 
0.414066000000 0.026753700000 0.021662900000 0.023502900000 
0.061268300000 0.273697000000 0.250945000000 0.248028000000 
