2.0 36.3137787216934 18.854086270389686 
2.0 18.15095288834276 149.40330342131307 
2.0076855965388694 63.83737142240839 0.6932686064202662 
2.0 68.34393975436714 0.9650097444720922 
3.0218171091479746 21.967801608137222 84.59906780261566 
2.026021112400939 52.203861993022784 1.730903977006733 
2.3376894411007054 30.25458025433972 12.973637665493861 
2.0087972686668403 29.682224019150524 0.9118141242287793 
2.021553316232404 31.46949116831378 0.40678376539434424 
2.3555854631821416 18.008989501543482 14.687088488764791 
2.0237072669211837 48.37003509839022 0.24604593798678512 
2.0020840320649973 39.52977395657748 0.13683439154228838 
2.012118649351354 39.63815723926327 0.7813676168370698 
2.0998912262001985 42.15124201483022 1.472085771304208 
4.292921316506544 2.0 1.308343339556928 
2.226039150424852 16.787820991520817 7.622126228924481 
2.134321944349163 54.31481779886985 0.6088359443264673 
2.046911367859989 45.195161207852586 0.5144745368426376 
29.506250539172918 2.0 5.608171948138905 
2.016265533551968 3.0501059083372972 1.3026706951022122 
2.0485243883709026 32.83122246508026 0.6892533108638473 
2.116201248048632 38.78099577258251 2.008427859555992 
2.0020126764333033 4.361556352837194 2.0549610791642143 
2.1279471259088374 21.048991128802797 10.295331182336504 
20.569081369560617 2.0 6.592089789259839 
2.0 133.13731991988323 0.5952748452384897 
2.0207446973721046 10.096580328780577 2.1117481989440265 
66.2316059429439 2.0 0.09465972819874058 
2.060612618144459 8.288183809133084 2.036101332822426 
2.1092620739919288 2.0 0.9716534550686309 
2.018023280854737 8.258852749273075 1.5299005086994915 
9.962685905463292 2.0 3.5685524397651136 
2.2403334888869173 12.7374172001575 0.9848950300861312 
4.022218221741154 2.0 1.4423419226109337 
2.807614340252637 4.021253741717031 1.0881797484640632 
3.279120029640871 2.3023599966044475 1.4359133959613466 
2.0 87.30442599095687 1.7822255762567665 
4.5028822787365215 2.9570009681177414 1.1087758727745114 
2.0039752008635445 22.859997497748587 9.291159126076916 
2.077967862145379 19.93860710023708 0.38887805722050645 
3.8071730882465964 5.018693576217368 0.8008035431066669 
2.115344990214519 60.781331522964855 0.3580854172181378 
2.188399774677469 9.023653298111014 15.810778813776102 
6.133772988384274 2.183032762852912 1.7500874926531906 
2.0 39.62109213482194 0.28061197350534905 
2.9497828585107757 16.775449663706894 53.503722867088534 
2.008730901724252 56.15937998955791 0.6961638887397354 
2.0 22.05298721315755 8.5856389252724 
4.789837754519717 2.0 3.881482438984662 
2.0 17.31220356121807 16.250536199110343 
2.0 16.866258097515708 7.035395028512857 
34.05051535208553 3.46709573315912 0.5197702555918264 
2.0 30.311063214583953 0.7172237437827438 
9.373136417976308 2.0 4.074919692581067 
6.384534467349283 2.0 1.5373244976649398 
2.0 3.8893272606019877 1.1338065349175257 
13.808427674235933 2.436239643086153 4.863235742262489 
2.0 30.412050375209482 16.840728480261504 
3.6277247770814816 2.591366364991214 2.564926241026527 
8.714824403782671 5.634467467241672 4.9176803527321145 
4.763355918636268 2.0 1.8961364728467869 
2.0 2.0 0.021401929087083715 
7.376191878290483 3.1359240634494547 4.1047171155552915 
4.866786362809376 2.0 3.2885457904840227 
2.0 3.3281201343457907 1.9239336877702504 
3.6173923023188514 4.493953802077861 4.388227136570007 
2.0 58.103788407849 0.9851737626173209 
2.0 2.0 1.7669591279636672 
4.266379257729686 2.0 1.2721223336448286 
2.364168204519675 18.50501865557495 0.8854111587553777 
3.539952949255521 4.003031978827774 3.7294741932469124 
2.37341250412738 23.24160722486739 7.85285720917539 
2.3359906127267123 42.46050389599978 0.44444394436932727 
9.146106468008675 2.0 3.9473244877580056 
2.5742104111904904 2.322789405431517 2.077835316003018 
9.362353147253321 2.0 3.8384897295215663 
2.035534547747856 9.276074123167684 1.0582494151938806 
2.0 2.115553745665009 1.5410219823375373 
3.2358278092602633 3.300322195281429 2.7946388714266788 
5.384828219303792 2.0 2.871820432042704 
6.0961647180577465 2.0 1.9655567531902651 
4.320713535790194 2.678393194693567 1.2911594283233259 
3.779981890208007 3.7467105214977146 3.132922325158377 
9.566835188247696 2.0 4.096685181651108 
13.412821488472579 2.0 5.402549985488781 
9.040831432286495 2.8389689416632473 4.00893165290083 
4.2834814397197665 2.747263000904129 1.5357864102759822 
5.97641817342396 2.0 3.3292883652367085 
4.362052185113005 2.0 1.1886332090442862 
2.8733303883951855 2.0 2.5795984575330295 
2.1208532554228587 18.57910703352913 1.166729733879322 
2.0 12.69425921358281 4.6052110477680195 
21.606405769157654 2.0 0.002212623093338806 
2.0 2.0 1.711112383116808 
7.715143544686117 2.0 3.357299364230855 
2.0 2.0 0.1530337155389646 
2.0 16.917951293618952 83.45871182102533 
2.0 17.253847793998155 23.151571822085963 
3.063156209903494 2.914297349186848 0.5956296903566644 
4.445039536788752 3.9088860562397567 2.862895118117791 
