49.03110673728986 2.0 1.4858770730651543 
2.0 41.07409985188935 19.07258004479508 
30.230548876212197 2.314847283219637 0.9732845409783915 
2.0 31.494798602925073 0.0 
14.176004978020984 2.0 7.566063964183913 
23.772623776217237 2.093202908105723 1.40802350308978 
53.53419201165844 2.0655694400737947 1.8908136202907342 
35.89041031757219 2.4596028637617273 2.72717429949901 
2.0 2.0906682307496616 0.0018855823937746763 
5.259803898682115 2.0 0.8929127054062408 
43.8984382991884 2.3025050061193557 2.5563381412510378 
22.60839002247093 2.0 1.4710145403192354 
17.937836201823472 2.0 2.338724443962853 
19.867314829886254 2.0 5.820209459604427 
36.411463891832035 2.0416547689743183 1.4440281456221409 
21.847523370803973 2.2249585182551153 1.7524413330410602 
47.30126778415709 2.0565667505781975 0.6166598141864114 
12.27644846855663 2.2927280096447333 1.6194206004297609 
22.66838901772462 2.0829132064557494 1.8465946474824555 
2.0 74.60246194717917 106.73357731886477 
22.526242920698706 2.322062317094809 2.526101131613916 
40.66765168817025 2.0 0.27442136226607783 
22.49442123601428 2.0956079901331988 3.8809085249298607 
7.030146577196405 2.0 2.7121299045016887 
24.479624603373576 2.4386837908725054 2.2834724258099417 
13.404974511686248 2.37364492178388 2.8365158355868347 
15.319277319676045 2.0111290367671106 1.7884709489019808 
9.62532058316342 2.0 5.4797332314861285 
27.24226514125365 2.0 1.0850088715561168 
6.714358597680097 2.0082974813112378 0.4869380877223015 
11.75595017553406 2.2807503211055775 2.401230078996661 
25.071828267419754 2.0 3.8092708807040134 
2.0 44.69779954951613 27.28351501611383 
2.0 90.41055325153884 30.087162246132024 
11.976546293978046 2.1696294261389593 3.47263406494417 
3.151280455154338 57.70707168155127 56.27209524584974 
28.94071374308512 2.394885154256038 1.6766387569681784 
24.98634187620314 2.0 5.02099591012993 
29.761857971887146 2.1764180091200003 0.5747945409000518 
3.1723018004975714 92.6508469002317 106.58082895513765 
31.943526757790444 3.42648162052534 0.08467908473267993 
8.972350565816392 2.4456848404882803 2.9486529430852606 
12.983488343262621 2.1333020512153333 3.276203028932298 
11.086472737807865 2.0360911442684477 0.9449916573967043 
15.45499214259107 2.0 9.458362058654801 
7.717177595820468 2.0363854119354183 0.6056694080070477 
47.92986730039787 2.0665623769751575 0.18356413370107383 
16.98501257673955 2.1016595755450234 0.7614669414335467 
14.752046088782123 2.0 2.1885145711121923 
14.542199782750657 2.3765870299068 3.4934516452056243 
21.93279661771596 2.0 0.9183981469286928 
43.97671231102326 2.0 0.5449248001824721 
48.432399185088514 2.135877961054473 1.9931674432915851 
25.31306678476022 2.182699215220099 4.151284426113523 
2.4948225884629753 35.86101971016599 16.63719506689335 
29.256128294045926 2.0 0.7727610879315232 
2.562291052722095 67.32547850362789 75.90588815538493 
9.008361698367562 2.007215456046469 3.0779150247122775 
23.006487904270966 2.0211249190285976 5.275151217568348 
21.638199250279477 2.05740967375423 0.3618389233080389 
28.888311266567914 2.4884738535703623 0.6188120365361127 
48.99782043946453 2.376470479737987 1.2657928924108137 
15.462421141280648 2.1619654193395554 3.710260740506877 
27.22993292309358 2.0904655205539777 1.2188032874087553 
20.824814645468976 2.1898094248526827 3.5971149697188887 
8.54731610504891 2.0 6.421475941098343 
13.483489261288298 2.2029682883086474 4.330883194992877 
45.41405506217342 2.3489529338126305 1.163523749826111 
17.2885707131894 2.031850432500353 0.7018837501753945 
23.865947550127864 2.0 2.459043964779469 
12.15374268882692 2.257503908973503 4.301871685226214 
23.731305868568544 2.2187887583221473 1.1101397286629893 
14.656845516345536 2.0 4.039787928514323 
22.459014551882227 2.0 4.474583260651477 
22.430707448488022 2.42428152823354 0.9635008265351055 
21.17315706033647 2.0 1.5557661128324565 
17.55944964273107 2.0 4.7004773594368645 
34.23335170196462 2.105422367198765 1.4038598986514543 
9.662566995130945 2.0595984014317796 3.2552634814737282 
24.625865700112627 2.019979866483669 4.837498898193153 
27.26114042019111 2.052339515338856 0.07392389413972911 
19.018498750469643 2.0663262345673474 0.42312462477987695 
30.028687823201274 2.0 2.038454520950705 
2.0 2.139034508573086 0.14028271297730133 
21.40694051135957 2.3743797763545125 2.867236574507313 
26.19340223591226 2.0806681697993317 1.3066841275533259 
2.0 42.88146652280781 0.0 
24.028524964239928 2.2663865938929053 2.0988189738659195 
14.654104445632026 2.1037471390089832 4.584480828394284 
14.079699712252276 2.3062061419540614 8.252226130774494 
17.028389220299957 2.373806785910128 1.1167769336489637 
21.055775014694028 2.0739083924322013 1.8494953315305782 
19.431510615913865 2.0 1.0650292847237517 
18.067437203617878 2.0545566314750157 0.8647964643239102 
13.01240223353355 2.0096449142108606 2.76175432010907 
30.541103492205497 2.1009146291277006 0.8373418729836999 
12.353861440691416 2.2732057408834265 8.927660362536415 
41.85355284569269 2.137716555935367 1.6642367142474714 
2.0 71.42247382074288 36.44799307392149 
12.367507739288154 2.4687076104459202 2.207727258735612 
