0.005019660000 0.171553000000 0.144781000000 0.151077000000 
0.004617690000 0.178078000000 0.151364000000 0.157711000000 
0.072931300000 0.054286700000 0.042110400000 0.044396000000 
0.236919000000 0.003573610000 0.002617490000 0.002837730000 
0.013631300000 0.133798000000 0.109326000000 0.114889000000 
0.242071000000 0.002407370000 0.001717470000 0.001840030000 
0.264892000000 0.000604185000 0.000422292000 0.000458573000 
0.218680000000 0.006831950000 0.005033290000 0.005434680000 
0.007699490000 0.155038000000 0.129430000000 0.135444000000 
0.082898100000 0.049010800000 0.038198700000 0.040012300000 
0.015203000000 0.129658000000 0.105847000000 0.111047000000 
0.033206500000 0.094061400000 0.074764100000 0.078796200000 
0.059550800000 0.066077800000 0.051859400000 0.054475200000 
0.025531300000 0.106480000000 0.085433600000 0.089969100000 
0.122793000000 0.028760700000 0.022446500000 0.023463900000 
0.023175200000 0.109464000000 0.087159200000 0.092228400000 
0.010598200000 0.143395000000 0.118322000000 0.123955000000 
0.204908000000 0.008409700000 0.006403470000 0.006784420000 
0.158908000000 0.016787500000 0.013342300000 0.013932500000 
0.071373900000 0.056587900000 0.043964400000 0.046369700000 
0.033713800000 0.092313400000 0.072782600000 0.077034000000 
0.127312000000 0.027007200000 0.021192600000 0.022239100000 
0.106241000000 0.035597500000 0.027701800000 0.029128200000 
0.077883700000 0.051977200000 0.040510000000 0.042469600000 
0.087863400000 0.045322100000 0.035186200000 0.037063100000 
0.250079000000 0.001669120000 0.001194840000 0.001296020000 
0.092689000000 0.043764300000 0.033986200000 0.035776400000 
0.034483400000 0.090163100000 0.071013100000 0.075153600000 
0.052442100000 0.074079700000 0.057782600000 0.060795000000 
0.030836100000 0.098171400000 0.078297200000 0.082476800000 
0.016626800000 0.124875000000 0.101283000000 0.106512000000 
0.280050000000 0.000056940800 0.000005178410 0.000002959730 
0.232719000000 0.004541960000 0.003337660000 0.003646750000 
0.175451000000 0.014129100000 0.010888500000 0.011452700000 
0.141386000000 0.022526900000 0.017617500000 0.018399300000 
0.010043600000 0.146275000000 0.120985000000 0.126910000000 
0.112392000000 0.032704100000 0.025501400000 0.026791200000 
0.085314800000 0.047455800000 0.036932900000 0.038670200000 
0.257606000000 0.000934503000 0.000666404000 0.000714587000 
0.013438700000 0.136655000000 0.111882000000 0.117537000000 
0.048353200000 0.076522000000 0.059868500000 0.063301500000 
0.040700000000 0.084114100000 0.065976600000 0.069800500000 
0.110569000000 0.033781700000 0.026342300000 0.027684200000 
0.198459000000 0.008893490000 0.007145720000 0.007442300000 
0.035815700000 0.088074200000 0.069256400000 0.073312200000 
0.134621000000 0.024649900000 0.019252600000 0.020114300000 
0.056757000000 0.068756400000 0.053605800000 0.056663100000 
0.192568000000 0.009884060000 0.007931510000 0.008257820000 
0.009003640000 0.147296000000 0.122303000000 0.128109000000 
0.045767800000 0.079294900000 0.062062500000 0.065652200000 
0.149757000000 0.019541400000 0.015451300000 0.016158200000 
0.053939800000 0.071622600000 0.055769800000 0.058684300000 
0.005646710000 0.168939000000 0.142258000000 0.148511000000 
0.164478000000 0.015569200000 0.012381800000 0.012925100000 
0.154434000000 0.018365200000 0.014551600000 0.015217500000 
0.137825000000 0.023649000000 0.018471800000 0.019291100000 
0.026706700000 0.104627000000 0.083820800000 0.088261300000 
0.014500100000 0.130427000000 0.107128000000 0.112519000000 
0.038982400000 0.086948400000 0.068806400000 0.072535700000 
0.179159000000 0.012271600000 0.009826530000 0.010240900000 
0.226930000000 0.005088960000 0.003905950000 0.004164820000 
0.006541250000 0.162878000000 0.136414000000 0.142593000000 
0.095459900000 0.042847400000 0.032898800000 0.034536200000 
0.029002700000 0.100560000000 0.080862700000 0.085054000000 
0.066458200000 0.058810200000 0.045711900000 0.048232400000 
0.017283900000 0.123176000000 0.099769900000 0.104944000000 
0.272647000000 0.000266781000 0.000166066000 0.000175768000 
0.042899100000 0.082014500000 0.064287400000 0.068015900000 
0.015760900000 0.126497000000 0.102723000000 0.108018000000 
0.032161700000 0.096049600000 0.075871300000 0.080306600000 
0.103933000000 0.036917300000 0.028740800000 0.030213800000 
0.185481000000 0.011062400000 0.008860740000 0.009232620000 
0.005757810000 0.165649000000 0.139424000000 0.145667000000 
0.021122500000 0.117086000000 0.095216100000 0.100090000000 
0.066166900000 0.060895800000 0.047700000000 0.050062700000 
0.008032320000 0.157884000000 0.129428000000 0.136378000000 
0.063422200000 0.062361300000 0.048514700000 0.051214200000 
0.212945000000 0.008127660000 0.005926830000 0.006399130000 
0.021287400000 0.115744000000 0.092549200000 0.097896100000 
0.100104000000 0.038123000000 0.029650500000 0.031190100000 
0.007135390000 0.159075000000 0.133208000000 0.139314000000 
0.008168220000 0.150708000000 0.125413000000 0.131323000000 
0.119885000000 0.030190500000 0.023491500000 0.024558900000 
0.011878500000 0.141541000000 0.116350000000 0.122159000000 
0.169985000000 0.014461900000 0.011542300000 0.012039300000 
0.045571300000 0.080982000000 0.063442300000 0.066782600000 
0.006272790000 0.164121000000 0.137598000000 0.143792000000 
0.012096400000 0.137819000000 0.113631000000 0.119130000000 
0.019010500000 0.119601000000 0.094720900000 0.101229000000 
0.130657000000 0.025731900000 0.020100400000 0.021030400000 
0.061594000000 0.064272200000 0.050036100000 0.052859700000 
0.049982100000 0.076293800000 0.059619200000 0.062743900000 
0.028057100000 0.102129000000 0.080945100000 0.085693100000 
0.007081510000 0.160144000000 0.133840000000 0.139956000000 
0.008164880000 0.151230000000 0.125902000000 0.131820000000 
0.144688000000 0.021193700000 0.016777700000 0.017560800000 
0.097898500000 0.040297800000 0.031332400000 0.032978500000 
0.080649400000 0.051390900000 0.039583200000 0.041596700000 
0.115409000000 0.030768000000 0.024027500000 0.025228500000 
0.021986000000 0.112157000000 0.089424900000 0.094630900000 
