2.0 8.578831353613163 51.58408355996709 
2.0 17.26592526735415 96.58503144995541 
2.0 2.0 1.3034859321411005 
2.0 9.882490385339395 0.4738048504651915 
2.03000699655828 4.5364154290121075 2.374532981335386 
2.0 40.12020344522767 0.3176704307824598 
2.0771230940289676 11.099248567821501 0.2537502484591285 
2.0018107349311522 10.753847164487125 0.5954317282517299 
2.016157369461882 6.520490760069913 3.1407050662198284 
2.015499748158332 3.4487483498856006 1.2545015169922857 
2.132196502803522 9.092295648942468 2.3346178778066573 
2.0950995413516886 3.703783447415752 1.7564567128576687 
2.496769504095663 3.0585237503632556 1.436870152051676 
2.0125697860498892 3.5089757916231648 1.930876614657367 
2.051895129790367 2.923379275604604 1.0296287022459538 
2.4012472657667723 2.0 1.9321273181629968 
2.006030140523062 9.14874245127357 2.6812189041797456 
2.0288324628894774 5.225902369196327 0.6595861867505046 
2.0 2.0 0.8640034274930861 
2.0028387617588894 2.0121501338533516 1.327506542670622 
2.0147234881847913 2.0202900188212887 1.7033871991433664 
2.3834116639612146 2.0 1.0138475711032189 
2.4019684840762174 2.0 1.1098777450035304 
2.2904398300170743 2.559315128067291 1.2870588152235172 
2.0 2.0 1.2164062960646875 
2.0 21.34282570202474 0.3668274182988857 
2.042339449236451 2.430972761281494 1.2023002963288651 
2.008453541407402 2.006810699363257 1.6801123972302512 
2.2215613069485096 5.49717967038699 1.5052983320009972 
2.000753142248542 4.3895671918237396 1.8058943877813893 
2.4377330729846314 5.064187094847097 2.190096753810503 
2.000776393811339 2.0 0.11659539174124856 
2.0051776551694758 18.988083506949792 0.49809253376038254 
2.155276086560544 5.150610175552082 0.786631558408322 
2.0339973888578586 2.710896953093757 0.9383162104743689 
2.0 3.503124677476252 2.7903087736215326 
2.196856699892897 2.118486854399309 1.0817050511324984 
2.0518251395444294 3.4685773513115956 1.2343856647016338 
2.0084693690833935 23.57533435201657 0.2806132510315484 
2.116290812078583 4.529524930408883 2.4398816615128798 
2.0 2.0 1.5285062083375538 
2.0 2.0 1.6131183733677648 
2.0 2.0 1.0893186593011794 
2.0 2.0 0.6951271343596751 
2.288606831924797 2.3783719461553696 1.6596581509987112 
2.018083456540661 3.393649964871327 0.9763235018585767 
2.0 2.0 1.4496561730125466 
2.4026288683297388 2.0 0.720526592722446 
2.0577195659990037 7.288300022009316 2.8418602156477935 
2.3149332409823913 2.4511536231309705 1.5580307145747307 
2.0 2.0 0.9099413662082558 
2.0 4.970667779068316 1.4781123868608592 
2.0 9.352166410653155 4.297057155049399 
2.3656554542337807 2.0 0.8389427037509362 
2.154854624731319 2.1967834834727578 0.8855798385013263 
2.3343062545243196 2.9903369302638865 0.9583787245540407 
2.4046410831120433 3.52647431231755 1.8965809863736622 
2.0 2.9505501389530533 2.4022227357766925 
2.107554235705192 3.752371483113153 1.6661926876623157 
2.039276061345056 2.3510880107853187 0.7785979707850726 
2.4359162110344905 2.919197086217302 0.5595610182667099 
2.0421331005948273 9.384684040636342 3.562858803176426 
2.0 4.518991229963179 1.166138556269322 
2.4238146941161265 2.807241844927502 1.852753103694568 
2.18926889350297 2.0 1.346177993991644 
2.0 5.021800509617598 2.1644618237657625 
2.6401881193694123 2.0 0.1701733170452222 
2.348222718342779 2.0682054107188117 1.5885715974785422 
2.120333187326572 5.0773875333697625 2.2231062196680402 
2.0 2.0 1.750286823404375 
2.047254025751207 2.3422980711912813 1.1274531998010118 
2.13265252098447 2.0 0.7473966648150848 
2.265888089162065 6.676725704361722 3.9134533666286924 
2.0766791199268915 2.740931992573436 2.1139910197651384 
2.187612659467226 2.637725125759746 1.3780088285301235 
4.662431878538256 2.0 2.9249579781388926 
2.0 2.394407457478111 1.3832324161700726 
2.1151496652657866 50.3464502016519 0.6038840965211185 
2.2572268540791103 2.0215716741647105 2.0206625519331167 
2.0811689935273594 2.498259464680899 1.1425802578140147 
2.050386374318614 6.818160224768258 3.3528515792916176 
2.0051506781855353 7.137971795339499 2.9579692479273447 
2.066443754785179 2.6816757112597602 1.0456550609116813 
2.0544066358786903 4.535004753896233 2.5558731989468804 
2.0327205337601453 2.41317326980365 0.8188261680491189 
2.140073967349971 4.992556406987127 1.5838321313369286 
2.3048713806227816 8.984977130987158 3.6450472411473873 
2.01471268314269 7.409853605876125 2.5641773865999946 
2.5500628114003723 2.248973881975627 2.094738475250976 
2.076230494584696 2.782426087219989 0.9915294886680215 
2.252579694061712 2.3458317313484858 1.4044707935068963 
2.1923880617770317 5.35029342255242 1.5312022514708816 
2.2161128146789424 2.4036182132661557 1.8305366054389536 
2.0428456763315554 8.730776565530036 3.3386978806219347 
2.075726480799851 7.2774481954068815 2.984919307999247 
2.0051158524409014 2.0 0.9338116747192873 
2.024829570625894 2.2981328481809506 1.1664106941432375 
2.2206823490622076 4.9188474869066 1.2608633859255458 
2.0498619237591122 2.0 1.0574138315647392 
2.3452195015016617 2.0 1.9668182174536255 
