0.099948400000 0.283310000000 0.236160000000 0.237441000000 
0.041049500000 0.452367000000 0.427025000000 0.447215000000 
0.076540900000 0.312783000000 0.264848000000 0.266742000000 
0.053236500000 0.360492000000 0.314164000000 0.315981000000 
0.069447000000 0.330080000000 0.282779000000 0.285184000000 
0.062549100000 0.347161000000 0.300151000000 0.302168000000 
0.042187700000 0.382247000000 0.337651000000 0.339905000000 
0.069523300000 0.329046000000 0.280911000000 0.282501000000 
0.309835000000 0.110398000000 0.080723600000 0.082409000000 
0.082721700000 0.310126000000 0.261746000000 0.262259000000 
0.055630200000 0.355949000000 0.309333000000 0.311169000000 
0.109251000000 0.263054000000 0.216664000000 0.217039000000 
0.048381300000 0.368654000000 0.322905000000 0.324845000000 
0.532224000000 0.004950760000 0.003078590000 0.003991280000 
0.518524000000 0.009990420000 0.006393700000 0.007958540000 
0.066365200000 0.336638000000 0.288591000000 0.289994000000 
0.417189000000 0.047389700000 0.032082900000 0.034856300000 
0.491996000000 0.014791100000 0.009732450000 0.012022100000 
0.063614400000 0.343900000000 0.296179000000 0.297535000000 
0.550725000000 0.001809270000 0.001149040000 0.001662630000 
0.103496000000 0.280063000000 0.232431000000 0.232202000000 
0.022515300000 0.492410000000 0.466288000000 0.478593000000 
0.427757000000 0.040603500000 0.027094400000 0.029690000000 
0.064027300000 0.340839000000 0.293655000000 0.295836000000 
0.430445000000 0.035074400000 0.023672000000 0.026972400000 
0.340472000000 0.085469400000 0.061284600000 0.062829400000 
0.076541900000 0.312784000000 0.264847000000 0.266742000000 
0.088221100000 0.297712000000 0.249814000000 0.250824000000 
0.384902000000 0.057771900000 0.039857200000 0.042794400000 
0.468663000000 0.025926500000 0.016817300000 0.018207100000 
0.050450300000 0.364641000000 0.318614000000 0.320482000000 
0.410104000000 0.053134000000 0.035633700000 0.037112500000 
0.067034200000 0.335607000000 0.288360000000 0.290708000000 
0.073711900000 0.320994000000 0.272859000000 0.274665000000 
0.130590000000 0.253068000000 0.204937000000 0.205787000000 
0.457458000000 0.029982700000 0.020330900000 0.022309600000 
0.120814000000 0.263474000000 0.215066000000 0.215613000000 
0.028121900000 0.470905000000 0.442557000000 0.455923000000 
0.042034100000 0.397555000000 0.354435000000 0.357083000000 
0.085888900000 0.304203000000 0.256356000000 0.258342000000 
0.522812000000 0.007942540000 0.004878450000 0.006064940000 
0.505778000000 0.011508500000 0.007413590000 0.009012430000 
0.415102000000 0.049931200000 0.034087900000 0.035778500000 
0.282765000000 0.123954000000 0.092174900000 0.092377100000 
0.022372200000 0.498410000000 0.472132000000 0.483517000000 
0.173979000000 0.173468000000 0.138816000000 0.144872000000 
0.044889500000 0.374699000000 0.329469000000 0.331930000000 
0.325591000000 0.088308100000 0.062230100000 0.064148800000 
0.032347700000 0.468428000000 0.439778000000 0.452671000000 
0.459641000000 0.024158800000 0.016110700000 0.019069600000 
0.026505900000 0.477806000000 0.450446000000 0.463445000000 
0.061710400000 0.350723000000 0.303295000000 0.304705000000 
0.453027000000 0.033012400000 0.021923900000 0.024259100000 
0.377283000000 0.065983800000 0.044973400000 0.046117300000 
0.109587000000 0.251413000000 0.211658000000 0.221249000000 
0.313612000000 0.093114700000 0.066652600000 0.068572700000 
0.445938000000 0.037071100000 0.024527400000 0.025837000000 
0.300789000000 0.114793000000 0.083276700000 0.085016500000 
0.424569000000 0.044088800000 0.029281800000 0.031186500000 
0.133801000000 0.210114000000 0.171818000000 0.177863000000 
0.477357000000 0.023730300000 0.015196500000 0.016353600000 
0.035019900000 0.465238000000 0.436859000000 0.449532000000 
0.045587500000 0.371936000000 0.326518000000 0.328976000000 
0.291034000000 0.122086000000 0.089313200000 0.090867200000 
0.040434800000 0.459835000000 0.429798000000 0.443369000000 
0.224706000000 0.146133000000 0.113920000000 0.118488000000 
0.347544000000 0.082829900000 0.058401000000 0.061987200000 
0.240249000000 0.127664000000 0.097848800000 0.102378000000 
0.094733700000 0.295322000000 0.248482000000 0.252408000000 
0.481035000000 0.020605200000 0.013175500000 0.014290300000 
0.059049600000 0.351381000000 0.304520000000 0.306381000000 
0.023387000000 0.481050000000 0.454329000000 0.466922000000 
0.042805700000 0.379971000000 0.335220000000 0.337734000000 
0.354975000000 0.076058600000 0.052921100000 0.054419900000 
0.097235200000 0.286980000000 0.246348000000 0.259580000000 
0.375823000000 0.069106600000 0.048065200000 0.049824000000 
0.515687000000 0.012357300000 0.007691870000 0.008977160000 
0.201725000000 0.154447000000 0.121601000000 0.126897000000 
0.253564000000 0.128616000000 0.096586700000 0.099184100000 
0.349535000000 0.081541000000 0.056421200000 0.058114100000 
0.371771000000 0.072015600000 0.050281500000 0.052442400000 
0.139313000000 0.200920000000 0.163087000000 0.168560000000 
0.101927000000 0.273432000000 0.228434000000 0.234623000000 
0.297724000000 0.111693000000 0.083313900000 0.087149200000 
0.157126000000 0.184930000000 0.148177000000 0.152872000000 
0.211268000000 0.150578000000 0.116809000000 0.120504000000 
0.121357000000 0.236864000000 0.197786000000 0.206839000000 
0.408687000000 0.054769100000 0.037303500000 0.038956000000 
0.502231000000 0.015910400000 0.010086700000 0.011274000000 
0.245996000000 0.133155000000 0.098654100000 0.101857000000 
0.288263000000 0.117274000000 0.088019500000 0.091886500000 
0.487971000000 0.019541900000 0.012436200000 0.014130900000 
0.539681000000 0.002672930000 0.001702540000 0.002275060000 
0.041557800000 0.456421000000 0.425724000000 0.446204000000 
0.234511000000 0.141225000000 0.107669000000 0.111469000000 
0.530053000000 0.006608840000 0.004132060000 0.005337410000 
0.083741700000 0.298780000000 0.253465000000 0.260467000000 
0.405811000000 0.061191500000 0.041759100000 0.042229400000 
0.227089000000 0.147566000000 0.112726000000 0.116192000000 
0.050593900000 0.363197000000 0.317155000000 0.319622000000 
