107.14661502737002 2.0 3.0014839995507714 
8.132179103683981 2.5093501032631895 226.17533169991802 
76.9072188682752 2.171477723699031 3.782495071582777 
76.39560392101572 2.090259315359483 4.980823717370242 
73.68242606157675 2.19157758922562 4.045396328982276 
64.13155823112844 2.219250637796213 4.513756783322662 
71.82767130874133 2.0156125850796713 6.093115804013938 
92.64286974278255 2.1499017647077947 4.037815610739554 
16.236850090759084 3.540774051489983 1.12598135978718 
96.85855040792241 2.0 3.536500120243706 
66.63506294176999 2.054258220831609 4.907490881879556 
178.88670668326995 2.0 2.8327359875983356 
71.36916024233673 2.254013393469128 5.324044755704344 
2.0 3.5544078382509743 0.1290726783525612 
7.182297920764033 5.526131013274887 0.1847751645478925 
78.45074551975341 2.022035172542923 4.325913499464583 
2.0 2.0 0.8131515933606546 
29.754241383982958 4.005354220900652 0.08950509111219773 
86.89349296938336 2.174914853047166 4.424459384505913 
2.0 2.0 0.014845968281327782 
161.76289819519877 2.0630550795159293 3.140897954037574 
73.35876377803828 3.802210687565124 13.507475056246353 
2.0 2.0 0.7317011044112414 
73.43091969593605 2.0700905422564464 4.415209862508098 
62.43284333958989 3.853964637777294 0.21189651111048136 
8.604992378951675 3.1088051654237363 1.0364256116097474 
81.67525027995714 2.327171269897511 3.711587105834148 
102.39363417489434 2.0 3.3265133478621323 
2.0 2.0 0.9412242240859996 
29.90995913328195 2.594341921153507 0.36361156630745606 
65.9212232992108 2.067399468050505 5.152286206063966 
47.76740151219798 4.414947671330348 0.7083081937485223 
67.85935753905143 2.2256921383227755 4.250966105788144 
86.9958530140102 2.2184748839461017 3.9654970147882134 
59.61474171271644 2.11313070605212 2.6045425088502223 
72.88903001485123 2.046982665208022 0.47043429006356935 
62.51267949561934 2.1224643353082513 2.70580892091583 
56.31278720033854 3.6130200206837833 9.658591956409941 
75.34259593469321 2.0 7.0401104332269 
76.95749374356089 2.105499575255053 3.5719091572077866 
2.0 4.021645382227695 0.19064695373201523 
6.875729157386469 2.397089837430155 0.25538519556818895 
7.091927914854125 2.903381002123213 0.7572531779804506 
39.48764538583704 3.038010208537461 1.2830743639547793 
64.42262799526074 3.693988403498941 14.587373273592984 
3.821743411471573 2.0 2.170050714292296 
56.63923088095849 2.2738580693896018 5.813459365739802 
2.0 3.883698318093269 1.1297151512164447 
50.21438731014472 3.8535119582098325 9.479918349147631 
47.0167041217079 4.051960132438489 0.2957387861531835 
60.60794126430261 3.7917583987396677 11.022990745158317 
78.46159574826665 2.317801475106382 4.769098306723744 
10.928387871424846 2.0 0.516603236318101 
2.0 3.233532720454075 0.9622871242634284 
3.7585466415920807 2.0220492935856744 3.2818221286083946 
2.0 2.710861253399434 1.2349084759340276 
14.181776096549953 3.1808778815176484 0.5780696648003205 
21.206342668345155 2.064399239407607 1.2581558832691406 
20.815264746600967 3.7397110668680402 0.5470549553792756 
5.210357610115652 2.1491168277905066 2.613115191824991 
23.3527812837947 2.877212774511577 0.4214895808495307 
12.811659220653901 4.4177098456568284 12.68952964945106 
62.212871549857084 2.1023844575560227 5.580183234671443 
26.53625847023949 2.0 1.3070899958530302 
61.97113214646562 4.326546499776087 8.402119841027833 
5.99394330135512 2.1259799526948946 1.7960726468401205 
2.6800165642045455 2.0 1.213880588248386 
4.140017915569075 2.1010854690890723 1.6434120377613346 
22.632624777895195 2.0 3.427253753999732 
21.002554547113593 3.3791019224003995 0.34444047794927113 
65.56476539579032 2.056122814207303 4.782838700174608 
45.522188310139725 3.634385869761374 12.174393437421553 
55.93966555643469 2.3170456632588468 6.080788668346321 
2.0 2.7344612335143683 1.0630391124507972 
8.46176439640439 3.3221695209530258 3.235153416779629 
27.060424812393883 2.1123429591017366 0.8279460177300568 
2.0 2.191377462955342 0.3226533240483056 
3.9033365066067844 2.1304769589127424 1.9449138569299511 
4.800627076614571 2.7241894159035946 1.511623229319238 
2.631082656153268 3.2370159659802935 1.1061562630189512 
20.631062404769118 2.295587904973466 0.8593893299538855 
5.144034968726851 2.1448674959072056 2.478102318332399 
8.658638382932923 2.0 3.268828218303427 
2.0 2.0 1.5416900334484556 
4.8109942575619895 2.008673936613189 2.2616746306875672 
5.035297853844098 2.3665669793192325 1.8449556472062367 
3.902302984575321 2.3725336643893105 3.03419050921202 
37.80772952919749 2.0 0.7205317807025073 
8.047614009617849 2.7001419834320446 0.3082659393549787 
2.5539703572515657 2.5940980631571224 1.5977604759648352 
2.0 2.0 1.6084416835338144 
25.3496048920085 4.119103578454149 0.31024682207096776 
2.0 4.467416158741431 0.06839014043421887 
19.233171860004944 3.1143396135168757 9.840496568863808 
2.0 3.10207300501908 1.7286484833288753 
4.5051427124978645 2.0 0.16274248315111123 
8.681402759413027 2.4585010647213075 3.825080145075457 
31.141569358629788 2.6111899468538446 0.7447940046874378 
2.0 3.76466277650207 1.7495147035957885 
63.19660223424961 2.0 5.233011611469177 
