0.004617690000 0.178078000000 0.151364000000 0.157711000000 
0.005019660000 0.171553000000 0.144781000000 0.151077000000 
0.037854200000 0.087467800000 0.068810500000 0.072832600000 
0.232499000000 0.004084900000 0.002947020000 0.003201930000 
0.280050000000 0.000056940800 0.000005178410 0.000002959730 
0.069058900000 0.057964400000 0.045049600000 0.047521800000 
0.271125000000 0.000245886000 0.000156018000 0.000162574000 
0.133574000000 0.025140100000 0.019777100000 0.020724600000 
0.170363000000 0.014294600000 0.011389700000 0.011879600000 
0.256599000000 0.001072770000 0.000762845000 0.000829215000 
0.012972400000 0.137296000000 0.112752000000 0.118200000000 
0.006307600000 0.163537000000 0.137039000000 0.143227000000 
0.081471400000 0.048578300000 0.037701900000 0.039726800000 
0.155305000000 0.017715700000 0.014051900000 0.014683700000 
0.265252000000 0.000810072000 0.000589498000 0.000634412000 
0.013631300000 0.133798000000 0.109326000000 0.114889000000 
0.109983000000 0.034058300000 0.026528300000 0.027887600000 
0.066521600000 0.059545100000 0.046289400000 0.048833900000 
0.019921300000 0.116845000000 0.092356400000 0.098755700000 
0.055044700000 0.069927000000 0.054538400000 0.057663100000 
0.118225000000 0.030058500000 0.023491800000 0.024665700000 
0.006877900000 0.160989000000 0.134637000000 0.140767000000 
0.165480000000 0.015427300000 0.012286600000 0.012829500000 
0.008593080000 0.151253000000 0.125529000000 0.131402000000 
0.238175000000 0.003290860000 0.002348300000 0.002553290000 
0.196882000000 0.009170700000 0.007383050000 0.007685260000 
0.028773300000 0.099709700000 0.078926600000 0.083531300000 
0.053226000000 0.072559800000 0.056496400000 0.059426700000 
0.040218400000 0.084503600000 0.066300300000 0.070149100000 
0.211406000000 0.007191670000 0.005587030000 0.005876040000 
0.151669000000 0.018926400000 0.014984300000 0.015670200000 
0.031293400000 0.097786100000 0.077341300000 0.081853200000 
0.028172000000 0.101958000000 0.080791400000 0.085530200000 
0.106241000000 0.035597500000 0.027701800000 0.029128200000 
0.141582000000 0.021841100000 0.017236000000 0.018048800000 
0.242071000000 0.002407370000 0.001717470000 0.001840030000 
0.161121000000 0.016268700000 0.012928600000 0.013498600000 
0.250601000000 0.001834210000 0.001299890000 0.001420020000 
0.072931300000 0.054286700000 0.042110400000 0.044396000000 
0.033071500000 0.092643900000 0.073045100000 0.077326300000 
0.185481000000 0.011062400000 0.008860740000 0.009232620000 
0.086620300000 0.046733700000 0.036398100000 0.038136300000 
0.125130000000 0.027740400000 0.021737200000 0.022808000000 
0.007018570000 0.157528000000 0.131757000000 0.137825000000 
0.098439200000 0.039305000000 0.030586100000 0.032183000000 
0.025531300000 0.106480000000 0.085433600000 0.089969100000 
0.021586900000 0.113721000000 0.090797000000 0.096054200000 
0.057080700000 0.068273100000 0.053254200000 0.056289100000 
0.175858000000 0.013168900000 0.010533700000 0.010986900000 
0.017283900000 0.123176000000 0.099769900000 0.104944000000 
0.005567550000 0.167117000000 0.140497000000 0.146729000000 
0.039423000000 0.085769800000 0.067382000000 0.071293600000 
0.027088200000 0.103841000000 0.083148200000 0.087569500000 
0.015763300000 0.128144000000 0.102190000000 0.109033000000 
0.070905700000 0.055875600000 0.043604000000 0.045733600000 
0.089478500000 0.044717800000 0.034767900000 0.036405900000 
0.051025900000 0.073679100000 0.058111700000 0.061105400000 
0.042617800000 0.081346500000 0.063709200000 0.067404800000 
0.137749000000 0.023671000000 0.018632400000 0.019513800000 
0.092425800000 0.043312700000 0.033624100000 0.035400400000 
0.015051400000 0.128965000000 0.104926000000 0.110310000000 
0.062769900000 0.063271400000 0.049569900000 0.052043600000 
0.007766720000 0.153888000000 0.128362000000 0.134341000000 
0.011941000000 0.138575000000 0.114318000000 0.119851000000 
0.112392000000 0.032704100000 0.025501400000 0.026791200000 
0.034483400000 0.090163100000 0.071013100000 0.075153600000 
0.013383900000 0.134903000000 0.111018000000 0.116418000000 
0.022965400000 0.111163000000 0.088592800000 0.093752100000 
0.032269000000 0.094683600000 0.075295800000 0.079356300000 
0.045347200000 0.079774800000 0.062448300000 0.066049900000 
0.005136010000 0.171514000000 0.144734000000 0.151033000000 
0.004724500000 0.178060000000 0.151348000000 0.157694000000 
0.049264400000 0.075471800000 0.059400200000 0.062453100000 
0.146534000000 0.020491800000 0.016191700000 0.016938700000 
0.006096360000 0.164752000000 0.138573000000 0.144795000000 
0.216997000000 0.006347680000 0.004930850000 0.005221640000 
0.098011500000 0.041742300000 0.032254700000 0.034010300000 
0.023983000000 0.108376000000 0.086263100000 0.091289500000 
0.010685000000 0.144700000000 0.119530000000 0.125395000000 
0.077227600000 0.051895200000 0.040309600000 0.042468000000 
0.122491000000 0.028470800000 0.022306000000 0.023420900000 
0.192394000000 0.010176400000 0.008028830000 0.008416770000 
0.018666700000 0.120323000000 0.097215000000 0.102257000000 
0.080787700000 0.050758500000 0.039607600000 0.041505800000 
0.016626800000 0.124875000000 0.101283000000 0.106512000000 
0.064554700000 0.061249000000 0.047650500000 0.050308300000 
0.008976460000 0.146597000000 0.121660000000 0.127446000000 
0.225070000000 0.005267030000 0.004048580000 0.004301340000 
0.202814000000 0.008170820000 0.006530200000 0.006793740000 
0.007364270000 0.156088000000 0.130046000000 0.136059000000 
0.103539000000 0.037996300000 0.029588500000 0.030960000000 
0.010805100000 0.142628000000 0.117618000000 0.123225000000 
0.180857000000 0.011886800000 0.009533790000 0.009932420000 
0.020544500000 0.116493000000 0.093211900000 0.098597300000 
0.048250700000 0.076982200000 0.060865400000 0.064011000000 
0.011878500000 0.141541000000 0.116350000000 0.122159000000 
0.129957000000 0.026487700000 0.020645800000 0.021590300000 
0.014135400000 0.131000000000 0.106795000000 0.112247000000 
0.059841200000 0.065724700000 0.051193500000 0.054093300000 
0.027102000000 0.104558000000 0.083040100000 0.087890100000 
