2.0 16.879040134131543 86.48193844825913 
2.0 8.629993185585578 60.41613983665572 
2.0 2.0 1.6506505921857553 
2.312962563607417 33.69030878521547 0.41584965560849696 
2.0 2.0 0.12497598067862237 
2.279577276003893 2.0 1.3413702708968298 
2.000026353133959 2.0179441047176656 0.16832807181884846 
2.1392342500458765 2.057635825797903 0.9884392977253357 
2.344372574009277 2.0 0.8128733339913773 
2.0109757961041965 18.294707992099035 0.31394556813238417 
2.2840025058048186 9.116259701235432 2.4949593804563968 
2.146154731619897 9.4030663353839 3.6088279887622514 
2.0 2.0 1.246473731044214 
2.0 2.0 0.8792860276385994 
4.216321445165728 2.0 0.2618684881397759 
2.0 5.3793406825376255 2.3680348476989224 
2.0 2.0 1.0975890370661026 
2.002710948899138 2.109296860359305 1.357994119348151 
2.579420240747883 2.0 2.049123265609641 
2.0 2.0 1.4614982536384 
2.0 2.0 1.0474126011700897 
2.0 8.731732626558427 3.383176466787642 
2.0119838886992976 2.0 0.8354602882463317 
2.0 9.261238325923795 2.9249195812451063 
2.315685359273449 26.638996199956082 0.45902566481406537 
2.000095398505487 2.005766781394349 0.7006595134316023 
2.2813175498331035 2.0 1.8003851984140982 
2.072993015845425 5.437770757012702 1.4939792070137485 
2.0688389324767873 2.013408770290275 1.618944442058612 
2.05598672335028 2.789430717341207 0.6367126522558229 
2.0000463462132383 2.002801600285418 0.8982509578525171 
2.0297824927625996 2.0 1.7738811793791642 
2.002645874489081 2.1550678734382416 1.8229940735401777 
2.0023515331809274 2.161556193558893 1.112433182767143 
2.26564991163682 2.0481004923777464 0.9464757899343561 
2.3763821273824655 40.11270053174507 0.33783168035833766 
2.2156877636221792 2.0 0.8496863930326347 
2.3687773251120348 18.924034620550813 0.3425393343029072 
2.0057737439256935 2.0026071822186324 1.3021955520069466 
2.048824765070991 2.0620007276718955 1.712749301452382 
2.2527065198493186 2.315909690788849 0.7493204267154656 
2.0105206404005562 3.444191223903286 1.2341792162606136 
2.141453927254192 2.1495448490768383 1.0227654171790723 
2.0170465289027217 7.304442612321344 3.2956317445574816 
2.0585467847101095 2.0 1.1528026044483424 
2.292968869333184 3.8160911785187075 1.9275320004068068 
2.3860698507968188 2.0006445112120974 1.9856047479668502 
2.064308211674178 2.124557447783725 1.446838544259239 
2.03253847650664 2.268139769081777 0.7962129252517901 
2.0 5.004566047337903 2.1628005246875737 
2.0 8.897535162577423 4.054272499787232 
2.3954108947623367 2.1054533975809946 1.6305260736681968 
2.080918190925338 3.9832848092352378 1.8863052512622023 
3.0537071453855047 2.002914281964554 2.2601841946304506 
2.412054175911785 3.0440796677703448 1.3277295284304762 
2.1919854962951537 3.0875856827746286 1.2068037440322446 
2.096266228303178 2.667191083160594 1.5157094454702893 
2.0 2.0 1.5868782248466726 
2.1209844599112513 2.0044802766133962 0.9659366224993008 
2.485079900173212 2.084582088203441 1.1972677024101679 
2.3694672371168255 4.958021971625137 2.268327154247182 
2.128079843737176 3.3141152392839652 1.4002477295121514 
2.179202748543497 6.631791568536281 3.088693914464562 
2.2212374162298074 6.625449597209494 2.5802510333724302 
2.0881382605302723 2.0 1.0793083831316979 
2.158629300441384 2.001440362062036 1.6782014158206353 
2.216325381357909 6.585755000451119 2.4918308902924653 
2.0 2.0 1.9514009998117876 
2.0 3.7422052616773316 1.770807288591491 
2.131655484109634 2.0 1.5651285909579693 
2.0022442562991936 9.465606854971224 5.26269393756381 
2.0 17.301476480441075 6.2397734987670885 
2.2325242429432492 6.34509595134013 1.5343915524488831 
2.0005294467601704 2.0 0.9223287620443612 
2.0455462769316335 7.019336818216804 3.804293335820838 
2.0869675995237658 3.2453160622880453 0.6062757925769419 
2.249429666600205 3.8351790355610533 1.1629939000481255 
2.0 2.0 1.908974974077019 
2.0 4.223246763560459 2.73373724410825 
2.0060055391536618 2.0220992156813327 1.2810848220081792 
2.056682747629719 2.115516434530078 1.0346221204229882 
2.2569743848740345 2.9680220368623966 0.726378037369713 
2.06910495634765 4.574689770165866 2.1180760527032927 
2.0393233095183265 2.8334898143876264 1.27031135280283 
2.263491598666171 5.324886636525761 2.191435517279265 
2.0 2.0 1.3735188857899006 
2.0310357121825366 7.070489586372617 2.818894004769166 
2.0894866538164596 3.3733339596109495 0.5682226061202775 
2.0 2.3505256051603447 0.673219304459207 
2.002248417997865 9.415987638913759 3.1384553091311673 
2.132358893599997 2.6006934752656803 1.1357827220177819 
2.0655785112960237 8.719546297938336 2.644384254083499 
2.0 2.3906522407841577 0.7671715193181151 
2.0 2.0 2.026206714465852 
2.0148060341780543 2.57931366027245 1.5567975023744522 
2.150373588764033 5.1146105629333105 2.552620223384611 
2.0 3.1562267370384443 0.9935827606868206 
2.015520721584878 5.407485918915042 2.3246604131859576 
2.1044094496749906 2.0776392523704637 1.4179437308868061 
2.0 2.1699201159026886 1.8600907319913176 
