2.0 18.227936008246886 153.12447123799856 
2.5812219771809244 21.197840839477283 136.56041921378846 
3.1280884141147283 3.1364911013271497 2.295890711376858 
3.0348837462071465 30.49134982143238 60.00896531053807 
2.9429282397852514 17.09889124402911 128.0 
4.3854418214307795 3.2507715938064745 2.449774589084311 
6.556957082557957 3.5417130640593384 5.649063863441234 
2.1061086176879917 25.553368222083673 12.82354376897761 
3.2866918123236952 2.641239195020959 1.4749621687717764 
8.10607908559433 3.3853896061083812 0.5917871919331608 
3.7009559692650607 2.9138389321483578 3.070558707855886 
2.8711474275132582 7.59290090394974 10.970905381831507 
3.961723697845395 2.0 0.022007759228626078 
7.030021033267541 2.1985600125224094 0.18154968232394153 
4.007667491039416 3.85063083781664 0.7425411404484858 
3.0041178086623805 3.28708483420294 1.4542225926162764 
2.7803422379779983 3.420404170792367 0.8353101762859079 
3.7302573970478514 2.2235180884238357 2.6632947540492697 
6.0624653553719 3.2994299953502635 4.2651939612106355 
4.055164903942154 4.3207306992110635 3.173808395865538 
2.0 2.6565395252833786 0.9537688856114669 
7.260002488161957 3.978392463416448 0.1918414515951099 
2.0 2.655415739511882 1.0887806393853523 
2.973917609154745 2.511695175944121 1.0265630566134258 
7.14074842071501 3.3171971485204836 0.3485619301839568 
6.927032515774739 3.966125356665139 4.735381550058176 
6.8953086949909865 3.39736658417211 4.259526871002671 
2.0 2.8765917300866417 0.7626429294546984 
4.364180894882375 3.365657184679918 2.7208937699307523 
2.0838255064104487 2.5475060637791733 0.9198603688931222 
4.1659453074026676 3.5793072242534767 1.9832439422616996 
4.459764084738991 2.7464023353701643 0.9934821471125905 
2.0 2.8450667578897857 1.2200528955114018 
7.107981298274796 2.0 3.8310629760845742 
2.0 13.447431758960507 12.665958721212064 
3.767471412552295 3.690120761518647 0.5716625603639858 
3.3841855490636727 3.498364989201535 2.8864081017714196 
8.655265744423946 2.6188557308325655 0.39393446934997445 
3.7619459698019493 4.046497670798333 0.8102493745047995 
4.528994580473962 2.7674099612705563 1.011071344680913 
3.5710405189659573 3.5099168941937937 3.2631209549709226 
8.371344081742325 2.774968773656788 0.4590264882698194 
2.0 26.86315831579904 18.17394587718936 
2.0 9.38553054061089 12.549880757829346 
2.0 2.5108320232033066 0.5478500762835224 
3.1028249523670963 3.5403419945451624 1.6873665032637182 
2.0 37.0277640114994 25.303674540278475 
6.430607871425076 4.16559985184503 4.71480776114845 
2.819167457080658 3.51323062944329 2.125296506856643 
4.308309685831203 2.0100832927030723 0.14857118476629405 
2.1909660223124785 2.5012570895029143 1.1948880687126129 
2.4666610925593893 4.519930783426923 0.5592107502877548 
6.054755706936274 2.0 3.273045875899276 
3.1476359605775084 3.0262553377762877 1.5003033526985723 
3.2659818992457397 3.116344671351703 0.8879946589415493 
6.848686220054366 3.0361222428029495 4.411517854735845 
3.075885261103301 3.2719781445756126 1.7930966258843188 
3.922702484116863 2.784620478447843 1.052379869249692 
4.308370005905826 3.7758384820276376 2.9861414019892223 
4.38249831797876 2.5262616295331233 0.9030478472872656 
3.150321493842408 3.0814634107885674 1.7481496539472836 
3.3760918322783486 3.77858934850657 1.897876325199666 
5.611113926849782 4.218694596363386 3.6440761033012756 
6.842418412033116 3.8128869335781683 7.703549539951764 
2.7192694678782017 2.885873891877834 2.5397087690538536 
7.051186835053327 4.408829077023356 5.9883435109848815 
7.2614578533511915 2.5060796335048092 1.5304068738659322 
5.509005862411941 3.8211524670824764 3.9277711549042698 
3.909301870080937 3.075421626189882 2.77291270364527 
2.7467510837224633 3.578250463370379 2.507664697636783 
2.0 2.6409209582059168 0.4304886976388616 
2.9435106731804495 3.24533703366653 2.2356890874900315 
2.0 15.648513011544217 15.124928321246408 
4.004243966701656 3.094044189550729 3.243948043649077 
4.086917059308855 4.191994099085641 2.52716879270879 
2.0907643860385767 3.406132006845206 1.4044579127685988 
6.546765193737195 2.5648580357099746 0.6577434083976066 
2.0 21.33801078679905 21.24479802805068 
4.401965203086946 2.5192056130106204 0.6651812086126815 
4.277504720545829 3.3563576694513273 1.6125077670482675 
7.077160260636506 4.074898021438862 4.9930015627222275 
6.504385991593853 3.1634124606004983 1.1360187318269248 
9.396318258164028 4.0434316988808074 6.127648804146762 
2.0 4.44179007434955 1.395633506658323 
2.0 2.837790714537912 1.3572483432863556 
3.8985475418848043 2.7152488715586314 1.1238816915361942 
2.0 23.40365881698745 22.806183245301494 
6.94547544224365 3.1643349753545262 4.628144605543046 
2.487534016066076 3.222432753715565 0.8342285014819248 
13.450729038278281 2.40489121989371 3.984020177640084 
12.431668449732816 4.421806346331044 0.19193272699103225 
3.11139730829987 3.8012603720324005 1.5773694967712626 
4.0655912615025604 2.5071585520040216 2.096162320378033 
5.203233973206991 3.1917391799271364 1.9969253105543388 
7.459454239363857 2.041036940709693 3.977149232381947 
3.503327980982477 2.778035390114738 2.908371773742048 
2.122969635106655 4.685206106146666 1.1064088739839584 
2.0593833181368604 3.1418521341315495 1.0245144973403668 
2.032554935419741 17.564157956066023 16.18346046826196 
2.1241822510730715 2.70398747352767 0.6782228404628965 
