3.152033233915886 22.03762263095232 229.44184542108312 
3.471122782900858 20.902467391547397 256.0 
2.0 17.544361965557968 249.66190558899228 
3.1339011368686336 16.554265192690373 239.99509480118618 
2.0298432782788463 34.956485315042556 27.978839292920597 
2.0 107.48359336572351 0.43097389935419983 
2.0003435103063887 77.13914233380493 0.9125440963814561 
2.0004248323072855 70.23725017581765 1.0206302179595301 
2.0 69.38893108729664 0.6785175871904249 
2.0 71.74493360845358 0.5889829485802647 
2.0 55.33902256329944 20.804970389716104 
2.3421896970723846 23.262300499597348 15.823248912757684 
2.0000141635939 75.55558814116804 0.4643833414234698 
2.001873869850423 29.828168215156666 1.2923805005266638 
2.1264933380555235 29.262359810017728 4.776696069650387 
2.07343259123717 57.19060310432466 19.765877443170055 
2.010217208795233 75.22355952548284 0.2244603453174392 
2.134482525717938 26.120189351343637 5.168687175686292 
2.0199564785134427 39.31041518011888 4.434128333128368 
2.0004543209517616 41.262549942814715 1.7678101038818563 
2.037898209552266 86.19689372090929 1.145299316372648 
2.0 2.0 1.1244559085809434 
2.176971146241908 26.437919997056976 13.118431328857364 
2.1739714813003985 12.465586516061002 7.284353881665318 
2.165454904508844 41.00545778320728 7.024693106858911 
2.0 51.729857119543574 1.34040672876203 
2.132243594857494 43.21488527509235 11.351996078256734 
2.0 2.0 1.1904614942926948 
2.002456443962337 42.55099009202606 1.0217125491162764 
2.0456799814215287 29.184211857413814 1.9443582075490624 
2.190915470253061 30.56701126345993 17.378404249655464 
2.0 31.149536982923244 3.182027752848046 
2.0010897604587106 85.5301621285912 0.5201026383219846 
2.0 74.31535018055116 1.1871487184197171 
2.1349415183173295 39.75434047292604 10.04775538754071 
2.037294389972162 85.4647509090546 0.940278829032346 
2.0197413810252463 85.00313053786651 0.6689127852307026 
2.052232219182086 58.98976036031978 1.1427780519258066 
2.0323179593721417 38.58339030010834 0.8184981928518933 
2.165867007269683 19.750370769347747 0.5614937428019393 
2.196265956586438 20.764300559166706 8.04529450399464 
2.0017505859463154 17.24373803501038 0.955608995920389 
2.0 30.20745863744507 4.1567751976147065 
2.221526562816839 25.621125396984134 9.044742100426355 
2.0 16.187629788634098 2.4737412905424043 
2.069305748292742 16.327150170753058 2.8253623123298435 
2.237036547821616 50.44739804941105 0.14056413207996865 
2.0011195216288313 16.11443604561113 1.0725164706770167 
2.4568349370200058 21.40431607038182 5.646919589262254 
2.0 68.80142002261799 4.004016946784759 
2.4393737776812574 2.0 0.1731119986266585 
2.0438381051752033 18.10904181489481 9.147274490155697 
2.0029038858091157 37.953890376692215 1.9975402366148243 
2.0 63.29990487152776 2.116864545328315 
2.07611386830345 6.8271501707530575 3.073616258860821 
2.026172328142882 51.6153331984886 0.28402190097401103 
2.0008595661851922 42.335535225402964 1.217024145386501 
2.020259735354396 44.534840412002865 1.1914348604873064 
2.4202334513494823 28.88006019563787 1.4373042838630337 
2.0 43.86549248192626 3.770237163055156 
2.396289421913963 26.306750848752984 14.871398559883321 
2.4718162533373422 2.0 0.1366078175878076 
2.1466466240754434 36.54154353614139 10.608633263802805 
2.0583094585222743 35.08485885501919 24.212653926692603 
2.0 25.811842718697413 0.20045671407153898 
2.011583718719685 70.09328721652275 0.8519799979541214 
2.478545991551778 34.01991484473584 1.3835891419960782 
2.019609732641344 23.569666508605284 1.444317015179705 
2.3058310611566943 21.711317466264862 10.145607514074626 
2.4225319814065913 28.410592296825396 1.7016631515719953 
2.184426775920815 7.707948226065646 2.678395050724763 
2.0 20.529490706196764 5.3843160310632 
3.9724631028546593 68.64523899260637 0.40633546001930665 
2.4518616609221917 25.962336367141475 16.883491187305886 
2.0029578185568124 22.118103489897955 0.8192962368708971 
2.0 70.16785777147203 2.067204462316884 
2.0 17.78119422484113 6.441906602311363 
3.1376956294945018 2.0 2.666317711449876 
2.3355825461500146 42.1861190619516 1.3159792040957647 
2.0531426637800347 20.319416049003298 4.512421930203752 
2.062113866194786 11.657256649356206 5.007619351648244 
2.018826437261844 18.72353425479528 2.4595403204249067 
2.149705147972825 17.769705479957977 3.5141330351852664 
2.0107045418805516 63.014592055496266 0.705646205002474 
2.4212278894096153 28.275588625079305 1.8390882767318475 
2.0263526952561484 36.73829799214077 0.3991427296873109 
2.000611268670853 9.752548524746395 0.5551115789577138 
2.0 57.21946711402184 0.488997155379554 
2.0 2.0 1.7632915688394175 
2.0968416092794744 24.924342516121143 2.5764937230598957 
2.0294206880952532 20.42125430803332 2.5397940190945816 
2.0 11.465331025106167 16.265051415546495 
2.0013608688606737 21.09836408754169 7.579341824904112 
2.0230188711991386 86.59389846212483 0.13189478589148895 
2.2095241304213067 23.6198189569292 3.0605048188283135 
2.0461140288200856 33.49693392439562 1.8614631626481821 
2.0777706998011958 17.90671709639593 3.1586074185750665 
2.095128130088075 17.902659627205903 3.3768808075207466 
2.5811672932784866 7.761470915128084 0.22334428291747732 
2.144188167167191 22.049765948714153 3.439357282401606 
