2.0 18.49971280148078 0.0 
2.2026434036645193 30.192594642678017 0.33946460560794234 
2.577524022603691 2.794186424994809 1.757978564121655 
27.63467809370347 2.0 0.04939572216509701 
10.248312848331327 20.401681041071036 0.4220321791731567 
2.0 33.99484295755332 0.1493749534297879 
3.7002284750596424 3.063278966970193 3.767377820168909 
2.7445561108364633 3.3674145088824146 2.2086220411600737 
4.529541036642691 2.0 3.833600190412272 
6.99052036498102 4.487660127571916 7.523069336607991 
2.0 12.795957319106133 18.26074153954537 
4.91574352980395 51.773204040544385 0.20755771217578695 
2.0 16.553185063484754 12.45698801773743 
2.0 2.0 0.017320344836031065 
2.0 26.867371926201127 9.009555759484137 
2.0 33.44283142671169 0.4476059902557541 
5.721777011883661 2.83609923997347 4.293619687894355 
2.5160942774864035 3.2414537041621543 2.338250023197218 
2.9932863712832636 3.2430016375343094 1.5553665671934809 
2.636560808137489 3.0561780745497025 1.8507398982099423 
3.140732388825789 21.764224901448515 0.0 
2.550568626399423 2.83453070671572 1.0800559122085696 
6.68786746372491 2.295044550345882 0.6670571679490896 
2.707217150609596 2.92191110800415 2.015708745762801 
7.455880811701476 2.4059098448940666 3.9450467907163853 
4.053595180094945 3.2717044887855047 3.927865063260893 
2.0520259772275247 18.60801981482299 21.779129857064383 
2.0 3.1997082080166677 1.3770906645916172 
3.278144475757285 2.8952305336772897 2.249602939830725 
6.7199799691342585 4.039423467551041 4.256690002458395 
7.268983451287069 2.0 2.8737965715552765 
4.303339298918667 3.3048459039891784 2.6104665346645133 
4.119676883405534 3.789851470411447 4.2488505984985725 
6.914846948084033 4.102225073764627 4.305677648762963 
4.0881754871732285 3.9331414298947673 2.9517612112582077 
3.055631903873045 2.5360910507165 1.3554722309442686 
2.537980951347566 3.488007641927994 0.8261925743557363 
4.311235675904065 2.9102504644209124 1.1549403572206032 
6.662056370854034 3.4166575172284723 1.0240973811102811 
2.698764282561924 2.5824633373874644 1.2529067383316455 
2.954872202964188 2.750845023120691 1.2816637017210288 
2.7835463320193714 3.2759197621707354 1.8863017811310456 
3.718473173264351 3.1702585272512 1.3036795393551153 
3.66992616522753 3.307711434120246 3.6224447733104945 
2.662078255526218 2.999528685068575 2.1128639505186886 
2.567143272219239 3.3647858756748543 2.5299343428202343 
3.1442148025629413 3.2378826638470186 2.071560951309598 
2.1104380215533904 33.26826967659797 0.6660416231698539 
3.9139376190207376 3.1908486247662187 1.0083212262624635 
2.2277554133717157 24.954738372266814 0.6302018488368142 
2.7955568400601405 3.417430199049918 1.1288466049447177 
6.389686036982214 3.7196231178529406 4.366048846484103 
4.208680017933607 42.16994201413707 0.15533456213655858 
2.02670902915804 31.218419770671254 17.52525573267559 
3.3843511067837313 2.0 1.0168333160061966 
10.498939177383035 5.465573198073766 0.5506731317818634 
2.5541726156694065 2.0 0.7216304510781804 
2.97577133282309 3.045053945877918 2.426497611618811 
2.0905764283499084 2.733002749519824 0.9842093713199925 
7.150130027750785 3.762993683814919 5.004594575167583 
2.023318704375522 60.956371834586406 0.6496094335073141 
2.773866098893541 3.0135628745089873 1.213096651173899 
2.457111022359664 3.4158983981372337 1.1022125875012345 
2.635613304196772 2.6926334048107967 1.2948659737995927 
3.178181607617315 3.2968648080900014 0.857991500455712 
2.9654226503800816 3.229885507471827 2.8411890018888895 
5.933532843238342 3.3604540288296816 3.9419161887142926 
2.7366738069007095 2.7377175952714095 1.4856734527491964 
4.268783129586417 4.180201739877264 3.9650356887224683 
7.239753611362504 3.624993923624942 4.597056367309908 
2.020081000967796 70.71501675311384 0.220610787767701 
5.355590431465222 2.0 4.025972508803399 
3.3176008361704232 2.3562053212139005 0.9408114729542437 
3.7005515438735195 3.794473972330784 3.21937993296971 
2.0 3.472296528579268 1.204571261322429 
2.5768032650512667 2.685039915659697 3.018823965655666 
2.0 16.595756096703628 24.32133043813468 
6.399664255017755 2.0 3.6620051478571636 
30.027000626437992 2.820087484538371 0.21573701616568375 
2.0 22.449664994253258 26.181381742655557 
3.370216256421202 2.8315388991711457 1.5132691636207993 
2.928740763424093 3.254323221233227 1.39442019704265 
2.169661703437432 2.882502160116346 0.9044947944549468 
36.523222551554646 2.557010276070595 0.2827705423639886 
2.5476033989520754 2.691520821008026 3.298217824523859 
2.977401901217282 3.4750156468778783 1.458576870458252 
10.209845644569596 2.544190059810896 0.8297133916413204 
4.364481763888728 3.6805275830828137 2.9051654527724997 
2.584454695121536 2.963297527633622 1.795061215482495 
3.111869858571128 2.9093944252747113 2.379229839164184 
2.0 13.201000903629984 10.03083422804723 
2.5259405690322962 2.86447004863404 1.6508972021812778 
2.887375080342022 2.9726484557173367 2.289632937173996 
2.0080812578806317 30.678690874462504 13.228073963248157 
2.5165281803285477 21.355853529208332 0.0 
2.4927558929337104 12.530405265014231 11.7925593667687 
2.5033566803568754 2.9052034959844923 1.6052819086435859 
7.21207875690484 3.2789703078425805 4.345102498622602 
3.3025146254814066 3.9969758212005546 2.5500137072018703 
5.985250082067045 2.9383137259325602 0.03954014215509402 
