71.29715535527146 2.0 0.24204223445915574 
2.0 17.899101445986545 165.0940187960911 
2.077344294796041 13.107859817258632 162.29877949899677 
2.276675451303431 82.28411727330983 0.5713886637849441 
2.6726920967583885 17.44005290585536 186.7858143957977 
2.3378713988653783 2.7222747316403773 1.6085037403728097 
39.42188058972645 2.0 0.4808456787550983 
2.0 25.759351777628538 15.292051135509583 
4.936068531451385 9.262074515697677 0.1944100303989702 
4.730297669994601 2.0 2.9501036725257803 
9.292968894209391 2.0 5.401793604890904 
2.2447411281911065 16.10258964618292 0.22807832912037052 
6.632003948389821 8.4871413064553 0.12232350685687937 
2.0 3.801598466108714 0.77768048376912 
2.4497436764457894 37.27653074519874 26.393209015108805 
2.0 32.320192497163305 0.9940412396670126 
4.019670042982013 2.400951162276706 1.2407852568465945 
2.081537594935722 39.76430821472933 8.859990854312983 
2.0 73.14344187827696 0.7583363608110221 
2.0 16.071805855161017 10.791307777050164 
3.1876356917108994 2.0 1.0099709984257528 
2.693712475180493 3.984212077755341 3.1508084019671347 
2.0 13.30188563855217 17.314438341181983 
2.3600071002432017 56.02736638210764 0.5706925504572898 
2.085147545144859 40.94207572932921 0.30243848126278866 
3.2898559666561358 22.000040372765422 97.62814738282488 
4.333470496314384 2.0 0.9154093023483414 
2.0 59.59635481693752 0.4586051973760208 
3.5443474200209333 2.0 1.401591533056121 
2.0 28.55010777962528 8.805337851520456 
9.473088655934102 2.0 5.563982522212962 
4.121800723584544 2.0 3.350313769658431 
2.031989725708278 37.37220403079066 0.7435605062528425 
4.082624223880131 2.0 1.1931942761841523 
4.487413385530173 2.0 0.7362384988698434 
2.0 12.236219743562483 13.74208598769129 
2.046004045465538 25.479864988680504 1.0795569321719314 
2.0 31.326465168781283 12.642425803450639 
2.0 44.19370001029197 0.8445024405544691 
3.4321214471381474 2.8932863550242502 1.4450405257135832 
4.661297500011499 4.283460872633947 11.149088328258314 
2.0 20.842521768355994 19.618737939632094 
2.0 15.958710260148562 19.750645349039885 
2.073595310874735 27.636606063422256 0.4001708854091873 
3.819823146500875 2.325397432791676 0.6399041657480549 
2.56322570820034 2.0 1.8450581179835548 
4.710540312904471 2.0 4.169564333180872 
2.82692312142564 2.0 2.4561170862830295 
3.607724560038262 3.9206988689847897 0.9388550502447792 
2.0 2.0 0.7922849621845021 
2.9540516468615388 4.057977411735621 2.441282378540172 
3.297753683042091 2.577952855891027 1.9501885460046653 
4.093910408271119 3.1715227284998164 2.223078091217914 
5.702196050076768 3.091876322826008 3.61204268904652 
4.4571273873266986 2.0 1.225175373799162 
9.87152690504047 2.0 4.0039782481765 
3.5739174728163716 2.0 1.4509151673471095 
2.064939089803115 35.99492433065991 20.588561386097492 
11.442650918067507 2.0 4.245402592490544 
2.0 2.014847538192889 0.6556481512487764 
3.2534084251001163 3.0721534873806253 1.8048989989897148 
3.029981100309644 2.009567402447488 1.0394908278024846 
9.537134879481641 3.953855571983163 5.089112428888898 
3.7536942115055405 2.0 2.603116640600107 
3.5544672540803255 2.0 3.504378279240944 
2.01705160221479 13.362032083814563 13.389418019394533 
7.065795027766923 3.397802421929445 3.4095063149707894 
2.0 3.8809261193473756 1.0906457819730067 
3.825611523692434 2.8304598419777998 1.5422550918416826 
3.811953827434848 2.922781524759456 4.091278415962096 
5.80418079422572 3.057124491038202 4.095063140508284 
6.504790738870639 3.4389050933778433 4.283011558947708 
2.0510091620522957 18.2919704772439 0.7552407181439338 
6.711817707924334 2.699015555162973 0.3951342858106144 
4.0645003156621025 3.223948750722826 0.45067785080306066 
3.4254714926300647 4.410104525836843 1.713561184411029 
3.792015944509655 2.9480184467576587 1.0695060445161406 
4.157684439713794 2.0 0.9552206056336052 
3.6853611344298898 2.0 2.8088437645623774 
2.1382987204891526 2.7752300570010515 0.5514714307332071 
8.18010330360994 3.3451025363103035 4.084313684969555 
2.0 2.880265274845219 1.5203010574656093 
10.564424600016157 2.0 3.6125615956831503 
2.2180650239369766 12.768149744097606 0.3095626385907249 
6.528415089459635 2.0 0.08762343066862455 
2.6536720866524743 2.7181299703307786 2.7955692319811924 
3.6559711745103423 3.4890339931715753 1.2553722837584136 
2.0907305007918926 35.63464367005753 0.19442459249116348 
2.0 16.336879898902453 15.264689697718861 
10.480137388468583 3.721843904701852 5.487079748901544 
4.157407796500001 2.400481743205485 3.3238156630591225 
2.287935435166342 10.448760931428746 0.6175554085231205 
6.089083255832146 3.506895974546378 0.6143282981361132 
5.283189726576287 2.0 0.16318940296466344 
6.746746640128486 2.0 3.4252775934668875 
2.0 2.151813882147044 0.027869430436760823 
6.3213079343388365 4.063307231988241 4.864511380584332 
3.3810437636691058 4.321750855594325 1.6189050206633593 
