0.005019660000 0.171553000000 0.144781000000 0.151077000000 
0.004617690000 0.178078000000 0.151364000000 0.157711000000 
0.047164900000 0.082372000000 0.065053600000 0.068554400000 
0.152357000000 0.022068500000 0.016687400000 0.017717900000 
0.013110600000 0.140200000000 0.113164000000 0.120370000000 
0.039141200000 0.089343100000 0.071012900000 0.074669000000 
0.155100000000 0.020387200000 0.015553600000 0.016378600000 
0.271766000000 0.000360324000 0.000233566000 0.000247733000 
0.005625250000 0.167950000000 0.141296000000 0.147545000000 
0.106756000000 0.037182000000 0.028571900000 0.029988300000 
0.160610000000 0.016535500000 0.013143800000 0.013730600000 
0.030018300000 0.100639000000 0.080656400000 0.084785000000 
0.038208500000 0.091663300000 0.072795700000 0.076560700000 
0.215622000000 0.007242900000 0.005392570000 0.005758300000 
0.007552150000 0.163550000000 0.137290000000 0.143477000000 
0.009320260000 0.151053000000 0.125409000000 0.131451000000 
0.021486800000 0.116596000000 0.094285400000 0.099215100000 
0.049278700000 0.079817800000 0.062776700000 0.066079100000 
0.052481200000 0.072346000000 0.057008400000 0.059932500000 
0.051025900000 0.073679100000 0.058111700000 0.061105400000 
0.022215400000 0.113357000000 0.090473200000 0.095730000000 
0.013272300000 0.139034000000 0.114548000000 0.120141000000 
0.028224900000 0.105116000000 0.084208500000 0.088479500000 
0.054898700000 0.070917100000 0.055234100000 0.058110900000 
0.235795000000 0.004017760000 0.002868380000 0.003125640000 
0.029727000000 0.102689000000 0.082372200000 0.086568700000 
0.059289500000 0.066788800000 0.052458700000 0.055113200000 
0.110569000000 0.033781700000 0.026342300000 0.027684200000 
0.145680000000 0.023246700000 0.017713000000 0.018703400000 
0.014157800000 0.133639000000 0.109497000000 0.115007000000 
0.240883000000 0.002606200000 0.001861970000 0.002022250000 
0.012458800000 0.142860000000 0.118254000000 0.123959000000 
0.013621300000 0.138051000000 0.113661000000 0.119225000000 
0.041342700000 0.087811100000 0.069505200000 0.073124200000 
0.015051400000 0.128965000000 0.104926000000 0.110310000000 
0.016339800000 0.124172000000 0.098695600000 0.105383000000 
0.247417000000 0.001862450000 0.001324880000 0.001426390000 
0.026409100000 0.105237000000 0.083606500000 0.088495800000 
0.061594000000 0.064272200000 0.050036100000 0.052859700000 
0.007915500000 0.161113000000 0.135110000000 0.141214000000 
0.109019000000 0.036487800000 0.028133800000 0.029493200000 
0.204594000000 0.009407330000 0.006930760000 0.007463050000 
0.246346000000 0.002622200000 0.001753620000 0.001846400000 
0.029207700000 0.103536000000 0.083123400000 0.087364100000 
0.126567000000 0.027477100000 0.021520200000 0.022578600000 
0.033037200000 0.095880000000 0.075976800000 0.079986400000 
0.015575400000 0.127307000000 0.101458000000 0.108264000000 
0.017283900000 0.123176000000 0.099769900000 0.104944000000 
0.036442800000 0.092302900000 0.072973000000 0.076830600000 
0.069108500000 0.062271300000 0.048342600000 0.050897900000 
0.043124700000 0.082663400000 0.064796500000 0.068555100000 
0.012792600000 0.141009000000 0.116704000000 0.122455000000 
0.007920270000 0.160213000000 0.131628000000 0.138630000000 
0.078661400000 0.051130900000 0.039697400000 0.041822400000 
0.186858000000 0.011311000000 0.008922200000 0.009344330000 
0.231198000000 0.004952220000 0.003578530000 0.003901370000 
0.077144600000 0.052877800000 0.041276800000 0.043268200000 
0.015511500000 0.127807000000 0.101889000000 0.108718000000 
0.210107000000 0.008363000000 0.006199160000 0.006609380000 
0.280050000000 0.000056940800 0.000005178410 0.000002959730 
0.010573400000 0.144386000000 0.119227000000 0.124901000000 
0.025177000000 0.110379000000 0.087943200000 0.093052200000 
0.089478500000 0.044717800000 0.034767900000 0.036405900000 
0.192568000000 0.009884060000 0.007931510000 0.008257820000 
0.221776000000 0.005808100000 0.004229070000 0.004556450000 
0.081398500000 0.051489100000 0.039373600000 0.042053200000 
0.092907000000 0.043010800000 0.033482600000 0.035040500000 
0.181913000000 0.011571200000 0.009268220000 0.009658480000 
0.169985000000 0.014461900000 0.011542300000 0.012039300000 
0.033914100000 0.094951600000 0.074957000000 0.079345500000 
0.102592000000 0.040648000000 0.031234800000 0.032832900000 
0.030897600000 0.100456000000 0.080431100000 0.084532700000 
0.085314800000 0.047455800000 0.036932900000 0.038670200000 
0.259452000000 0.001285880000 0.000912934000 0.000985342000 
0.133574000000 0.025140100000 0.019777100000 0.020724600000 
0.025264700000 0.108983000000 0.087884600000 0.092316800000 
0.057353000000 0.067421300000 0.052580700000 0.055566500000 
0.100751000000 0.040618500000 0.031258600000 0.032767500000 
0.175086000000 0.013400300000 0.010722600000 0.011180100000 
0.073020900000 0.056691400000 0.044061500000 0.046245000000 
0.139432000000 0.022894700000 0.018065100000 0.018915600000 
0.006248000000 0.164277000000 0.137752000000 0.143947000000 
0.186114000000 0.012083400000 0.009262420000 0.009749510000 
0.019969500000 0.120396000000 0.097594200000 0.102453000000 
0.122491000000 0.028470800000 0.022306000000 0.023420900000 
0.061701800000 0.063427700000 0.049395500000 0.052179300000 
0.266201000000 0.000781277000 0.000530763000 0.000580879000 
0.009675980000 0.146863000000 0.121543000000 0.127487000000 
0.008157250000 0.151907000000 0.126537000000 0.132463000000 
0.070741700000 0.056986000000 0.044251400000 0.046680400000 
0.009429930000 0.148508000000 0.123006000000 0.128799000000 
0.005334850000 0.170721000000 0.143971000000 0.150251000000 
0.192379000000 0.010072400000 0.007923700000 0.008297210000 
0.020785300000 0.116825000000 0.093501000000 0.098897100000 
0.053824400000 0.071805700000 0.056374700000 0.059234600000 
0.083504700000 0.050051000000 0.038518400000 0.040457100000 
0.099741500000 0.041307600000 0.031913500000 0.033661800000 
0.018010100000 0.121798000000 0.098544000000 0.103650000000 
0.130399000000 0.026173200000 0.020564100000 0.021572600000 
0.049780400000 0.077421600000 0.060545000000 0.063707300000 
