2.018099079884132 8.696511412221291 96.8196333527001 
2.081921350351246 17.214190300510023 159.06878059511354 
2.0 10.901623374747887 1.5972413333365019 
2.0 11.748115214562715 0.885873937604168 
2.820228390185571 2.0 2.5478946462312595 
2.005514043439152 6.760603343900748 1.7164915083795496 
2.2578390786485123 6.691200483216533 0.870513469977207 
2.0 7.933946332474637 0.18925745075548228 
2.0 8.770864260408494 4.168096221260613 
2.0000459823941426 5.23137606292607 1.1049965940760527 
2.0 2.0 0.8590211800980275 
2.0 5.634636665290767 1.8686189635861492 
2.120669684340522 9.49740848473751 1.732709802915263 
2.0040381347435927 10.17478784616361 0.5982264125904179 
2.0 15.130245806537987 3.361502077754217 
2.003239668084176 3.6656376986466137 2.9339863298658666 
2.0 4.41980372029087 2.099203943216888 
2.0 8.348793861477086 1.5770701243984089 
2.0 3.2385135001023486 1.500776550953279 
2.214372667738985 3.2493777140307447 1.5173813911414897 
2.0117089245015247 2.068219240833449 1.9811216063587616 
2.0 8.007081604149185 2.5717246215358873 
2.0001239935247397 8.794191029957242 1.912603383167108 
2.0011615896599007 4.70814314229037 1.4646381437194238 
2.0 25.039774405962888 0.49326311333397693 
2.0532966464162223 7.41993440535565 1.8940945416263242 
2.204539070840157 3.1920136906147185 1.4428643658515314 
2.0 2.0 1.0900629367971288 
2.0 9.437378006500325 0.9249174233397144 
2.000014415701992 3.5178249001839674 2.450462803159306 
2.0 28.53138295113216 0.39066346941596064 
2.0 12.184526334403458 2.639051887300812 
2.2214253124932677 7.955687490899132 2.5525619392497148 
2.2552399990078715 8.773430178638279 1.6860230006062054 
2.0900900002851928 5.477163856043749 2.272373307220209 
2.701485577789264 2.0 2.1856400976338 
2.0 36.92078905219457 0.3552110922861483 
2.0864297627984225 2.2241719494784826 1.8694676835751343 
2.0 2.0 1.4042732138605658 
2.0000034712511936 17.423340656383317 3.2457229559776093 
2.0 5.81444063209322 1.0980557332017202 
2.147571769186031 15.709043351455122 0.6597912022395511 
15.73315824434371 2.0365024161004226 0.3612645758638453 
2.3250830508310507 7.0677992502078855 1.9182034680683988 
2.0038249232215177 2.0 1.0195705023110322 
2.179244345607316 4.558668622300843 1.7681148578474157 
2.9001110964300327 2.0 2.2465513090224105 
2.00769955959886 5.399508996258557 2.1668304792745934 
2.0 4.885616590354363 1.7172983308152312 
2.2090519618366056 9.331467698003555 1.3804304377807437 
2.001766624590667 2.0 1.5955933156980366 
2.190721838024692 2.948222158101962 2.698180514635132 
4.886386727354065 2.353448944726331 3.035812388754208 
2.0 2.1238387884135945 1.2744276931760112 
2.000467085180423 3.1198677226467373 0.749094164766867 
2.100568569247452 14.699886792113201 0.5245089184460753 
2.0062185733259255 2.593741171503262 1.294370941883123 
2.9612193672964895 2.356859711799501 2.2500800135584047 
2.0014270781510133 7.755953145691466 0.6454123117811299 
2.0229254556152196 2.440397766774881 0.10498491172233373 
2.0 8.885940412893152 2.699655496449427 
2.0 2.0 1.937912126022689 
2.011372626678287 3.1650017503895347 1.207972270117684 
2.0005798287350767 2.0 0.7217458123534262 
2.1048391116334355 14.409379337258093 0.5357790881675204 
2.669547704295791 2.0 1.2735576358716032 
2.0050938566625023 2.7778968353406484 1.1925275759625684 
2.0 2.0 0.7576014911564366 
2.0025666843049965 2.0 0.8201848074042631 
2.0155094592025207 2.1622959825383794 1.739385807713327 
2.0 7.445382685315807 1.1481073561581792 
2.047784002904267 7.497372135740322 1.864012233080395 
2.0507324974157637 3.4616191869232775 1.2365555323379986 
5.696611609858035 2.2512198543085966 0.2952347764953379 
2.017549249585482 2.0 0.9884231875925853 
2.000014856492441 7.461714438407329 1.9832863643060574 
2.0 2.0 1.4347756518868768 
2.0 6.2195913885810565 1.1543160054099892 
2.0 2.0 0.7984039330170926 
2.0042885073326593 6.173066434459349 1.3266210839335213 
2.0 2.0 0.9542749515386404 
2.000166942134247 8.665645599661618 3.6654734994489324 
2.1603313393739505 5.386525445048541 0.7438855018870303 
2.0 8.903730357048694 2.148197209764091 
2.0867476916337964 2.4020387674622636 1.0347058352166019 
2.0486855773905845 2.0 1.3942802326982102 
2.0 8.86382122529879 0.2665002231303224 
2.0 4.4998303314004815 2.809480535285729 
2.204844508135235 6.799479813440192 3.001167921485847 
2.0334003697917256 2.0 1.3316497151750946 
2.132545469543473 9.48556736430673 2.8232202813933394 
2.0001449240772216 8.610624747251833 4.659620689207601 
2.071463369040251 3.344778572237455 0.7169965926004336 
2.0 2.0 2.03288263054878 
2.0 5.701002957485574 1.4893321724172521 
2.0187929318199687 4.544812528578344 1.253515144232345 
2.0009148991879226 3.573841297200623 1.1521914212954871 
2.0308383539113652 5.405202195405408 2.1453204931661025 
2.36042947602844 2.2388596130358387 1.003029667277551 
2.2098133540718083 5.344100981187636 1.541544095164753 
