2.764224752160335 55.835389928722236 0.0 
2.0 43.57196452123362 9.757509413859927 
2.0 43.13596936835904 77.21510386204342 
2.490887436942681 75.41498340218541 30.577168380826908 
2.0 21.109663094347624 4.168472162074778 
15.743568783695899 2.0 1.220414769290494 
2.413580542081125 12.20433700479536 2.5821698833210136 
2.0 2.0 1.5712920433014173 
10.920702299060553 2.0 1.91400854746726 
2.2339955446604582 2.0 1.3874684847106877 
2.0 43.94848803540193 5.424865622091491 
18.391774819497655 2.0 1.6690505751586704 
2.0 10.303177881790234 2.147058676491002 
2.0 2.0 0.8867444526916017 
4.036198849005438 2.0 1.0428352796806708 
2.340942331810408 2.0 0.17081763796333638 
2.0 43.98071322092692 5.80069633220269 
2.0 2.0809562404033093 1.2006647892073858 
2.0 17.74250885878961 3.0943037096161476 
2.0 74.18319012483278 6.406198612777921 
2.0 2.0 0.8306544778127132 
2.5529374110177865 2.0 0.7697904292247486 
2.0 3.927935758939242 1.4252316738955644 
2.0 2.012793819149562 1.3616574263231498 
2.797877503842342 2.0 0.44135696931457424 
2.0 2.0 0.38059815577500755 
2.0 12.502326059303252 3.25007051469633 
5.197198381080011 2.0 0.44608322023689473 
2.290858574212767 22.757914614198754 3.9418757195922156 
3.41401573770346 2.4965097131639444 0.6605037336561908 
2.2644713001370005 2.0 1.2372308576247513 
2.0 2.0 1.0407680151232248 
2.110924801076938 12.10587213807171 2.3618070631414376 
2.0 2.0 1.5254692944718768 
2.0098112289756047 3.3297396367596512 2.0198784566161256 
2.0 20.976376737144378 4.623141625955742 
2.9475488794529148 32.21187899368249 46.46684316877858 
11.531989318677603 2.0 1.0783790338350225 
2.0 2.0 0.9592147167906782 
2.257863323878431 14.144395193529407 2.5033023109740253 
2.3196433254421525 2.001176984740138 1.139432598255082 
2.0 2.0 0.3073532360476948 
6.081105840412711 2.0103784894429735 0.6997610182346101 
2.0 69.92795993523814 19.296381917120645 
2.0819035474775327 2.962154619413073 1.472699955238332 
2.0 2.491715343801161 1.0098263578811788 
2.3486780552334996 9.855207523362697 2.1177168211793918 
2.0 55.60198457747853 12.369540928187005 
2.0 10.142508359472517 2.0668063993193857 
2.000500615689861 2.0 0.9019935702742645 
2.2324504772999436 22.421504409389286 4.473532737385858 
2.218022140605518 11.41233672103413 2.859766722362279 
2.0226157548703023 30.478909967717385 5.321755238965487 
2.4329654361493454 2.0 1.17984523412695 
9.25556272040641 2.0 1.766098266366059 
7.319447094312778 2.2197315989601742 2.1406203042547425 
2.0000285271512896 13.797670464187675 3.430753318590625 
10.209537396547253 2.237249840974268 0.2486920791408035 
8.797783185270603 2.0 1.6279400700073121 
2.7588387328415127 63.05509620026163 35.45458292175493 
2.2706175452639417 18.41259136866658 3.8197834875398424 
5.274134823204776 2.0011739356225937 0.8044459230430179 
7.24403060656844 2.0 1.7866934732441948 
11.796233123787346 2.0312228326767947 1.6645157547606286 
2.0 4.345377972323751 1.6401346608429612 
2.0 30.672035862096205 4.697424167380085 
2.078347363855969 2.0 1.3088687950613895 
2.3593062165683034 17.462361001436765 2.9359887721232227 
2.0 39.94953973137628 8.58326051958453 
2.0 13.027258425515434 2.635552683334387 
5.420233977628349 2.3731120711849734 0.9011604116897081 
2.147094891092147 12.9589156728682 2.743701031173921 
2.0 18.08138256314511 3.5598745601441895 
2.0697147499430106 2.511314333724958 1.265383796616904 
2.0 2.0 0.709881219048019 
3.2244285814280698 56.597464699295394 46.222651284011405 
2.0 2.0 0.5963537635476581 
2.0 2.2327099435892444 0.8020881183078492 
2.0 39.487970087152455 6.176925071483817 
2.0 16.722372170573795 3.0233668333003325 
3.2516293208975906 2.0 0.2148472676214337 
2.0 12.076694577718161 2.437686864018787 
2.0 3.0439091459492373 1.6069067601329285 
2.3291821251199236 2.225150595676809 0.5050177250343508 
2.0 45.209198090531395 21.43542076221899 
2.0 2.0 0.6227610198476612 
2.4282279937173414 36.98335129595199 7.287116682270215 
2.010351653275855 2.224196746740798 0.0763888108915105 
2.0 9.674249803806074 2.237496488914447 
2.0 73.22049366346468 14.153239208121322 
2.0 2.0 0.5532549763893839 
2.0 15.174497341767687 3.677022933143249 
2.0 2.0478228756956502 0.416056023915616 
4.40525883008406 2.0 0.6457842560431111 
2.0 30.287801545954295 5.048310386993798 
2.0 59.45392333212083 10.77007950794096 
2.0 3.507024257777557 1.387021108035424 
2.3737153959026775 2.0030504821168633 0.06334783960743794 
2.0104098547880853 35.977556705133125 7.977501392612642 
2.09249564535597 2.0258190208666425 0.3573390975405767 
