0.052131700000 0.369631000000 0.363024000000 0.386202000000 
0.043325900000 0.419763000000 0.413727000000 0.437842000000 
0.050822700000 0.382789000000 0.377691000000 0.401058000000 
0.072743400000 0.225000000000 0.218806000000 0.231681000000 
0.033295600000 0.552942000000 0.547334000000 0.559951000000 
0.502543000000 0.011432600000 0.010058100000 0.011421500000 
0.035784200000 0.439031000000 0.434790000000 0.457280000000 
0.049597300000 0.397669000000 0.390641000000 0.415974000000 
0.034701300000 0.446221000000 0.442214000000 0.465053000000 
0.031962400000 0.573877000000 0.566916000000 0.578388000000 
0.225783000000 0.102097000000 0.099458000000 0.109952000000 
0.451989000000 0.019001200000 0.017119800000 0.019291800000 
0.032810200000 0.567819000000 0.559953000000 0.571267000000 
0.313753000000 0.058976200000 0.054703900000 0.060409300000 
0.382351000000 0.034175800000 0.031416300000 0.035591600000 
0.419667000000 0.026094600000 0.023684900000 0.026502000000 
0.036162400000 0.438099000000 0.433905000000 0.456863000000 
0.501017000000 0.011683200000 0.010290500000 0.011668900000 
0.040567400000 0.427949000000 0.423255000000 0.444683000000 
0.040483500000 0.427062000000 0.421810000000 0.445518000000 
0.231450000000 0.098422500000 0.095764000000 0.105933000000 
0.167048000000 0.132133000000 0.129004000000 0.140761000000 
0.032620900000 0.569881000000 0.562451000000 0.573731000000 
0.164138000000 0.132680000000 0.129129000000 0.140680000000 
0.139502000000 0.139645000000 0.135391000000 0.147371000000 
0.177001000000 0.113971000000 0.109985000000 0.121055000000 
0.037345400000 0.431354000000 0.426760000000 0.449597000000 
0.044819400000 0.410871000000 0.405153000000 0.427304000000 
0.314990000000 0.053545200000 0.050076200000 0.056275200000 
0.342115000000 0.049629100000 0.047520500000 0.054051300000 
0.280908000000 0.069259800000 0.066656600000 0.074816200000 
0.096653900000 0.186820000000 0.180611000000 0.193244000000 
0.081130500000 0.212019000000 0.205055000000 0.217675000000 
0.074781900000 0.218631000000 0.212620000000 0.225528000000 
0.035645000000 0.445316000000 0.441220000000 0.464159000000 
0.039225600000 0.429022000000 0.424187000000 0.446289000000 
0.606822000000 0.002126480000 0.001415500000 0.001482150000 
0.040447200000 0.427842000000 0.422655000000 0.446026000000 
0.236822000000 0.088782300000 0.083258800000 0.090799600000 
0.582204000000 0.004397420000 0.003577740000 0.004506620000 
0.577727000000 0.004872720000 0.004101950000 0.004938410000 
0.272832000000 0.073276100000 0.068454800000 0.075253400000 
0.129717000000 0.149103000000 0.143293000000 0.154928000000 
0.256864000000 0.081013100000 0.075747700000 0.082725000000 
0.051653400000 0.382843000000 0.375182000000 0.395406000000 
0.352234000000 0.046329600000 0.044180800000 0.050296100000 
0.620934000000 0.001174440000 0.000824749000 0.000940441000 
0.068423300000 0.247571000000 0.241847000000 0.254694000000 
0.375512000000 0.040578800000 0.038671000000 0.044156900000 
0.090451200000 0.188884000000 0.184076000000 0.197181000000 
0.115413000000 0.164068000000 0.157869000000 0.169890000000 
0.176772000000 0.124109000000 0.121031000000 0.132474000000 
0.069191500000 0.238871000000 0.232239000000 0.244991000000 
0.149979000000 0.136265000000 0.130809000000 0.141988000000 
0.200248000000 0.102235000000 0.098442300000 0.108827000000 
0.060712300000 0.256417000000 0.249000000000 0.261984000000 
0.640087000000 0.000515206000 0.000391240000 0.000480986000 
0.083829400000 0.205807000000 0.199049000000 0.211653000000 
0.210424000000 0.105708000000 0.099682500000 0.108408000000 
0.111648000000 0.162513000000 0.157827000000 0.170460000000 
0.249091000000 0.080158100000 0.076997000000 0.086033600000 
0.264692000000 0.078583000000 0.075731400000 0.084325600000 
0.199018000000 0.116000000000 0.109763000000 0.119182000000 
0.514723000000 0.009647980000 0.008299600000 0.009434990000 
0.132795000000 0.145063000000 0.140639000000 0.152830000000 
0.425655000000 0.023652100000 0.020717800000 0.022619300000 
0.064694400000 0.249925000000 0.243911000000 0.256722000000 
0.290719000000 0.067436600000 0.064853200000 0.072963500000 
0.498037000000 0.012057800000 0.010582000000 0.012000900000 
0.430218000000 0.022951900000 0.020726200000 0.023641200000 
0.552360000000 0.005973690000 0.004642080000 0.004941590000 
0.104187000000 0.170178000000 0.165207000000 0.178176000000 
0.045284300000 0.399738000000 0.392046000000 0.415453000000 
0.085218400000 0.203400000000 0.198404000000 0.211117000000 
0.052444000000 0.311039000000 0.303610000000 0.317805000000 
0.623779000000 0.001200270000 0.000823132000 0.000948951000 
0.293085000000 0.067608200000 0.062993800000 0.069361400000 
0.064980000000 0.248802000000 0.242802000000 0.255644000000 
0.616193000000 0.001567600000 0.001050660000 0.001187780000 
0.097542300000 0.181799000000 0.175687000000 0.188242000000 
0.489991000000 0.013098500000 0.011530400000 0.013075800000 
0.050014500000 0.397328000000 0.390277000000 0.415575000000 
0.301044000000 0.064635400000 0.062210500000 0.069968400000 
0.032377700000 0.569907000000 0.562478000000 0.573757000000 
0.041093300000 0.424954000000 0.419391000000 0.443094000000 
0.055725100000 0.279748000000 0.272319000000 0.285275000000 
0.071583300000 0.231993000000 0.225591000000 0.238395000000 
0.477973000000 0.015759900000 0.014289700000 0.016594400000 
0.613410000000 0.001784320000 0.001184250000 0.001267060000 
0.033434400000 0.548009000000 0.541747000000 0.554455000000 
0.236310000000 0.089190200000 0.086268500000 0.095965000000 
0.238772000000 0.082861300000 0.078885800000 0.087569700000 
0.466531000000 0.016509600000 0.014639200000 0.016814500000 
0.530145000000 0.007437410000 0.006349730000 0.007246500000 
0.039182200000 0.428072000000 0.423023000000 0.446520000000 
0.091992900000 0.187475000000 0.182660000000 0.195756000000 
0.068445700000 0.240876000000 0.235136000000 0.247995000000 
0.313376000000 0.059511900000 0.055273400000 0.061039700000 
0.052794500000 0.292079000000 0.283438000000 0.297404000000 
