10.060696154237007 2.0 241.26771439058652 
10.170576205154838 3.3726768688634783 244.58809110297221 
20.172516873258207 2.0 29.735675331759822 
7.29350060975963 2.0214007110970966 3.2437738574055217 
2.0 41.80138488657365 256.0 
2.0 2.0935197218101735 0.6000546320004818 
57.094250132657265 2.852511321805731 18.013655928419684 
3.9893113068036286 3.312688880154849 0.0 
72.93935659526403 2.95592064633065 22.88773435540613 
2.52406826092756 46.29270620867095 254.36941447792907 
25.699369562280992 2.0744503438502444 1.5188682314663358 
2.0 2.222388355682457 0.7223373669299264 
3.2423600798560948 35.01533567352396 154.73548253390436 
2.0 2.0382197496299175 1.1602544692419738 
5.175938767943226 2.098502802643264 0.8751854053225376 
2.0 2.0 0.8172231346972065 
34.617515763435 3.149217400400703 20.68181508908887 
2.0 2.0174669675122443 0.608257682277241 
62.736889336352256 2.5144613838379946 14.79822906498611 
13.908100574819159 2.81478124700871 25.63910832043652 
24.548531636836763 2.3243362869262847 1.441762283160857 
20.575644998338454 2.308313013978055 1.7887936354394007 
2.8032408210168667 38.73363272704624 168.63913501208597 
12.011233614575001 2.2025874649873676 1.85804557681973 
6.648408232446959 2.3031112749974674 1.9633584195364393 
7.723067104289535 2.317493756875331 1.6748856012482052 
26.1203294738424 3.351766872853201 17.736411596220073 
14.239454315552237 3.0921109665126023 14.03744738581163 
5.152353545465687 2.352035872421053 1.0762036598811378 
15.388794249161922 2.081344377265247 0.9691485384132583 
14.223727772969525 2.0665600496900245 1.1914250514921891 
6.0642247539904375 2.0668301329204484 2.6199471241768553 
5.868577219489724 2.486800979008982 3.033110677733461 
6.606959897495828 2.2128614370087365 3.126193571786935 
60.88833037705582 3.3341129096838333 24.32199404213754 
39.86859208558154 3.073546379505429 15.59457423551634 
2.7267390569978236 2.0709435406431163 0.2715492599271174 
16.35985454609997 3.2121971581778936 20.82937622138006 
2.8720271531960297 2.0170769037623972 1.427699493916415 
2.0 2.689738662679053 0.3170059775618759 
5.9568008332383835 2.403170676425179 0.3147884051228019 
2.2187536198461792 2.4752257291040385 1.2933892797444113 
3.8339622027205706 2.067331195475403 2.0993074838091843 
2.830133450998299 2.0154080379366026 1.3574253685774231 
8.025709538233048 3.0384285724047135 11.637773221036426 
11.420176138868674 2.0 0.9553512368290171 
2.0 2.0 0.2572714446725861 
13.024708919557607 2.0003101782482773 3.6716805533632138 
18.667702707545775 2.023220493133912 0.8549055647048853 
9.662054520584096 2.3915432051269354 2.5909071595442827 
3.996006279844188 2.074338451854849 2.302431939459466 
18.31520955285668 2.2709048395996727 1.7269200745426616 
6.942638960917574 2.334192322478979 3.583532341417095 
4.178435365446365 2.469603297538652 1.9281156074418286 
8.319897898343026 2.4872828768086457 1.5536095697176433 
7.70890806225505 2.454231107556761 4.080637010767496 
2.25549888656486 2.3370281819746705 0.09957201152449402 
6.139219705218432 2.4481557510561958 2.9322830731782927 
3.158088996002294 2.3961017028696774 1.5935750486986866 
6.652637132585319 2.1130744584423518 2.231021622545263 
10.470067637997328 2.0 1.3050507840574208 
11.653554508651615 2.150009191965644 1.2903990247700072 
2.8188268426777094 2.0 1.6835004766960506 
2.0 2.381343964284818 0.5652457228020449 
6.833739159426981 2.1362728921560463 2.0225069316009963 
3.315020301252454 2.0987149735629913 0.7655260484632596 
10.69974127119501 2.13314772244121 3.7676422388118787 
10.516467594600492 2.074203971550685 1.1918437380436735 
2.2452157389266625 2.0009114453269596 0.6140857104468065 
5.256010612463557 2.144012682914572 0.7299785637088165 
3.37583898433142 2.3249612061309253 0.4470113399967397 
7.799077918858742 2.053971674854796 2.352944315484983 
6.437258499030239 3.4141531485115904 17.51095320541742 
8.827776842588499 2.195142920783134 2.8096692201452917 
13.424189810135228 2.2545879222058947 6.141850451827817 
3.1623400004443254 2.3590319554127013 0.16841302729475432 
2.0 2.307654990340343 1.2421010364838754 
10.669394616203508 2.0 3.7383155513894906 
2.0 2.0 0.28566327420163934 
6.260792162343377 2.0737509480247405 2.5471382251842263 
2.0 2.0351492083741927 0.6267036870021478 
4.332807157759077 2.5517005708167817 18.54468361424606 
16.389404383602173 2.2170801348881715 1.1498990202068224 
3.3564353237269544 37.608462020683504 241.19725709017837 
12.115448060458027 3.162544560552809 129.37304672285447 
9.714282205384128 2.0 4.736787422338076 
7.015958649138199 2.1463715097372043 3.421448988977698 
5.792503825044905 2.0 0.5897858281908022 
2.76665129279435 2.103837840046891 0.23718643148945695 
2.0 34.68665047739339 132.64060443147562 
11.4650724168585 2.128252929697855 1.4089605281576885 
6.169368442748997 2.0 1.3724017810388442 
5.24590849454227 2.0 0.6260659852287931 
2.0 2.0 0.5197749006108298 
14.907134718205587 2.9177978255305588 21.740398892330767 
9.742416572102595 2.3201787972753127 2.5774380975185616 
10.989772340654227 2.370184702973212 3.5358809945858063 
2.0171637125957984 2.0632806270479933 1.1615112939095642 
8.16630509236603 2.0 5.631656693744297 
