0.651537000000 0.085310200000 0.064797200000 0.073522500000 
0.016738900000 0.546025000000 0.531937000000 0.535751000000 
0.676734000000 0.080579600000 0.061212100000 0.069671700000 
0.819789000000 0.024054000000 0.015787700000 0.020021700000 
0.782538000000 0.032283400000 0.021787300000 0.026656900000 
0.696751000000 0.077747500000 0.054366300000 0.064327900000 
0.841297000000 0.018961700000 0.012237900000 0.015901000000 
0.779476000000 0.045476900000 0.027922900000 0.034981700000 
0.620050000000 0.101347000000 0.073107900000 0.085628500000 
0.730453000000 0.050194000000 0.035502500000 0.042226500000 
0.118217000000 0.405873000000 0.377636000000 0.395431000000 
0.017010700000 0.529363000000 0.513862000000 0.523297000000 
0.877749000000 0.009055740000 0.005647580000 0.007756730000 
0.408516000000 0.210106000000 0.177188000000 0.193847000000 
0.446153000000 0.179948000000 0.145107000000 0.162896000000 
0.396634000000 0.212703000000 0.176869000000 0.195718000000 
0.262652000000 0.292303000000 0.258431000000 0.277492000000 
0.481576000000 0.172835000000 0.140830000000 0.156038000000 
0.856164000000 0.014511600000 0.008652660000 0.011654000000 
0.179622000000 0.355383000000 0.324763000000 0.342912000000 
0.914131000000 0.002808820000 0.001849840000 0.002830020000 
0.027222200000 0.512681000000 0.495002000000 0.506423000000 
0.038174600000 0.491993000000 0.471329000000 0.484916000000 
0.293274000000 0.273157000000 0.238890000000 0.257708000000 
0.376725000000 0.218887000000 0.182941000000 0.202028000000 
0.244956000000 0.306556000000 0.273106000000 0.292106000000 
0.645875000000 0.098783600000 0.072676300000 0.083681100000 
0.315716000000 0.255869000000 0.220777000000 0.240122000000 
0.028286500000 0.508546000000 0.489816000000 0.501763000000 
0.487186000000 0.156591000000 0.123007000000 0.139487000000 
0.232717000000 0.317950000000 0.285891000000 0.304302000000 
0.687241000000 0.082515600000 0.057894900000 0.068330100000 
0.058679100000 0.464315000000 0.440967000000 0.455981000000 
0.431228000000 0.197739000000 0.164534000000 0.181130000000 
0.072121600000 0.451774000000 0.427216000000 0.442889000000 
0.255939000000 0.299637000000 0.266763000000 0.285311000000 
0.464424000000 0.179839000000 0.147266000000 0.163097000000 
0.207593000000 0.326153000000 0.293511000000 0.312495000000 
0.097901800000 0.424058000000 0.396487000000 0.413686000000 
0.578957000000 0.119734000000 0.089256400000 0.103415000000 
0.143685000000 0.377691000000 0.346695000000 0.365384000000 
0.050135600000 0.476059000000 0.453410000000 0.468195000000 
0.191644000000 0.342192000000 0.310544000000 0.329157000000 
0.055304100000 0.470409000000 0.447714000000 0.462371000000 
0.238796000000 0.312482000000 0.280190000000 0.298538000000 
0.070473700000 0.461580000000 0.437455000000 0.452571000000 
0.044261000000 0.488049000000 0.467114000000 0.480688000000 
0.037101700000 0.499375000000 0.479101000000 0.491650000000 
0.048934500000 0.482664000000 0.460745000000 0.474417000000 
0.323332000000 0.250822000000 0.216195000000 0.235053000000 
0.261550000000 0.297235000000 0.264498000000 0.282816000000 
0.025030100000 0.517401000000 0.499749000000 0.510695000000 
0.535029000000 0.137143000000 0.105034000000 0.120429000000 
0.888140000000 0.004567330000 0.002976100000 0.004148750000 
0.423721000000 0.203197000000 0.170259000000 0.186848000000 
0.267337000000 0.287215000000 0.253372000000 0.272527000000 
0.482371000000 0.160219000000 0.126336000000 0.143089000000 
0.287271000000 0.274034000000 0.239027000000 0.258937000000 
0.102404000000 0.418868000000 0.391446000000 0.408888000000 
0.610125000000 0.108468000000 0.079306300000 0.092467400000 
0.078288100000 0.445597000000 0.420369000000 0.436389000000 
0.218110000000 0.319070000000 0.286151000000 0.305202000000 
0.161960000000 0.362620000000 0.331072000000 0.350063000000 
0.272180000000 0.281407000000 0.246534000000 0.266530000000 
0.443747000000 0.190756000000 0.158140000000 0.174170000000 
0.022000800000 0.520250000000 0.503943000000 0.514723000000 
0.526536000000 0.144883000000 0.112292000000 0.127825000000 
0.300636000000 0.265088000000 0.230070000000 0.249769000000 
0.706944000000 0.072431600000 0.048877400000 0.058829700000 
0.599100000000 0.113948000000 0.085724200000 0.098291800000 
0.725580000000 0.063148100000 0.041476500000 0.050394300000 
0.033937000000 0.503402000000 0.483969000000 0.496284000000 
0.020826800000 0.525152000000 0.509481000000 0.519520000000 
0.361704000000 0.237467000000 0.201441000000 0.220915000000 
0.082621600000 0.442325000000 0.416657000000 0.432939000000 
0.662294000000 0.087779500000 0.061605600000 0.073017500000 
0.340310000000 0.241131000000 0.205957000000 0.224802000000 
0.182068000000 0.352914000000 0.322147000000 0.340306000000 
0.192258000000 0.337762000000 0.305728000000 0.324566000000 
0.513041000000 0.149008000000 0.115847000000 0.131892000000 
0.135669000000 0.390456000000 0.361313000000 0.379437000000 
0.365374000000 0.230047000000 0.195488000000 0.213677000000 
0.209581000000 0.323908000000 0.291188000000 0.310185000000 
0.547534000000 0.130698000000 0.100028000000 0.114993000000 
0.151035000000 0.375860000000 0.345385000000 0.363681000000 
0.332953000000 0.245946000000 0.211185000000 0.229970000000 
0.368089000000 0.225450000000 0.190583000000 0.209098000000 
0.127252000000 0.393453000000 0.364665000000 0.382247000000 
0.569098000000 0.123874000000 0.093079700000 0.107282000000 
0.505479000000 0.152463000000 0.119365000000 0.135309000000 
0.766826000000 0.049375600000 0.030935000000 0.038317000000 
0.179479000000 0.362010000000 0.332485000000 0.349994000000 
0.084748700000 0.435404000000 0.409132000000 0.426031000000 
0.736099000000 0.049413300000 0.034977800000 0.041626600000 
0.438651000000 0.191265000000 0.158198000000 0.174603000000 
0.090814100000 0.433583000000 0.406699000000 0.423453000000 
0.298531000000 0.266882000000 0.231862000000 0.251304000000 
0.103959000000 0.414176000000 0.386599000000 0.403600000000 
0.813914000000 0.036491100000 0.021450000000 0.027429400000 
0.719032000000 0.064707500000 0.042715800000 0.051863500000 
