2.0 192.0 0.9741706932873626 
100.78309225646545 2.0 256.0 
3.9784975054681593 121.53121360606902 0.9283143636443612 
2.0 84.15977774546565 0.3728673234215089 
2.0 118.57333769660104 0.06293144335508932 
2.0 88.54266898798906 0.8760625933609294 
2.0212433860889143 76.44312172083487 0.31641120678166157 
2.358563892192688 2.0 0.7115455577572778 
2.0 2.0 1.1125637989059944 
2.121077544504458 128.35148445666547 0.02190296478570823 
2.0 9.028797507665914 4.894935860334117 
2.0 23.18818619461719 128.0 
2.0 35.39636273866143 0.005812348187962613 
2.4493195981437808 36.31298267528007 2.0626542356019995 
2.467728787887109 2.0 1.6855955069224264 
2.051957209813147 2.0 1.9581092762031642 
2.001761673671901 7.861786249745517 2.8879913090615266 
2.0197268001166493 52.48885490574304 1.6942875664117434 
2.2115829340190816 40.50303535803116 0.28359228785886 
2.334624643950045 14.472833379012094 3.887937277408886 
2.0 7.830521369701178 0.017579563043772173 
2.13996824665345 13.093096525305207 15.463616728954602 
2.0 8.811912892118173 10.465005449833972 
2.168067256748432 8.493333117771888 2.66188953592817 
2.415454668379923 2.0 2.0009013036854233 
2.0 7.535927293077062 3.078111051103267 
2.0802127358062994 30.79042802619815 1.105573092878573 
2.4112361436202345 5.276831777973719 2.4189589973302295 
2.0 15.19986931422779 13.615511733535424 
2.0 2.0 1.5091152376383177 
2.1158810862938973 13.675597378610231 3.293339930223301 
2.018094793437536 15.75484774776672 0.9680288526155737 
2.1681994506901083 6.146098200855535 7.307091577382192 
2.0 21.810956332591065 1.900381153304898 
2.070065139539481 6.189085750849507 6.501511058603651 
2.0 16.228313243489463 3.013150271151657 
2.0204456412821656 26.878288558436402 1.7347825064000768 
2.0 5.874638710355459 3.299549261622396 
2.0484811010485786 8.066173228298654 5.365606788854049 
2.0 2.0 1.236095030168613 
2.0 2.5895816404475367 3.949202198014531 
2.2943245846393188 9.046761418412586 8.34973523359818 
2.0 10.62328632387991 3.638232868900733 
2.1943447510687992 6.164656976146077 7.770534840596312 
2.0 12.358751710967246 3.2296874833162224 
2.4580142847056976 17.855357767071254 7.272039751592189 
2.4188591748680475 6.284879374909195 9.43793445436571 
2.0 20.386900845625945 11.320079240196659 
2.0 18.888025588859062 8.744648529766776 
2.0434112248292062 8.962461257702527 2.3904731208706282 
2.0246771049524783 12.23662929389632 3.012816925371936 
2.0 25.611511519493206 16.706022389129245 
2.2275328151586016 2.0 1.365858444092233 
2.119453808354839 17.82973174943666 0.0842433507345337 
2.0839808440718652 32.321377349027955 1.95879139326107 
2.0 9.355250172285675 2.812638174463336 
2.45852467428275 2.0 1.5348626703221728 
2.0 3.7267526671626428 2.578908659514683 
2.0 8.788850654952789 5.279342779648255 
2.0 2.0 1.1624670307081515 
2.042938751035073 11.013773426927143 6.338330670111257 
2.012913657600119 6.1365213833499235 3.202587687412237 
2.2355342280742567 4.697924385350671 3.8799206385094474 
2.0209787023745465 4.025352101415396 2.6575769341325044 
2.0 36.50523482109921 1.8475374756559189 
2.0 9.1332599029068 23.894522122779748 
2.008106691123509 5.81448254924517 1.4454081176192328 
2.297549015551881 2.898010666214075 2.4503757462023206 
2.0 2.0 0.9064299560411175 
2.209740853084167 11.527729162680046 1.23913995490923 
2.0 2.0 0.8449208729654145 
2.0 11.191155816401121 12.14842076891886 
2.0 13.493421847778306 0.0 
2.46217969231159 2.0 2.1701154269924765 
2.2022779128289143 10.412242146399175 6.1713158503947305 
2.0 2.0 1.0180759112021476 
2.147992348107298 5.835694080985734 2.2851270398119787 
2.0282221325531045 15.717132822962508 3.8425773473075604 
2.176696981520025 5.989216492552281 3.4791797833418237 
2.0 2.0 1.4580417459296715 
2.317318535481079 8.941383743661056 4.520395096931751 
2.0967954983787624 7.681843244949838 2.1959237467806454 
2.490749065872131 5.818901124851299 3.2721637179838203 
2.481145669276638 3.0530794746243295 1.3307799171741577 
2.018716289502637 7.991867397787694 4.201425296248126 
2.0 9.395009060317511 2.3456349834191452 
2.0 9.288330865288378 2.1504265143914414 
2.033330895402585 11.40927048246936 4.618938543994178 
2.3437291267703677 6.34831096290598 1.2822159529027022 
2.1515382471528715 6.004306560116365 1.5057720237257355 
2.2385218397734934 2.027943083230925 0.7457220952186236 
2.0 43.92360780413384 4.052661349154246 
2.348431135466218 9.48290699650659 5.8541298346193145 
2.0 187.910734033265 0.12004417375535681 
2.0 11.912847904365103 1.872586406906506 
2.296604632369827 8.400658395046737 5.679036504747552 
2.0 5.492382473490016 2.5268457775857227 
2.265176196352314 11.360327634061166 5.194280407921477 
2.4847002978206185 2.0 0.6362679041500855 
2.4289233995162705 2.0 0.8547424830206583 
