0.016738900000 0.546025000000 0.531937000000 0.535751000000 
0.486387000000 0.157279000000 0.123647000000 0.140137000000 
0.782538000000 0.032283400000 0.021787300000 0.026656900000 
0.760537000000 0.051519500000 0.033908800000 0.041034400000 
0.093050000000 0.436736000000 0.410875000000 0.426897000000 
0.046975600000 0.484902000000 0.463626000000 0.477476000000 
0.856164000000 0.014511600000 0.008652660000 0.011654000000 
0.877751000000 0.009055680000 0.005647540000 0.007756690000 
0.049669700000 0.479093000000 0.456986000000 0.470891000000 
0.660825000000 0.088662200000 0.062310900000 0.073813300000 
0.410416000000 0.198943000000 0.163438000000 0.181900000000 
0.242208000000 0.310233000000 0.277871000000 0.296254000000 
0.491322000000 0.154912000000 0.121393000000 0.137790000000 
0.022223000000 0.518513000000 0.501237000000 0.512076000000 
0.060852100000 0.468915000000 0.445430000000 0.460209000000 
0.482772000000 0.163748000000 0.130708000000 0.147149000000 
0.380639000000 0.211424000000 0.176556000000 0.195340000000 
0.619543000000 0.102048000000 0.073747800000 0.086389000000 
0.615658000000 0.108140000000 0.079065200000 0.092523900000 
0.815410000000 0.029566200000 0.018281500000 0.023212900000 
0.138866000000 0.383414000000 0.353127000000 0.371772000000 
0.070604800000 0.457455000000 0.432992000000 0.448180000000 
0.444899000000 0.180889000000 0.145990000000 0.163771000000 
0.232563000000 0.311562000000 0.277668000000 0.297174000000 
0.884734000000 0.005564880000 0.003586090000 0.004959630000 
0.586573000000 0.116789000000 0.086621200000 0.100533000000 
0.651537000000 0.085310200000 0.064797200000 0.073522500000 
0.055243500000 0.472402000000 0.449726000000 0.464071000000 
0.242351000000 0.304663000000 0.270580000000 0.290665000000 
0.209911000000 0.329441000000 0.296237000000 0.316217000000 
0.574960000000 0.121265000000 0.090658800000 0.104974000000 
0.403758000000 0.204657000000 0.169940000000 0.188021000000 
0.017901400000 0.524380000000 0.508252000000 0.518385000000 
0.547119000000 0.132749000000 0.100909000000 0.116032000000 
0.181119000000 0.344248000000 0.312520000000 0.331202000000 
0.601148000000 0.110230000000 0.080819000000 0.094168200000 
0.320591000000 0.251075000000 0.215944000000 0.235555000000 
0.253711000000 0.299137000000 0.265554000000 0.284611000000 
0.440273000000 0.185167000000 0.150518000000 0.167916000000 
0.162731000000 0.363275000000 0.331764000000 0.350764000000 
0.113620000000 0.405285000000 0.377181000000 0.394443000000 
0.278553000000 0.280522000000 0.246196000000 0.264942000000 
0.131711000000 0.393425000000 0.364486000000 0.382206000000 
0.016952500000 0.530066000000 0.514473000000 0.523797000000 
0.375703000000 0.220676000000 0.184739000000 0.203861000000 
0.104049000000 0.423646000000 0.395817000000 0.413277000000 
0.125162000000 0.398845000000 0.369887000000 0.387618000000 
0.326543000000 0.245539000000 0.210359000000 0.229822000000 
0.156714000000 0.369696000000 0.338585000000 0.357436000000 
0.425850000000 0.192712000000 0.157762000000 0.175964000000 
0.178967000000 0.351767000000 0.319624000000 0.338801000000 
0.094060900000 0.429851000000 0.402704000000 0.419630000000 
0.084465500000 0.441065000000 0.415281000000 0.431586000000 
0.037849400000 0.502336000000 0.482430000000 0.494983000000 
0.206509000000 0.332014000000 0.299873000000 0.318929000000 
0.301658000000 0.266105000000 0.231075000000 0.250503000000 
0.080733300000 0.445502000000 0.419552000000 0.435935000000 
0.826107000000 0.022755300000 0.015154300000 0.019176800000 
0.060896400000 0.462139000000 0.438604000000 0.453737000000 
0.469500000000 0.167713000000 0.134339000000 0.151437000000 
0.556595000000 0.129447000000 0.098154300000 0.113060000000 
0.359589000000 0.225490000000 0.190361000000 0.209486000000 
0.038692000000 0.493322000000 0.472695000000 0.485860000000 
0.736099000000 0.049413300000 0.034977800000 0.041626600000 
0.043736500000 0.489053000000 0.468236000000 0.481687000000 
0.571215000000 0.124449000000 0.094299900000 0.108517000000 
0.305799000000 0.262268000000 0.227198000000 0.246574000000 
0.525370000000 0.141136000000 0.108700000000 0.124257000000 
0.134454000000 0.388591000000 0.358820000000 0.376864000000 
0.395443000000 0.209657000000 0.174297000000 0.193101000000 
0.221733000000 0.323686000000 0.290888000000 0.309933000000 
0.457782000000 0.175411000000 0.140790000000 0.158459000000 
0.027314200000 0.513369000000 0.495087000000 0.506539000000 
0.683544000000 0.079242400000 0.054511300000 0.065098400000 
0.313072000000 0.255391000000 0.220459000000 0.239431000000 
0.672195000000 0.084054400000 0.058918300000 0.069966300000 
0.155260000000 0.370844000000 0.339781000000 0.358645000000 
0.197577000000 0.336520000000 0.304573000000 0.323279000000 
0.031736900000 0.507776000000 0.488733000000 0.500719000000 
0.112460000000 0.418868000000 0.391745000000 0.408413000000 
0.266902000000 0.288116000000 0.253558000000 0.273172000000 
0.915508000000 0.002683810000 0.001822950000 0.002801720000 
0.770899000000 0.047566300000 0.029454700000 0.036614900000 
0.255812000000 0.298056000000 0.264347000000 0.283377000000 
0.334698000000 0.241066000000 0.205900000000 0.225296000000 
0.170063000000 0.355772000000 0.324638000000 0.343111000000 
0.076448400000 0.452647000000 0.428040000000 0.443332000000 
0.708493000000 0.063469300000 0.042532700000 0.051709400000 
0.228053000000 0.319170000000 0.287095000000 0.305425000000 
0.286867000000 0.271919000000 0.236852000000 0.256819000000 
0.466379000000 0.173315000000 0.139180000000 0.156067000000 
0.843861000000 0.018735600000 0.012084400000 0.015787300000 
0.725870000000 0.060530800000 0.040151000000 0.048956200000 
0.351515000000 0.229108000000 0.193972000000 0.213161000000 
0.512416000000 0.145307000000 0.112432000000 0.128241000000 
0.196192000000 0.341327000000 0.308949000000 0.327803000000 
0.696984000000 0.068367900000 0.046401600000 0.056046800000 
0.635181000000 0.093228600000 0.067148300000 0.079210100000 
