85.6182402933681 2.0 256.0 
2.0 2.0 1.5111226934754898 
2.098261228608926 110.08365020258563 0.22117219700636648 
2.021783158479189 97.0 0.6132550153556513 
2.000523951962906 23.11130234205922 6.085188292786412 
2.027705301688661 5.961096099576668 9.117939229477658 
2.0045139636358056 41.76169719625409 0.28231569875821294 
2.0056520018995054 36.9729164097278 0.04148236400739527 
2.3303321858947807 15.375503288716178 8.518718890870735 
2.2604981949096112 2.0 1.0224906243005403 
2.0 2.0 1.8407477573393352 
2.0616392847634017 11.728957137272744 3.1945009576804857 
2.0 2.0 1.4963095213480846 
2.0 16.812539328066265 17.847550067623104 
2.082404845514299 14.299289501380619 7.758351657836798 
2.0069919679787227 5.061601915813412 1.5816798126072298 
2.0033965467336854 3.4342721049315585 1.9534534677509965 
2.0 2.0 1.1177286937335456 
2.234807357695651 3.8767911671235997 1.1464485767634547 
2.1579994557429973 67.78677645406214 0.47911852056727966 
2.2296663745298577 4.910509272971609 4.282037235627227 
2.025043438359127 15.862397646616156 7.018729912872506 
2.318870509054485 2.0 1.6940336397855318 
2.1008345733942497 4.579489198732451 3.073139444091765 
2.0518448067076305 22.34432631759157 0.03243154818919661 
2.0 2.0 1.2236195595068056 
2.0 192.0 0.9224889616868591 
2.0 14.665621274983973 8.00612338870048 
2.1587167111171244 4.355669030245909 2.936282624682531 
2.0 3.88071643374765 3.251633084271581 
2.0 2.0 1.2480541309717288 
2.2655901441062696 5.4690561969526925 1.919551634128901 
2.037832014426061 14.991305149315918 26.27642317274221 
2.0 2.0 1.3276474561771008 
2.0064704351827185 6.282169057902469 3.576674043797566 
2.294756603952933 2.0 1.1734946971625013 
2.0730787049695647 3.0457588093462107 2.3177299082977774 
2.023466591001714 9.528194085878791 2.9634855229711388 
2.279757322998123 6.135174595356856 1.7726391150690826 
2.0632408325534546 5.373961415708864 3.8929511851531706 
2.2989261470619793 11.16876861708456 4.9478720045032105 
2.2352100547240945 6.514038552971268 2.7542951620491523 
2.084936339454909 6.25812208889729 4.528510182215258 
2.0007186400522854 31.024451792955517 32.74386055995153 
2.026956143857231 2.0201255170709036 2.0214034456260586 
2.0245460624376896 6.852148643854113 5.3738729955007285 
2.0299658888798646 9.860805932969118 4.744562797205962 
2.0342044003302866 2.713597981802359 2.26496427841075 
2.1259312526761356 4.865373837454383 3.9999137928333592 
2.0 4.079829081044987 1.7898917819540188 
2.0 4.943315556747882 3.6785221519257933 
2.0 8.141548257678293 5.554167128596006 
2.1057801875859794 9.713456921988751 6.107053037100769 
2.0 39.932367748364996 11.577432495977392 
2.1855976492746017 8.959280918507304 3.4509684357206982 
2.0 5.072689855191037 2.5189738516535938 
2.0 8.46856808887134 6.1616251744695525 
3.834387448949153 38.668320782351955 0.39327399485648584 
2.0197117336098436 5.689990100817127 7.141490237418349 
2.000943117852804 2.6334480653339742 1.6044064915980893 
2.0454518498218954 4.44061496686809 1.3064275544320418 
2.0 3.491244046310583 2.0813415651450753 
2.046286532518889 13.251415042924538 10.159487017659277 
2.1219862107982777 176.74838518258238 0.33826406873398973 
2.066675719001382 5.98512910697397 9.56122382269864 
2.040749385600477 4.548378792809961 1.28131026486373 
2.0 5.108157243498201 2.4768453452196506 
2.0 2.0 1.4007567911506236 
2.066975556882922 8.231569539856096 4.4591680155313895 
2.0017461246750905 3.532810253906769 1.9294622171252405 
2.0652660800033638 9.787626044715656 3.3073908956694615 
2.0065484375466736 2.0 1.648977961719293 
2.3194048236646974 30.985204145991993 14.771635071334025 
2.103076321780689 2.1956842859696177 0.9597917429847845 
2.104863129264769 5.838526642352864 2.4297257774116714 
2.017088711006996 5.2353645717049275 0.9833426920370971 
2.2362412649538044 5.241039451497843 4.028391854009209 
2.0 11.116926359653863 3.5531112923957835 
2.3395145406900335 30.12852814210654 13.066825258351177 
2.0 15.791541025516509 5.4157242982007165 
2.017208515215179 4.733882544656435 2.7746930629926236 
2.1193638892537705 2.0 0.07625710957151277 
2.0 2.0 0.734227760951458 
2.0229364157128114 8.441596982520709 2.963308867916849 
2.1130574658370325 3.1259301903234187 2.2261425971998117 
2.0 5.773763857138884 3.7677714785952165 
2.1054412165924608 21.581790165920427 6.643619937405173 
2.0132882018432205 2.6652371358348415 0.8543343928438197 
2.031557120650707 12.266707590517399 3.33562405676678 
2.1728071659960833 4.299341472514845 2.553032554195418 
2.0 6.290468826608291 1.6853398886101196 
2.568139336570351 48.183385937772 0.09176308879077588 
2.218285549867444 2.6112130487708534 0.8408964227013342 
2.0472921079610034 2.9836835459858633 2.114302572386456 
2.0 2.04938004583121 1.4219881588942194 
2.0024568616567144 7.084489781884011 3.6003349864744036 
2.065354912750826 2.595226202560447 0.8935202652234895 
2.053480447526496 3.403976376124888 1.0748633326003278 
