0.033703800000 0.548498000000 0.542335000000 0.555114000000 
0.050822700000 0.382789000000 0.377691000000 0.401058000000 
0.044332000000 0.412848000000 0.407512000000 0.428578000000 
0.120408000000 0.157392000000 0.151410000000 0.163282000000 
0.031962400000 0.573877000000 0.566916000000 0.578388000000 
0.049597300000 0.397669000000 0.390641000000 0.415974000000 
0.099580300000 0.178016000000 0.173368000000 0.186361000000 
0.081107600000 0.202307000000 0.196550000000 0.209754000000 
0.577979000000 0.003684250000 0.002917080000 0.003358370000 
0.110147000000 0.165394000000 0.160467000000 0.173317000000 
0.039795900000 0.422144000000 0.417103000000 0.439417000000 
0.033133000000 0.568107000000 0.560229000000 0.571551000000 
0.505603000000 0.010745300000 0.009345630000 0.010626900000 
0.550868000000 0.005649560000 0.004686290000 0.005339750000 
0.281975000000 0.065011100000 0.062167900000 0.069873400000 
0.390442000000 0.031795700000 0.029354900000 0.033104000000 
0.070459800000 0.225462000000 0.219741000000 0.232755000000 
0.313578000000 0.053009100000 0.049733400000 0.055571700000 
0.071978100000 0.220289000000 0.214685000000 0.227719000000 
0.299558000000 0.057891800000 0.054419000000 0.060654800000 
0.321445000000 0.052259600000 0.047938100000 0.052569000000 
0.054400400000 0.278421000000 0.270093000000 0.283383000000 
0.434204000000 0.022530600000 0.020381400000 0.022849800000 
0.057356400000 0.268526000000 0.261499000000 0.274352000000 
0.238007000000 0.083756000000 0.080196300000 0.089160700000 
0.456717000000 0.018249000000 0.016387900000 0.018474300000 
0.054858700000 0.275274000000 0.267087000000 0.280323000000 
0.089211900000 0.190163000000 0.185304000000 0.198405000000 
0.140619000000 0.138562000000 0.134170000000 0.146289000000 
0.640087000000 0.000515206000 0.000391240000 0.000480986000 
0.062490000000 0.254096000000 0.247945000000 0.260763000000 
0.277728000000 0.068912900000 0.065099700000 0.072678900000 
0.562374000000 0.005066280000 0.003830540000 0.004084020000 
0.241987000000 0.081082400000 0.077174900000 0.085703700000 
0.092467800000 0.182277000000 0.177015000000 0.190086000000 
0.411788000000 0.026456300000 0.023435200000 0.025628500000 
0.256067000000 0.076545300000 0.072532400000 0.080701600000 
0.588468000000 0.003267730000 0.002330200000 0.002467380000 
0.471581000000 0.015184200000 0.013490700000 0.015232700000 
0.212427000000 0.095380100000 0.091100400000 0.100577000000 
0.202395000000 0.100208000000 0.096387500000 0.106503000000 
0.089771300000 0.185007000000 0.179743000000 0.192896000000 
0.049893900000 0.400989000000 0.394904000000 0.415047000000 
0.293211000000 0.060582200000 0.057048400000 0.063517200000 
0.144495000000 0.135672000000 0.131404000000 0.143278000000 
0.305888000000 0.055648000000 0.052428700000 0.058889600000 
0.077405900000 0.212275000000 0.206865000000 0.219954000000 
0.073713300000 0.214939000000 0.208890000000 0.222069000000 
0.041852000000 0.417791000000 0.412572000000 0.434333000000 
0.078648600000 0.207657000000 0.201915000000 0.214819000000 
0.045876000000 0.407036000000 0.401214000000 0.421814000000 
0.033295600000 0.552942000000 0.547334000000 0.559951000000 
0.487896000000 0.013282800000 0.011152700000 0.012071000000 
0.442948000000 0.020176000000 0.018110000000 0.020378300000 
0.188693000000 0.107063000000 0.103224000000 0.113778000000 
0.036148100000 0.428338000000 0.423610000000 0.446513000000 
0.107702000000 0.170858000000 0.164496000000 0.176632000000 
0.328574000000 0.048524300000 0.045433600000 0.050788000000 
0.167934000000 0.118819000000 0.114831000000 0.126011000000 
0.060683300000 0.262032000000 0.255596000000 0.268394000000 
0.251472000000 0.077950700000 0.073894400000 0.082163800000 
0.621479000000 0.001415720000 0.000944547000 0.001065950000 
0.063460800000 0.242351000000 0.236096000000 0.248974000000 
0.150527000000 0.130981000000 0.126738000000 0.138608000000 
0.128760000000 0.147412000000 0.142862000000 0.155209000000 
0.085956600000 0.195474000000 0.189017000000 0.201670000000 
0.177566000000 0.113725000000 0.109012000000 0.119498000000 
0.174754000000 0.115473000000 0.110773000000 0.121337000000 
0.220730000000 0.090977900000 0.087358000000 0.096821400000 
0.133665000000 0.143856000000 0.139375000000 0.151673000000 
0.361141000000 0.038582000000 0.035924900000 0.040361500000 
0.521967000000 0.008714010000 0.007091490000 0.007631770000 
0.034897300000 0.432973000000 0.428408000000 0.451262000000 
0.267411000000 0.072819400000 0.068879200000 0.076316800000 
0.165128000000 0.123642000000 0.118713000000 0.129656000000 
0.535267000000 0.007678060000 0.006114310000 0.006560540000 
0.606583000000 0.002067130000 0.001490890000 0.001699170000 
0.114715000000 0.160269000000 0.155462000000 0.168200000000 
0.337127000000 0.045876100000 0.042901800000 0.048010100000 
0.355682000000 0.041875700000 0.039508100000 0.044998700000 
0.051966700000 0.302870000000 0.294844000000 0.308844000000 
0.067618800000 0.233446000000 0.226871000000 0.240004000000 
0.060981300000 0.255824000000 0.248433000000 0.261422000000 
0.196414000000 0.102943000000 0.099105800000 0.109365000000 
0.347393000000 0.043302700000 0.039348400000 0.043147700000 
0.066927900000 0.237781000000 0.231039000000 0.244159000000 
0.082870000000 0.203657000000 0.196996000000 0.209644000000 
0.156242000000 0.127327000000 0.123188000000 0.134733000000 
0.123277000000 0.152225000000 0.147710000000 0.160116000000 
0.052979500000 0.290451000000 0.282766000000 0.295993000000 
0.286031000000 0.063418700000 0.059796700000 0.066477800000 
0.051631900000 0.316182000000 0.308140000000 0.323283000000 
0.425240000000 0.024049600000 0.022135100000 0.025414800000 
0.101449000000 0.172543000000 0.167486000000 0.180477000000 
0.227240000000 0.088150200000 0.083993700000 0.093037400000 
0.053708600000 0.286123000000 0.277608000000 0.291245000000 
0.207863000000 0.096971700000 0.092703300000 0.102318000000 
0.374240000000 0.035904700000 0.033282100000 0.037500700000 
0.386746000000 0.033421200000 0.030698700000 0.034813500000 
0.399721000000 0.029007600000 0.025791700000 0.028214100000 
