2.0 35.66695551877267 0.0 
20.316491101712998 2.0 87.42898337056457 
23.426831986718618 3.270783264836133 13.486624678448335 
4.153412837688281 2.0 2.2177813969946594 
2.732876913851671 44.22821336824735 0.0 
3.6757814830819604 2.581508798076475 0.0 
9.541474135685458 2.0 2.4370124797974633 
7.5423879334482296 2.0 2.8171891527206396 
2.0 2.409752092748311 0.404706162133349 
8.49891367971055 2.354400521628652 2.281592371146553 
23.887978921739847 2.7124140254402325 15.292800169689635 
2.7703133359695324 35.40349181723241 0.0 
2.0 2.001950794141582 0.5874076931125565 
2.0 2.199882882713138 0.4723565614594847 
9.528496619457865 2.3586946098250126 1.1673864668913447 
4.020003011712566 2.3129553743058087 0.8297750385264482 
10.368907411927374 2.0 3.237245754474409 
3.708303617788423 2.339599944914223 1.0682991863987175 
10.181559443857182 2.0 3.141425420268927 
3.67163164479125 2.0 1.1196043574170398 
3.121152622971702 2.328669394579469 1.083857821402452 
8.22885340147811 2.1278082845870334 4.9787372893343775 
2.0 2.0 0.7669614681015865 
9.569174267922083 2.012487109382774 4.324410921468407 
6.915065181898996 2.05572681567877 1.3732522552671407 
2.0 2.0 0.7133441735147997 
8.389520879160052 2.245101403041784 4.845680282970474 
10.292379884008376 2.1735323882874638 2.6115398483795182 
7.854958756528881 2.2166624834866244 1.9377419470787793 
2.0 2.0 0.10360570221326121 
11.061763278496793 2.0 3.8778778279344763 
4.869604048901504 2.238511128441564 1.2367654530618797 
2.6565589579809616 2.0 0.4169902967927662 
5.84265559346524 2.357701339606267 1.345225335354744 
8.405582424962915 2.0110509799019542 2.5006572048567124 
2.8233772142395916 2.265191285402946 0.8042044856881061 
4.727326772736259 2.0 1.317821460920272 
2.9268164484334283 2.004438025809564 0.3455946189324218 
2.000132482329229 2.000124804482053 0.6633147277015978 
5.747816142906429 2.18298607845488 1.5022309902717903 
7.17592222312335 2.1521962233731173 1.530048994311036 
7.698531327204624 2.0 2.5447742417651913 
15.52394588681694 2.803852349876891 12.31562196232272 
4.422726338947112 2.151272230904809 1.1355615472577376 
7.284701957390434 2.001690013523743 1.9185215834483862 
6.176702966629151 2.0814925904450474 1.084142162160283 
9.584204368848745 2.0165913691923176 2.9770933819142735 
8.239167731470348 2.0 3.0440723568315438 
24.356302978901788 3.047924063009747 14.410988456298785 
6.927240431055679 2.080526567944605 2.9326619876250537 
17.88795564746799 2.5574379288044455 12.868791717237928 
2.0 39.57120683656262 0.0 
3.167003249521455 2.23570181944228 0.6165449311037647 
2.0 2.271960105613555 0.7380260482435981 
7.093905245601651 2.0183699222531053 1.59409147689228 
23.5256470990676 2.535935705377095 17.435966526577115 
3.822418041543388 2.281646189629755 2.4131153170232262 
4.426413465593578 2.27789837297388 1.019734947444695 
6.96086882660968 2.414936090454626 1.7279172973025503 
11.180556199224469 2.0 4.112162204411913 
5.208473632320109 2.0 1.3282889270992404 
2.0 2.0 0.2734000871971841 
10.375158297597874 2.025517174707709 3.616687743825724 
8.043557237511116 2.0 1.8612169557771006 
7.820454937197687 2.0 2.0546599026266312 
6.423335587411472 2.0 2.7605138263378315 
6.046370732007169 2.048768632023891 1.7113977365586237 
5.78164499406336 2.1724675941534812 1.7191333991287312 
6.748898369357848 2.427885429192838 1.44063384643108 
7.844726077203721 2.2483437862611355 2.0104312126384727 
4.016857168486269 2.246033650235341 0.907533360267664 
2.8029787007336493 2.486286909293529 0.5187146300543437 
31.50127111675319 3.3194307132479803 17.884796741454622 
4.023386354561184 2.0354945187870395 1.2634474224097276 
6.172578893910085 2.050519767551552 1.8191864546963092 
2.612077823899522 2.2476907235287324 0.49607727761602916 
2.0 2.0 0.3271807993047181 
8.110565284647835 2.2571454566742544 2.223522600756252 
3.789528131341154 2.233650464612198 0.9982411540834963 
7.806866349687588 2.0 0.919509311655463 
9.667197738949401 2.028510209979822 5.925981889664697 
8.095802260665504 2.3878364377620054 3.438020075500865 
7.574330994081159 2.0431783856957093 4.060126359948395 
7.419559452107306 2.0623652397977046 1.5628323191379012 
3.1196711418362986 2.017854692128344 0.9919688192690591 
8.476757005811326 2.0 3.536615319685155 
5.568554891340579 2.4802196710058064 2.8972242149394907 
7.336631673857639 2.0204067608996836 1.8190983084818217 
6.880258799392407 2.0484007523167045 2.114835653625038 
9.645700454390296 2.0 5.236557925508161 
4.365389725673783 2.0480538318418176 1.1686506081734582 
10.452994741621767 2.0002473293615397 6.765608896627521 
6.000361552296346 2.0 0.7163814699588593 
7.631895812649765 2.019725198206714 2.3827793180415338 
5.6600936236705 2.191675883459236 1.4335639860547644 
8.351953313673503 2.334715965313044 5.353520121876766 
5.634343460465323 2.0808894697274987 1.5224345518098443 
3.640234829726264 2.27014804043783 0.8790194590273287 
5.109127322038999 2.0 0.8629577427960218 
3.076007693498603 2.2040791244111317 0.8326007515527998 
