0.010653000000 0.371011000000 0.327037000000 0.329522000000 
0.369181000000 0.009955920000 0.004984460000 0.005529530000 
0.014317000000 0.353413000000 0.308986000000 0.311554000000 
0.378197000000 0.008261460000 0.003951600000 0.004472310000 
0.317176000000 0.026642000000 0.014536100000 0.015601500000 
0.416108000000 0.000537213000 0.000427751000 0.000477022000 
0.416805000000 0.000538971000 0.000427573000 0.000476732000 
0.247132000000 0.054341100000 0.033360100000 0.034925700000 
0.126552000000 0.132149000000 0.094709700000 0.096993700000 
0.285536000000 0.039930100000 0.022863100000 0.024395800000 
0.348664000000 0.016303000000 0.008446950000 0.009237490000 
0.109602000000 0.145627000000 0.106381000000 0.108766000000 
0.043514700000 0.238985000000 0.193417000000 0.196537000000 
0.170112000000 0.100226000000 0.068231900000 0.070273700000 
0.013858300000 0.358424000000 0.314177000000 0.317380000000 
0.121672000000 0.134909000000 0.097073700000 0.099386700000 
0.221099000000 0.066694400000 0.042441600000 0.044165800000 
0.050012100000 0.227313000000 0.182022000000 0.185114000000 
0.020272300000 0.307877000000 0.262132000000 0.264680000000 
0.047633200000 0.231003000000 0.185599000000 0.188679000000 
0.009773730000 0.375747000000 0.331887000000 0.335152000000 
0.051526100000 0.223959000000 0.178824000000 0.181906000000 
0.119971000000 0.138256000000 0.099962000000 0.102330000000 
0.011195700000 0.368294000000 0.324297000000 0.326771000000 
0.215411000000 0.071570500000 0.045693600000 0.047367000000 
0.162357000000 0.105875000000 0.072810200000 0.074911400000 
0.182534000000 0.090780000000 0.060455600000 0.062667300000 
0.185719000000 0.087285800000 0.057878700000 0.059685300000 
0.025817900000 0.285861000000 0.240120000000 0.242691000000 
0.107111000000 0.149188000000 0.109552000000 0.111983000000 
0.302645000000 0.033181500000 0.018383900000 0.019779400000 
0.176292000000 0.095011100000 0.063896600000 0.065818500000 
0.007833960000 0.393802000000 0.351205000000 0.352868000000 
0.340176000000 0.019208500000 0.010024900000 0.010913600000 
0.030028800000 0.271749000000 0.226019000000 0.228655000000 
0.016894800000 0.333884000000 0.287884000000 0.290408000000 
0.330490000000 0.022274000000 0.011696100000 0.012664900000 
0.012550400000 0.362632000000 0.319450000000 0.322521000000 
0.193677000000 0.083532000000 0.054962000000 0.056844900000 
0.018330100000 0.319724000000 0.273901000000 0.276436000000 
0.057748300000 0.221870000000 0.176978000000 0.179768000000 
0.018386800000 0.314058000000 0.268268000000 0.270834000000 
0.016065600000 0.338976000000 0.292947000000 0.295469000000 
0.241565000000 0.058636200000 0.036180700000 0.037780500000 
0.058517500000 0.216974000000 0.172304000000 0.175070000000 
0.142104000000 0.123721000000 0.087982800000 0.090058300000 
0.017191400000 0.329877000000 0.283913000000 0.286442000000 
0.035739900000 0.254669000000 0.209063000000 0.211749000000 
0.058860800000 0.212683000000 0.167950000000 0.170923000000 
0.385542000000 0.005369240000 0.002542790000 0.002850420000 
0.087126300000 0.173501000000 0.131517000000 0.134283000000 
0.025005300000 0.289943000000 0.244198000000 0.246773000000 
0.080374700000 0.177021000000 0.134605000000 0.137256000000 
0.024229500000 0.292725000000 0.247002000000 0.249570000000 
0.143635000000 0.120572000000 0.085445800000 0.087541400000 
0.024000200000 0.297782000000 0.252053000000 0.254613000000 
0.065000100000 0.201939000000 0.157775000000 0.160627000000 
0.019833600000 0.311291000000 0.265524000000 0.268079000000 
0.404805000000 0.002036030000 0.001012150000 0.001159280000 
0.117194000000 0.142808000000 0.104081000000 0.106549000000 
0.030978700000 0.266346000000 0.220648000000 0.223295000000 
0.131920000000 0.127073000000 0.090295900000 0.092564500000 
0.273591000000 0.042131000000 0.024889200000 0.026251700000 
0.017316800000 0.324450000000 0.278565000000 0.281100000000 
0.265016000000 0.045868100000 0.027379700000 0.028847000000 
0.174173000000 0.098443200000 0.066575800000 0.068885600000 
0.069164800000 0.195914000000 0.152138000000 0.154927000000 
0.394567000000 0.003236140000 0.001591250000 0.001805480000 
0.088266800000 0.167004000000 0.125540000000 0.128092000000 
0.008365150000 0.390021000000 0.348171000000 0.350142000000 
0.252284000000 0.051852100000 0.031251100000 0.032678300000 
0.040834900000 0.243523000000 0.197859000000 0.200953000000 
0.074792400000 0.184048000000 0.141083000000 0.143772000000 
0.037920000000 0.247692000000 0.202200000000 0.204915000000 
0.029263000000 0.276404000000 0.230662000000 0.233266000000 
0.150322000000 0.111755000000 0.077500000000 0.079581700000 
0.021744300000 0.303085000000 0.257350000000 0.259875000000 
0.260076000000 0.048405900000 0.028775900000 0.030174600000 
0.232083000000 0.061608800000 0.038240300000 0.039823000000 
0.009109020000 0.385168000000 0.343226000000 0.345251000000 
0.291679000000 0.036108700000 0.020594400000 0.021854700000 
0.309130000000 0.029492300000 0.016470300000 0.017617300000 
0.061183000000 0.208065000000 0.163557000000 0.166502000000 
0.199664000000 0.079035300000 0.051402100000 0.053141200000 
0.097385400000 0.158748000000 0.118163000000 0.120753000000 
0.072283300000 0.189964000000 0.146566000000 0.149281000000 
0.155635000000 0.109062000000 0.075352300000 0.077388400000 
0.068164300000 0.199566000000 0.155970000000 0.158615000000 
0.093030500000 0.161641000000 0.120633000000 0.123176000000 
0.062771300000 0.205036000000 0.160697000000 0.163583000000 
0.230979000000 0.062838700000 0.039530800000 0.041223400000 
0.104531000000 0.151908000000 0.112008000000 0.114457000000 
0.033159700000 0.262643000000 0.216968000000 0.219644000000 
0.046968000000 0.234766000000 0.189575000000 0.192318000000 
0.028440000000 0.279451000000 0.233691000000 0.236306000000 
0.009658810000 0.380665000000 0.337120000000 0.339821000000 
0.359037000000 0.013724000000 0.007305570000 0.007920920000 
0.070264300000 0.193149000000 0.149497000000 0.152286000000 
0.209002000000 0.074959000000 0.048597800000 0.050415400000 
0.323384000000 0.024343500000 0.013238000000 0.014269700000 
