3.588709510782189 4.7391556230236045 114.19426208567322 
2.5250457248568448 2.0054953426054944 0.4435813402686581 
3.5409842230012947 5.152676786542761 6.21930988566902 
2.0 2.0 0.4136468072821589 
3.658812090304819 2.300186173765922 0.6584600693253324 
6.236353167696232 2.0026449026683344 0.00993345381390439 
2.0 2.0025940436487035 0.03145273841473495 
2.7625393421922735 2.0 0.9210593912004676 
4.897255528587502 2.0229113571331996 1.4870075708343427 
2.353613195747472 2.0 0.803416629761109 
3.0043415394334763 2.4980589079471343 0.5484420849403766 
4.78556487434178 2.0512961951463797 1.5995997572081124 
5.281799007572106 2.0 2.767259852348454 
4.163501668463423 2.0358289238912155 1.2567082971352377 
3.1657461458065588 6.2649867967068875 6.1296547530349175 
4.891304671398853 2.0367711056284774 1.5072753110835002 
3.3827460846729456 2.2800668713708103 1.011621716175064 
4.73178734001158 2.06190828344205 2.574758843651233 
5.565548691153026 2.1541501222306283 4.935892277314707 
4.872710854232302 2.0626900752862287 2.624738584389235 
3.194852110342273 6.004400374117836 0.0 
5.453740406228006 2.092464978130666 2.511750490320262 
5.423854654465893 2.0168347419774117 1.534148408630601 
3.5503648473905947 4.905082828929303 8.728243296220121 
4.6688959823888965 2.0 1.041131195389465 
4.371932569162395 2.0 1.2964822099938629 
2.0 2.4062732227341517 1.1925118917999813 
5.295516626398878 2.018504810420464 1.1534011116615717 
6.047510852669405 2.2799806480889737 3.8765659319453176 
5.070601517758519 2.0 1.6329148586682685 
2.2644813230080603 2.0 0.7412846502080258 
5.277330409390594 2.0190615785120367 1.1980203542529124 
3.807833742906909 9.911916495753836 0.0 
4.083590064283624 2.06697365849535 0.5807129453012967 
6.049830379577996 2.006391162720315 3.417411135839895 
5.8392052307801805 2.467287645436655 8.355738544153905 
4.636555613361856 2.0062973318737773 0.5992700530126744 
2.3638049164627866 6.913304095482511 6.946055534437395 
3.6100844233147447 2.055650614434627 1.1299427738706505 
6.4582574461667805 2.0 5.868835953583647 
6.9466647897125835 2.0 2.4712568946495486 
6.337201353455147 2.0879649756929264 5.37354801172251 
5.8817320233536545 2.037289358027519 10.516436971184945 
4.409974042648193 2.3091481298629772 0.9413163312222497 
7.303708892400167 2.0324022855718016 2.3874503665130216 
7.228781839591067 2.0 1.4336059957571983 
6.097197398256612 2.424307593710152 7.440199338682049 
5.870364068754861 2.0 3.019368001825824 
5.055584277138571 2.245316312366866 2.3405933802418777 
7.843503427214783 2.139298602833314 0.32543478909587287 
3.59098562777715 2.0 1.8754321066183557 
6.354464071000723 2.1818485943043857 4.027638905856492 
5.309348917061366 2.2235918826563807 1.9035305278442383 
6.390158510131547 2.0742256111155526 4.159487117425545 
5.599411946264043 2.0 1.4103734196257742 
5.680296444615143 2.4959716834899415 4.392604681191701 
5.306222776734047 2.3019495727526844 2.201158087182256 
5.875943101244587 2.2709080863539883 5.1623270022654815 
2.961219110139664 2.0037270670352303 0.23202385524062857 
4.171194408801133 2.125188045066947 1.5896196465502395 
6.457981322126513 2.0 3.279565874255023 
4.780124829813466 2.054173275861422 1.4526317824389445 
3.2786207188269234 2.0 0.8149595041090991 
5.849846193983488 2.456461808465416 6.5637195288741985 
3.0863272959679735 2.1900632663963426 0.8471661456510542 
2.0 2.0011071993119205 1.2421469589920917 
4.875844307876718 2.272957588667175 2.12255478644453 
2.5752604628487266 2.036021394868563 0.28170512196788466 
4.7834996209641085 2.0436136817110433 1.8018919601123287 
4.08119510726884 8.10738405734411 0.0 
5.230088665407843 2.0 0.879067567685088 
5.316680954726282 2.0 2.851923909348703 
5.445521830107448 2.228494946750758 1.9825862689482145 
5.77584365898515 2.1527829853615494 2.882214477418179 
5.879850448943609 2.019348595455861 3.560835511060478 
5.1593018651237985 2.288144494059947 1.3277371340195048 
6.4617508883961925 2.0 4.665296963636919 
4.67591376310608 2.0730234093271735 0.8527436932695437 
4.6133699189106965 2.174957775011993 0.960521522808484 
3.7930104950619805 7.922479807268003 8.765427995773656 
3.7921961671220163 2.2873744565696654 0.756479007150012 
3.2996498740175317 2.2675510844045275 0.7034531986913639 
4.962733818170703 2.1327729571294274 2.2765306153760916 
4.676071616595913 2.1968342555978833 1.0841528664616378 
3.898141065123895 2.1316492686244084 1.7332827681090985 
5.43151533986463 2.0 2.045208543221438 
4.71115859052855 2.0695832985867777 1.3051512152791374 
5.598166761232108 2.0 2.1727035449965992 
5.276429737266237 2.1742300180717673 1.7439640415913706 
4.94623742256538 2.0532707096080953 2.233954084773374 
2.623380637392512 2.3460931831205833 0.9835714213577289 
4.687466869023179 2.002915753358065 1.6537788952439403 
6.348440040699646 2.018283076697854 3.178492994529656 
5.701236780333074 2.0 2.651737114047851 
5.538455342924372 2.0 3.649945738028393 
3.296575494819997 9.941235497559301 7.996590223502283 
3.302055391775636 3.046569226478573 0.4645045077470655 
4.609743348316551 2.0 2.0761585348606735 
3.3562006534701263 2.189933749165306 1.0715811669963746 
2.6351352701804833 2.0023985607481753 0.6468305293453991 
