0.129206000000 0.336898000000 0.314053000000 0.338940000000 
0.072072000000 0.643557000000 0.631432000000 0.636722000000 
0.109769000000 0.365096000000 0.342550000000 0.366586000000 
0.199131000000 0.248363000000 0.226381000000 0.252399000000 
0.321942000000 0.152030000000 0.134245000000 0.156223000000 
0.649415000000 0.018040200000 0.013740600000 0.018859300000 
0.663601000000 0.015289000000 0.011552400000 0.015986200000 
0.516655000000 0.054675700000 0.044994700000 0.057132500000 
0.115797000000 0.351174000000 0.328507000000 0.352903000000 
0.431254000000 0.089736100000 0.076375600000 0.093082600000 
0.410429000000 0.100281000000 0.086049800000 0.103769000000 
0.300999000000 0.164685000000 0.145976000000 0.168568000000 
0.481523000000 0.067657200000 0.057110400000 0.069536100000 
0.069808500000 0.646777000000 0.635246000000 0.640267000000 
0.085816400000 0.584362000000 0.568873000000 0.573973000000 
0.123992000000 0.342513000000 0.319891000000 0.344565000000 
0.196443000000 0.257642000000 0.235749000000 0.261696000000 
0.106157000000 0.371523000000 0.349078000000 0.372795000000 
0.598522000000 0.030894000000 0.024895200000 0.033289700000 
0.074708500000 0.630960000000 0.617538000000 0.621237000000 
0.677429000000 0.012167600000 0.009187110000 0.012798400000 
0.147278000000 0.303436000000 0.280557000000 0.306619000000 
0.075415100000 0.629018000000 0.615439000000 0.618723000000 
0.505720000000 0.059505500000 0.049362300000 0.062028200000 
0.544342000000 0.045972200000 0.037537500000 0.048225100000 
0.080655100000 0.601228000000 0.587591000000 0.592576000000 
0.726707000000 0.005024810000 0.004261920000 0.005790320000 
0.310620000000 0.156519000000 0.138311000000 0.160497000000 
0.206481000000 0.241900000000 0.220023000000 0.246162000000 
0.466477000000 0.074031500000 0.062148400000 0.076820400000 
0.394159000000 0.106991000000 0.091919600000 0.110116000000 
0.156501000000 0.297404000000 0.274721000000 0.300374000000 
0.763085000000 0.000897610000 0.000889499000 0.001358990000 
0.172841000000 0.277255000000 0.254776000000 0.280626000000 
0.203765000000 0.248370000000 0.226315000000 0.252940000000 
0.349527000000 0.128284000000 0.111625000000 0.131730000000 
0.090435000000 0.436722000000 0.415842000000 0.435316000000 
0.492239000000 0.063552400000 0.052671000000 0.065715800000 
0.178418000000 0.272691000000 0.250232000000 0.276476000000 
0.086812000000 0.575082000000 0.558921000000 0.564315000000 
0.534574000000 0.049539200000 0.040751000000 0.052277200000 
0.101103000000 0.379139000000 0.356877000000 0.380276000000 
0.564089000000 0.042463900000 0.034720200000 0.044808200000 
0.738764000000 0.003370010000 0.002742280000 0.004175990000 
0.075690300000 0.617161000000 0.604944000000 0.611071000000 
0.182967000000 0.267307000000 0.245017000000 0.271030000000 
0.167264000000 0.284060000000 0.261525000000 0.287338000000 
0.091591400000 0.424681000000 0.403887000000 0.424256000000 
0.455255000000 0.077452000000 0.065157200000 0.080158700000 
0.709546000000 0.006664390000 0.005463510000 0.007770060000 
0.089518500000 0.436942000000 0.416337000000 0.435737000000 
0.074642700000 0.637428000000 0.624676000000 0.630552000000 
0.448395000000 0.079500800000 0.066994300000 0.082517400000 
0.122051000000 0.348421000000 0.325709000000 0.350243000000 
0.254019000000 0.204535000000 0.184288000000 0.209025000000 
0.241576000000 0.214259000000 0.193682000000 0.218743000000 
0.475922000000 0.071620700000 0.060095700000 0.074394000000 
0.342949000000 0.137450000000 0.120446000000 0.141339000000 
0.292683000000 0.169065000000 0.150040000000 0.173209000000 
0.752309000000 0.001960250000 0.001837190000 0.002747560000 
0.401977000000 0.102181000000 0.087700300000 0.105386000000 
0.564623000000 0.036787900000 0.029063000000 0.037972200000 
0.158529000000 0.295147000000 0.272438000000 0.298477000000 
0.287499000000 0.174727000000 0.155545000000 0.178715000000 
0.626671000000 0.023674600000 0.018702500000 0.025296900000 
0.246214000000 0.209868000000 0.188976000000 0.214231000000 
0.194244000000 0.262483000000 0.240587000000 0.266593000000 
0.093415700000 0.419549000000 0.398630000000 0.419305000000 
0.576252000000 0.035201200000 0.027857100000 0.036346300000 
0.329096000000 0.146161000000 0.128665000000 0.150142000000 
0.079436800000 0.609886000000 0.596189000000 0.603169000000 
0.143149000000 0.312765000000 0.290039000000 0.315658000000 
0.279286000000 0.178216000000 0.158743000000 0.182142000000 
0.099939800000 0.387629000000 0.365575000000 0.388539000000 
0.388055000000 0.113441000000 0.098294000000 0.117397000000 
0.589038000000 0.033817000000 0.027099900000 0.035793600000 
0.361300000000 0.126560000000 0.110309000000 0.130303000000 
0.438113000000 0.083820500000 0.070823400000 0.086849500000 
0.132182000000 0.320279000000 0.297296000000 0.322846000000 
0.257925000000 0.198638000000 0.178062000000 0.203139000000 
0.607152000000 0.028695200000 0.022601500000 0.029848100000 
0.095299700000 0.400706000000 0.379016000000 0.401201000000 
0.638459000000 0.021056000000 0.016326900000 0.022148900000 
0.696641000000 0.009319180000 0.007721620000 0.010124600000 
0.232293000000 0.221337000000 0.200223000000 0.225382000000 
0.763796000000 0.000877597000 0.000844576000 0.001383550000 
0.216753000000 0.232783000000 0.211399000000 0.236984000000 
0.114920000000 0.361466000000 0.338780000000 0.362821000000 
0.261421000000 0.195372000000 0.175391000000 0.199703000000 
0.083251000000 0.589029000000 0.574227000000 0.579094000000 
0.306342000000 0.161413000000 0.142515000000 0.165774000000 
0.334285000000 0.143172000000 0.125817000000 0.146919000000 
0.277549000000 0.183046000000 0.163602000000 0.187347000000 
0.271138000000 0.190154000000 0.170190000000 0.194107000000 
0.081894900000 0.605283000000 0.589018000000 0.592568000000 
0.088450400000 0.447403000000 0.426683000000 0.445438000000 
0.224743000000 0.226945000000 0.205719000000 0.230958000000 
0.422026000000 0.091314400000 0.077473500000 0.094235400000 
0.370705000000 0.117998000000 0.102103000000 0.121585000000 
0.077850800000 0.610983000000 0.597694000000 0.604421000000 
