10.085139561081926 2.0 4.141185332147675 
3.38384465433063 53.61268552305206 0.0 
9.96204437488911 2.0 4.820453763226306 
11.814645658487446 2.0 2.7285087579360683 
45.76877519187174 2.1538841496194086 1.671030387969695 
13.08334633727336 2.0 0.46530949550245304 
11.341810094827565 2.2574855526202087 0.431057050368024 
33.232546150146185 2.0759546992370757 0.9105013457947049 
12.419581337414265 2.0 4.466189987173418 
35.42458203111908 2.079687416267304 1.2197807649832666 
36.40570555270856 2.077691890249892 1.2708964238206237 
20.68520242007297 2.0542644214328916 1.8252840311366934 
10.548799238624213 2.609006479518519 0.9363052249562683 
2.96363852358555 78.73079243573788 0.0 
2.0 36.36486437578542 20.849117550598606 
24.325165504974578 2.1390738338473656 4.213320773904176 
39.42584533296289 2.0 2.780927014199568 
12.079213698824546 2.0 4.967974565473417 
52.29952133770368 2.0 0.662733142977828 
3.1323360934392315 56.408150639027006 49.63168295342982 
14.438139466753487 2.272623189961029 0.3902700443082723 
9.033571522725573 2.1355092888263583 3.531220657225508 
3.1483073916800888 66.08235976070023 41.71095614639315 
46.31774346458127 2.0 0.9089354996019241 
48.27386169353597 2.0 0.8241237733134279 
2.0 74.80093025099185 37.25722463359749 
50.08418376997456 2.0 0.028063638404142832 
22.64528945360488 2.3021255712820796 1.7657936600419801 
9.93198801077973 2.003135328222542 2.6560579173242598 
30.109356072155492 2.4923067582390126 1.033765224739828 
15.222376543467249 2.1985273449331943 1.347248437219264 
20.25611841206951 2.0927437512977805 3.380882881850244 
11.203750802635575 2.0 0.01810465375497472 
20.126300743134408 2.118355243147653 3.0786020779579784 
6.577983179913645 2.0212666673128994 2.787040791012368 
11.62289959963227 2.2139068958790995 1.5248790806838723 
10.081200518550789 2.0685248296002894 8.566084063496254 
25.113305774409067 2.228425398155982 0.9488385529406235 
13.07777418061262 2.0093570511066057 3.019530672603102 
2.0 36.41689070999746 16.049884898577403 
46.27295390606658 2.0 0.8213337334385642 
11.843996567336404 2.0 5.200259538795963 
73.07010478538659 2.2340496107968657 0.8289207604908405 
14.338811645551282 2.0009214457338462 0.14591480061547002 
2.0 77.47091781691395 107.14982078352128 
17.827142250882993 2.398059367118834 2.9467682213731545 
19.68659789426541 2.0 3.1804604769907283 
12.114880230694135 2.002191695355969 7.393459243846187 
26.30889475945876 2.313806324964767 1.1038637940862719 
15.718922404699725 2.687176154507557 0.22967054812355592 
14.664816941696827 2.0 8.328277375387959 
2.9995986258812715 32.22595433149252 151.5086924026513 
16.497589436294543 2.2217803684124626 1.104101813874195 
19.021147728782246 2.3567903913704114 4.298079992946661 
40.49924002594385 2.1795521274751724 2.1539206200650676 
41.69669757589043 2.0418519253940035 2.2497095241072698 
33.19648529215061 2.0 1.0701222072813406 
29.929093591216187 2.0 1.5791169789285688 
13.158042433388587 2.0 1.872927711533234 
2.0 15.582087732785546 0.0663283513605526 
25.640739995489188 2.0344353933629815 1.2781775745924984 
6.615851813385172 2.0674830872368943 0.7307477502600441 
9.854793717465208 2.0 3.3983190616258994 
25.22880633267729 2.342290843600349 1.9154571627522556 
31.719799857462945 2.0 0.5727882259475612 
9.719974776667868 2.066982243685619 2.280515782613418 
34.15774419079044 2.0 2.8267197514862294 
9.735069380398507 2.000117752710167 7.008264170683677 
14.416517398711816 2.313267795987602 0.7010905714595346 
29.750777050841904 2.0009925286008725 1.6690473853686574 
2.0 33.48589196114743 151.26505964979435 
12.14312811572539 2.135746752035638 3.680447094682834 
15.038390676211666 2.076315897609097 1.9487075568285315 
10.172062912540694 2.0 5.462525629299923 
45.617598393515955 2.216764654977867 1.4093494820713133 
34.84987005773407 2.067856048028929 0.6888535437689565 
27.986229959911732 2.0 1.4960915929251737 
15.855971298705803 2.0909093021065335 1.1534399288531616 
9.427682042651243 2.0072077898136995 3.8157685300323707 
6.508860854543581 2.0810717889200556 2.1934742333026485 
34.230585985728226 2.0993378249904526 0.6150007063416574 
9.411690388582748 2.022838080839657 5.9847516161398975 
27.840134825734076 2.337658242547366 0.5177119119136506 
77.24176247363984 2.3188565671568493 0.04703466847334714 
22.69161169126768 2.060292569551253 2.3837930541987973 
2.0 2.0 0.03798162131317162 
23.468707414182266 2.0 2.5304144729492233 
14.343765904278035 2.012703697707214 4.677329625250793 
29.03852139007001 2.0 2.0882288160355786 
2.0 43.008501633506626 23.362051433473834 
4.840432965561582 2.083650973068587 1.8094044874549862 
26.732922019434447 2.377733534091141 1.6263399537039074 
30.93090608102991 2.190686744106202 1.961591209511718 
22.087004194829017 2.0373424519500865 2.0675483412504954 
2.6560084460173212 33.54536843319319 20.981441284589824 
11.9619417020625 2.0 9.852614152205721 
24.188648707061375 2.390120032530342 2.4685348825375937 
13.193194288695366 2.0 1.2232454899247203 
11.978960627522191 2.0 1.4379694565411496 
2.0 35.00289459331878 128.0 
