3.0114240980977476 22.47590557008401 0.0 
2.0 21.395884505432043 18.160108668273914 
2.2396846967919966 27.358958560819897 26.7916499167861 
2.0 21.62291279279757 23.982767503076403 
5.168706191952594 2.0 3.2636220002907628 
4.405385937306733 39.708286619850476 0.16067181513759177 
2.763699469585657 2.0 1.9418129782201576 
2.0 27.244816308194174 9.48634998551963 
3.2950197373428773 2.0 1.3834206001949054 
2.0 31.39788732911686 0.324583009714579 
2.0 2.822950547385126 1.3766231317859785 
2.0 18.37044708648665 0.0 
2.0 18.23358023463268 21.7360387553227 
5.548162299390005 2.0 2.8036353093774635 
2.0 35.243188488115244 0.0577654509730644 
4.047101597040803 2.549182762222744 1.2004777532204107 
3.3045820890249997 3.381138787217048 1.7460432534388013 
3.1329269009265412 2.7908197093984146 1.1861436386035893 
4.939904905773189 2.0 4.044881417337836 
4.274351301830045 2.0 3.021212648282667 
2.113000392747039 21.246288669145784 12.6400191600666 
3.253100231507054 3.2323991641821292 3.1836473667654728 
4.4071597983699 2.0 2.3766514999126533 
2.3753568350924206 28.236572607552148 0.3157444663759124 
3.344157900039219 2.8948208878143906 1.609093633686689 
3.6710110037402734 2.0 2.3167147636040077 
2.6337624999014886 16.714121391604877 0.0 
3.3513385138603913 3.5420340510518966 2.6821816246189707 
10.117683386474758 2.0 4.596923263421303 
2.1189274141013206 17.875220643899624 11.058923815006732 
10.331396896256885 3.7191307246864125 4.651310912635333 
3.977345591900839 4.366408905833104 0.7774645041309662 
3.0399751962433665 3.2643541678642722 2.4643905572320146 
3.2618211205063026 2.5933461176946366 1.4614473270007493 
6.952659785474977 3.6807706797771003 4.374492981427753 
2.0 3.72681133111394 1.1863220751852979 
2.906194446661894 2.5131383544142483 1.0695833465081606 
3.9339658288352446 2.366316155136845 2.545314689965791 
2.8329087409099065 3.0566960691331038 1.3672510997742797 
3.2574581536665237 2.5424219565773725 1.5231655496730365 
3.8507789501486736 3.3281604515423977 1.2190500455590478 
3.6824795121633906 3.3358249083656215 0.8621738105029804 
3.7035133153700217 2.0 1.9529027295540629 
3.100372704627704 3.3247256346100214 1.9012161097697404 
2.7488554066514586 3.1031955990906877 1.3077152476135918 
3.355649292539322 4.309579706677343 0.994819911631966 
2.0119621606858185 2.0 0.04767144507065389 
2.195604515641092 41.07767009109129 0.40111158071726116 
6.751842820375494 3.7297410818664307 5.248270914192524 
2.317040699390023 31.381317221788965 0.2176741506684901 
6.227187857774476 2.9896525413767394 3.980894796480288 
5.632960853862897 2.247708223599506 3.1271582464017746 
2.0 29.63677770217945 13.738992121024067 
2.380893430655486 37.55582063718324 0.4416221989138214 
2.794099344069401 2.5142090663125902 0.7241307625492203 
6.1791511791022415 2.5006745723983426 3.597898671145864 
4.649614610476237 2.0 3.3263145587147562 
2.629653633877499 3.048348135217168 1.092282308222875 
3.0125260923911803 3.145894344637095 1.4157330375803525 
4.861949560750881 2.0 2.847191665059766 
2.033643846243839 22.764327706575234 16.212756780958347 
7.111553422928922 4.428885829016407 3.961248430530798 
6.418687835496025 2.0 3.6311364871492158 
4.338891559139766 2.0 2.74625607025807 
2.0 2.957921823805549 0.9328672890553875 
6.658212645220918 3.5125399886102624 6.083243746380893 
2.883441344585921 2.6198190399656927 0.7858435971653905 
2.2104668473131355 12.645319826741561 10.287895962894058 
3.3128377663615116 2.4704387146481395 1.5121851198845335 
3.3682034114135346 3.4099382501520292 2.2779013650296305 
2.0 16.87381240471186 20.078942472788363 
3.7942921054142245 3.5971521426712236 3.9486591536218874 
2.8654986444904362 3.0628208372386676 1.2789869645794743 
4.584446190951453 2.0 3.9175249457462558 
2.0 3.38343523872287 0.6733896214826387 
3.1846313626538154 2.0 1.0678669731624328 
4.02920022134208 2.8781679628229635 0.6864495271601383 
2.008363345750261 55.380939069775444 0.1296095906871652 
6.5088794786235 3.8076544472263336 4.16363364253377 
3.4196012575144827 3.237030960309906 2.006900722454449 
8.720927654786928 3.599549569626931 5.868396361726625 
2.221342903735813 39.5078499001442 0.5931292966370924 
3.2291042573826605 2.838397716961441 1.1181508200925128 
2.475114970675745 3.862796750966978 1.0126777851735578 
6.989739841779625 3.8486122178492854 6.512740417709682 
3.056045399824608 3.2390718111421712 1.638262623096015 
2.0 3.376502939041282 0.5970016279500807 
5.133635661779211 2.3935134252213097 3.8091079875114966 
3.2157492922223785 3.4991321299959814 1.589273733356455 
2.594625008777608 2.6515814695117474 0.8519327907209033 
2.4940224597841816 20.56272581046887 0.04403266633070757 
2.0 3.3186799734140227 1.1373051434492663 
4.120079733034831 4.2291161038312985 3.560518615507949 
2.5456805407329473 2.6125153568252513 0.8175649606076398 
4.022545060135762 3.4534239834041793 0.8941636293138979 
6.516094143604931 3.892827501804433 4.263589570660814 
4.315352115485603 4.470934027863226 3.151720415763103 
3.268260319256446 2.7192564886742385 2.0575118148747764 
4.769787604986023 2.247238630955061 3.55841369737043 
7.352170490410476 3.1233046207910142 4.104526944204044 
