13.217405767478699 2.978263633534736 79.94923179440167 
2.0 22.910843063682833 0.0 
2.4088505947875727 2.0 0.4108884539785862 
2.0 20.392954896525275 125.881844552458 
19.781607512903605 2.0 6.522916245281013 
2.0 18.712649671440545 0.0 
4.368082803592858 2.0 3.7173756458864697 
3.298989777147738 2.620780391720343 2.9174792508802034 
2.0 2.9706182039217843 1.2320343576165627 
2.3407184786382467 2.012790586210128 1.4985014653209712 
2.061737770978814 3.5575436850645 1.7509299298825545 
2.0 3.052176057585379 1.19368997340964 
3.574535208802645 2.0 2.1309962613934155 
2.247574978817 18.296132339561805 0.0 
2.63472896782731 2.627342830250095 2.652808083014179 
4.234624369655437 2.0 2.806843359224505 
3.7811509365746616 2.0 2.3603267882717365 
12.097054132559142 2.126351123038096 2.403265373290686 
2.0 2.0 0.5987724934353054 
2.5480127163789708 2.763156262138718 3.056213235197281 
2.0 2.028197366819765 1.367370957311834 
2.212887231152899 2.2303501956675937 1.0243113761664226 
2.0 2.0 0.6262570864619631 
2.0 3.7595982120685436 1.2538530942719521 
2.0 2.0 1.8095791122241114 
2.337962621771367 3.8681087656078876 1.8273965373867511 
4.821057251859257 2.0 3.11839269887646 
2.2194580993550916 4.078268213144225 1.364543975743755 
5.079640069713113 2.0 3.23664505294515 
2.0 4.38784424889866 1.1291995514502453 
7.549816659424934 2.4614520509096254 2.5861598127334795 
2.0547781535539125 2.050249220300393 1.4025673541150034 
2.0 2.0 1.561356501542315 
25.371934071701837 2.0 8.827234182796586 
2.0 2.0 1.5263061011718593 
2.160746904970259 2.1366093357827265 0.9675489715100241 
12.563735809388517 4.034102388397429 72.09307486255362 
2.0694958466518885 3.762761943809843 1.8580579254714298 
2.3952493576154317 2.1326149374719634 0.8188908133535606 
2.1740853164029446 2.0 0.25028806792220093 
2.2913582176275447 2.2482811774370273 0.9006310491171514 
2.0 2.669206395883847 8.699025940743788E-4 
2.0 4.022903912710467 1.951585708707009 
2.0 2.0 0.3007308078271417 
2.223044122868684 2.1304343107801653 1.0881577866345695 
2.0 2.6578317347587403 1.1174394008064787 
2.0 2.3352476192713074 1.0562008599309118 
3.9683101828956318 2.0 3.863658119018255 
2.2308028155557973 2.330042188820409 1.122448636421192 
33.82789050133241 2.9677635565169806 24.019230640254875 
2.0 2.0 0.9356145214531493 
4.60408202131568 2.0769665378211113 2.050443833381161 
24.787131153006865 2.7326558813319854 16.420722904216937 
2.0883009390357934 3.679130811466248 1.517211905619889 
2.0 2.0 0.35068913705940885 
21.39107715763058 2.780245349072869 13.92225699402166 
3.2099139002595387 3.4934745864647434 2.570026596145394 
4.992084689756283 2.0 4.516984911435543 
6.42939653620612 2.0 1.555928616595594 
2.3621751760966685 2.5971618080407763 0.6972983737108625 
27.582995944669634 2.7738037881679958 0.0 
3.9021035227568195 2.237282937105414 3.1015322771268625 
10.194103800497798 2.0 0.15363144914384766 
14.947836327561307 2.534715989795652 28.086812399116667 
21.59734233475816 2.82272366972526 14.45281856153263 
24.607009565345376 2.0 7.264425933821817 
16.506245574194665 2.1249526316146787 5.3550969820242225 
2.0 2.7217493447506396 0.7648085170258176 
2.0 2.4967404929706314 0.7295196889507825 
4.16122747862314 2.227462373255547 3.5341626443719125 
2.2360065915352654 3.2994797119852985 1.2654676226170922 
2.233637693185522 3.6832456163284775 1.9231292353360279 
6.011864453088647 2.428672552150477 5.6733614041201 
6.033120207469066 2.430871997482593 5.251890614396558 
2.1768808105465585 2.0 0.5420153839197377 
2.0 2.8737656728281715 1.0412450835682114 
3.7155982253028217 2.0 1.6116553011890704 
5.633394490062948 2.0 1.6296315141635915 
5.599920662394926 2.0 4.5252670662114785 
2.5035534532069788 2.7406206711427674 1.6242844239233913 
5.031252992996854 2.0 4.599764861223585 
2.5323802032521705 2.215709047869733 0.47458399051001793 
16.69802676523215 2.4018991624071178 0.5667927567838333 
2.0737659806973494 4.949058346304293 0.6315367341254519 
17.14292588033622 2.0 0.6127857645363839 
2.0 2.0 0.4490466621497974 
2.088593071896751 2.0289192322036937 0.8675534329486652 
2.114490292618248 2.0 0.9869105679277923 
4.131788873404723 2.0 2.4979787611566135 
4.445897034287693 2.330212222222138 2.230042964865393 
23.07542978053752 2.0 5.583218958353538 
3.484277287612866 2.5520549762705342 2.862201006975641 
3.656797937560378 2.081587248059341 2.059018426103598 
2.0 2.0377637749057724 1.4425864663610881 
4.37796475003163 2.427938363148066 2.299678875632173 
4.628157937490765 2.0 2.120084571118295 
17.781934191267926 2.7428394571202768 11.614101086478463 
6.736322685032893 4.581529141741763 0.0421346656559594 
3.8354846355221683 2.0 1.7848193352083492 
2.0 4.664677081574341 0.7177575756000951 
