2.0 23.420754878699523 117.42036802022375 
87.55038607221718 2.0 102.92056587367443 
2.021275550029437 54.825197859595725 0.1849921897265646 
2.0234670178019702 156.5591126284474 0.2727489533302687 
2.0036269204313495 52.4670571569134 0.4427270016687644 
2.0006591795347486 9.1489868366993 5.502830490403265 
2.150155955425877 6.117694604631673 6.19192139371327 
2.0 10.535771410859928 3.5936083817908884 
2.119347567323743 22.212973948409555 15.367387037744116 
2.008482470142544 11.673036172681876 4.423562333098706 
2.0 2.0 1.5795386721800369 
2.8040542271063753 75.15644834932354 0.12309717913653917 
2.0 12.687447538358995 8.523667615470377 
2.0 8.678765485549347 9.309442369747282 
2.0840165454077786 5.345036044487868 1.1932249089281624 
2.3433302604155517 6.9123862343670295 1.0359520413483425 
2.439086668159743 13.231636412763415 2.442390525260939 
2.067494448330579 19.831871493032185 0.05894247647891859 
2.007340893520391 6.05525564942535 5.274601429157544 
2.2624641903088696 75.73641324006914 0.33376121698522926 
2.076444088392575 7.935638375491845 2.7147377866515656 
2.4665036496519526 9.098566017204305 2.8373527319930893 
2.0387662655561396 5.892012660881573 1.7239101097766736 
2.0 2.0 1.2356305575596809 
2.0168821642497887 3.938753690302696 1.6275422377267736 
2.0 2.942167399548495 1.9377094710882006 
2.0791099950674674 2.0 1.7604560320615346 
2.0149052037071518 97.0 0.22303764644923274 
2.1971524916991316 3.1610804802830184 2.0125140518502063 
2.0 7.992676713661442 4.956096641165622 
2.0015044666310424 75.41743560236546 0.2585832072859988 
2.0 2.9036369713779293 2.476949937173204 
2.061054344726716 18.718936734263885 1.2347028755053877 
2.247866525233143 2.567376766769912 2.1232364729397974 
2.0146273580913268 4.154042878634171 1.3239495225741622 
2.495655897183201 2.0 1.4823354348104831 
2.478496164234266 21.495060801808854 1.1768571067518252 
2.0202638472771905 3.9632840247723147 0.9645428921193009 
2.0 2.0 1.3597219757530885 
2.0122737430634015 5.189736614272781 3.73414270667109 
2.0313284404448804 22.791917710635705 21.79075049051834 
2.0269027240648634 2.9168006836906475 1.984469726533093 
2.0 2.0 1.5029734897787648 
2.0306073072961452 5.744332953624287 2.7560298871682054 
2.0074552761148907 2.8796740781679464 0.06715852524988675 
2.040534179697166 5.581593483484066 3.0543916016587573 
2.114928711017949 4.9712925109757276 1.315468810913268 
2.0 5.327658650534515 3.3570465725076972 
2.0086574824845935 3.238147338637974 2.2337815864386266 
2.0 8.798717935879534 3.4847843522047945 
2.2808090430951977 2.0 1.44424897906182 
2.025105239773827 6.957629028623792 2.3204505964902267 
2.069944900331405 2.0 0.7638890053272345 
2.0117309061487316 12.790201129602098 7.812040792510666 
2.0 4.040916164385018 1.850451647254978 
2.0472024271797573 5.761760863753195 3.5520451344012685 
2.0029501987486458 2.9606939691634384 1.7331587001517947 
2.1615630669902526 6.295989432175299 2.483429022038546 
2.2104073694809454 5.780791301097937 4.03794903380176 
2.0 4.0488089288311055 1.7939718974119894 
2.1724141379033353 14.627697060118498 12.206005626510875 
2.4027545732087057 38.29769508952805 0.014326711670230696 
2.187634047658752 6.692028310362962 2.670859553370823 
2.0301572522589404 8.717649619296042 3.185342619095554 
2.0022024671829652 5.736962560753818 10.101951940871661 
2.0 3.9846338473012812 2.0816084705403717 
2.3294217876100842 3.420192138660974 1.0509851641947536 
2.0104813365332803 3.2022006002637124 0.8362411618386381 
2.14442417437998 9.363983172921657 7.198345103705221 
2.107104164118786 6.075729410653947 2.871411078478777 
2.0949066181778275 9.215517130458366 3.7623796171912893 
2.0030646412650506 3.142486264121942 0.8737310220869301 
2.067243534228342 8.871878242679614 2.4429805295312503 
2.1457570969690343 11.214395966115692 8.259353870857916 
2.0303774506081878 10.653852618251088 2.7787658808896634 
2.0265365408309624 2.0 0.7251394154804154 
2.2338824615357726 5.005430702904375 4.632914641942305 
2.0 7.43877664514424 4.478631049132243 
2.081523533202649 2.0 1.1147566427107451 
2.0206061112569875 6.141323200520689 3.262204188849191 
2.2070674968520247 10.534924813144578 6.094993838765842 
2.2846278559577122 18.499698051829892 14.071422165752082 
2.0359931205788033 10.769671000069847 3.070153616850261 
2.2429173064728953 4.912454110080963 5.119468637109424 
2.0 9.414304504549124 5.790467248643035 
2.0316885391046613 20.768838177508748 10.933982974038301 
2.0253034321607792 3.9249052584374677 1.1076949062463697 
2.0 2.0 1.8808982094464226 
2.049446257280048 192.0 0.4144253916508076 
2.0070465965551154 2.0 1.410839162030395 
2.008109424214428 8.11634572235701 4.352832099317342 
2.0 9.073872777636092 6.6654677364522446 
2.3480288219437737 22.61894935918459 18.157081711052534 
2.0 2.0512847686942632 1.5444400933478 
2.230000592444001 2.0 1.2652783365497626 
2.2958703453823492 8.812114593441345 3.986324258105327 
2.009525540595131 8.648294086564757 4.846125777537965 
2.0737796191341356 2.9835592789410725 0.937547249494242 
2.0400640186327843 5.689592416740862 7.374833790110847 
2.114642341521646 15.272856724076002 3.3403848663373026 
