0.041049500000 0.452367000000 0.427025000000 0.447215000000 
0.035605900000 0.473828000000 0.448146000000 0.467433000000 
0.037190000000 0.465729000000 0.439474000000 0.458966000000 
0.036098500000 0.472050000000 0.446007000000 0.465450000000 
0.175848000000 0.209084000000 0.164241000000 0.164543000000 
0.109251000000 0.263054000000 0.216664000000 0.217039000000 
0.025822600000 0.507314000000 0.481492000000 0.492981000000 
0.053236500000 0.360492000000 0.314164000000 0.315981000000 
0.099948400000 0.283310000000 0.236160000000 0.237441000000 
0.103496000000 0.280063000000 0.232431000000 0.232202000000 
0.044900900000 0.374700000000 0.329471000000 0.331932000000 
0.025830300000 0.505052000000 0.478955000000 0.490649000000 
0.291392000000 0.121352000000 0.089115900000 0.091167000000 
0.088221100000 0.297712000000 0.249814000000 0.250824000000 
0.066365200000 0.336638000000 0.288591000000 0.289994000000 
0.042378900000 0.393002000000 0.349436000000 0.351913000000 
0.086817300000 0.303867000000 0.256701000000 0.262056000000 
0.410544000000 0.050385900000 0.034289000000 0.036260500000 
0.082721700000 0.310126000000 0.261746000000 0.262259000000 
0.048381300000 0.368654000000 0.322905000000 0.324845000000 
0.391809000000 0.060834600000 0.042047200000 0.044241100000 
0.043563800000 0.379146000000 0.334269000000 0.336492000000 
0.168023000000 0.210353000000 0.166180000000 0.168637000000 
0.297595000000 0.109417000000 0.081341700000 0.085098800000 
0.057927600000 0.351400000000 0.304809000000 0.309966000000 
0.250266000000 0.123967000000 0.094588600000 0.099025100000 
0.241522000000 0.143107000000 0.108158000000 0.110512000000 
0.064779300000 0.340614000000 0.293544000000 0.296540000000 
0.405095000000 0.053852300000 0.036921700000 0.039782600000 
0.413614000000 0.048479000000 0.032688000000 0.033650500000 
0.178234000000 0.194238000000 0.155272000000 0.158823000000 
0.061286900000 0.344792000000 0.297814000000 0.300832000000 
0.215312000000 0.147999000000 0.114599000000 0.118302000000 
0.325286000000 0.089233900000 0.064642300000 0.068052000000 
0.530223000000 0.008433180000 0.005146600000 0.005985750000 
0.073826300000 0.314556000000 0.271392000000 0.280676000000 
0.163580000000 0.211690000000 0.167710000000 0.170753000000 
0.086751000000 0.307905000000 0.260653000000 0.263493000000 
0.184489000000 0.177339000000 0.140743000000 0.145122000000 
0.384428000000 0.065599300000 0.045689700000 0.047921400000 
0.133037000000 0.238911000000 0.193302000000 0.196427000000 
0.068464300000 0.335021000000 0.288239000000 0.292051000000 
0.042921100000 0.382453000000 0.337947000000 0.340493000000 
0.429733000000 0.038199800000 0.026340900000 0.028352100000 
0.280974000000 0.122444000000 0.091063600000 0.093615500000 
0.060187300000 0.347116000000 0.300793000000 0.305281000000 
0.149108000000 0.214842000000 0.172530000000 0.176245000000 
0.205743000000 0.169554000000 0.134106000000 0.139750000000 
0.106152000000 0.268779000000 0.230619000000 0.246342000000 
0.483545000000 0.021832900000 0.013994500000 0.015655800000 
0.355435000000 0.083560900000 0.059158300000 0.061129800000 
0.244441000000 0.136636000000 0.104847000000 0.109348000000 
0.202437000000 0.176398000000 0.140275000000 0.146231000000 
0.163375000000 0.213440000000 0.173691000000 0.180770000000 
0.096550900000 0.296160000000 0.247997000000 0.251357000000 
0.098280900000 0.290719000000 0.242896000000 0.247700000000 
0.251491000000 0.128513000000 0.096106700000 0.098966600000 
0.146286000000 0.229843000000 0.188544000000 0.193993000000 
0.069447000000 0.330080000000 0.282779000000 0.285184000000 
0.088162900000 0.295332000000 0.249921000000 0.256812000000 
0.343130000000 0.083002700000 0.059631700000 0.063110100000 
0.108862000000 0.279186000000 0.231471000000 0.235105000000 
0.026332900000 0.477194000000 0.449538000000 0.462793000000 
0.333697000000 0.092802800000 0.066133100000 0.067938900000 
0.179071000000 0.182039000000 0.145422000000 0.151631000000 
0.078471200000 0.322433000000 0.274063000000 0.274335000000 
0.198546000000 0.182653000000 0.143309000000 0.144964000000 
0.079441100000 0.316191000000 0.269172000000 0.274955000000 
0.518212000000 0.012692600000 0.007885860000 0.009131550000 
0.529397000000 0.011233100000 0.006845890000 0.007860760000 
0.375823000000 0.069106600000 0.048065200000 0.049824000000 
0.042372700000 0.395455000000 0.352095000000 0.354640000000 
0.501896000000 0.013485300000 0.008658650000 0.010249900000 
0.451998000000 0.033966300000 0.022501300000 0.024310400000 
0.435599000000 0.038725700000 0.025714700000 0.028130500000 
0.050593900000 0.363197000000 0.317155000000 0.319622000000 
0.494682000000 0.018354200000 0.011479100000 0.012913300000 
0.049332100000 0.366282000000 0.320445000000 0.322828000000 
0.469085000000 0.024748100000 0.016141500000 0.018105100000 
0.305630000000 0.102928000000 0.075447800000 0.078456000000 
0.269894000000 0.124049000000 0.093896200000 0.097971700000 
0.046991300000 0.372285000000 0.326824000000 0.328862000000 
0.462889000000 0.028597100000 0.018681000000 0.020494300000 
0.121088000000 0.231801000000 0.192668000000 0.200861000000 
0.359683000000 0.081266300000 0.057492100000 0.059542200000 
0.037857100000 0.464832000000 0.435068000000 0.449143000000 
0.113390000000 0.252795000000 0.211401000000 0.227332000000 
0.425022000000 0.042284700000 0.028545600000 0.030664600000 
0.207214000000 0.163370000000 0.127506000000 0.130302000000 
0.335670000000 0.084143400000 0.060531600000 0.063867300000 
0.155658000000 0.216870000000 0.172203000000 0.174821000000 
0.457389000000 0.028180000000 0.018593200000 0.020782700000 
0.494200000000 0.019743200000 0.012825600000 0.014784000000 
0.423218000000 0.043552800000 0.029681800000 0.032626700000 
0.146087000000 0.236757000000 0.190445000000 0.192607000000 
0.147779000000 0.233936000000 0.187560000000 0.189932000000 
0.364384000000 0.071149300000 0.049052100000 0.050290000000 
0.026114500000 0.500748000000 0.474738000000 0.486800000000 
0.237477000000 0.140310000000 0.108133000000 0.112833000000 
0.362218000000 0.076173400000 0.053976500000 0.057342900000 
