8.268729859074657 2.5840358738525797 247.99932645997632 
11.301800202010075 2.7258984130989967 243.70499285452038 
9.704344950751754 2.881324143253558 254.93165419266847 
12.05605445555391 3.2866268974034902 256.0 
95.25400583998017 2.1320258689954943 2.1327124672936595 
162.57297552653225 2.003230655526629 2.7001723291934687 
180.91345790155341 3.6779829727772806 14.232859384877216 
67.73420130306195 2.0 4.993004961481912 
113.95067569776754 2.180842517887457 3.1096431982429813 
185.3910879822033 2.092665933079064 3.2838775888830076 
54.74148582744374 2.1482475587215295 5.706442123605285 
159.70321213097378 3.776468827158708 13.295559093864785 
14.327889380422818 2.0 1.3471866731616713 
106.55168293279861 2.2720543097786385 3.4265901347114536 
88.95206503643078 2.1762735826238333 4.277632792449128 
66.30452862759766 2.0774796408383844 6.678812991543963 
13.778233841610813 2.0 3.7181706706214186 
41.8254802913037 2.1719340241030327 0.6442585133785795 
125.57351022782642 2.0240646878472246 3.519518314716997 
66.98603074720276 2.1644311681828072 5.361350830842583 
15.007349229687705 2.0 0.8003105155393574 
67.33730169493856 2.180874285001088 5.897485913926841 
16.90115956262489 2.2308448788467783 2.2227472535894797 
2.0 2.0 1.5115092016538056 
22.325046113464964 2.0706288661602845 5.025485053988647 
4.268134412216295 2.253737148884822 1.5923064104949738 
12.483558189873701 2.243346737932739 1.5855607494344326 
57.72621285569608 2.0279220284343262 4.310488141081964 
2.0 2.229626074309509 0.8932180402793838 
67.69246956272353 2.7356754482315058 0.5077027190911537 
8.823767584149124 2.880472734806283 1.9955716624780737 
59.187372382122014 2.037501975699982 4.518005660697661 
5.216344692293298 2.278787379467087 1.81619803856352 
2.0 2.0 1.2869799490504352 
37.67274053784313 2.14440472729324 0.06599338108184538 
7.94667768406 2.2585113634028566 4.58976534913649 
12.699273140510732 2.1812719130086866 2.2852883064583827 
41.60456353879201 2.1895520775318884 3.6013917795559895 
7.628090152540672 2.3033397486650133 2.0487012941244704 
13.261016127780273 2.073318892647644 0.8356556451464333 
14.419016048441193 2.0213038279929005 2.5742158943841575 
32.55790828208896 2.0 4.3985181821473205 
62.0343957051753 2.043495041097568 6.1289247606847574 
76.97117461488213 2.1599790989968435 0.4934066697740099 
9.151582832894263 2.0635697721625688 1.391970840621284 
26.078831263706892 2.0 4.801305771960619 
9.092192038079018 2.0849543855923813 2.385598783041733 
2.0 2.1828756959214326 2.196446108417863 
4.46925190769666 3.295171039000804 3.196280290562127 
21.50039208047584 2.0 0.36954767229845764 
21.93947023244872 2.009896725304377 0.992134464070499 
2.0 2.135515909200718 1.8137605316329366 
2.0 2.1999412240764054 2.2761775321315643 
2.0 4.209544977184744 2.591659309628952 
25.335862925919635 2.1654323428991806 3.4122319238762007 
16.78262190377714 2.1341921684630454 3.40973848738953 
2.0 3.7366777747998534 1.539915908854912 
9.525594485685705 3.1806231480332325 2.411072683038695 
65.46722396858989 2.0042918649511607 4.021864933887681 
8.940409488962416 2.07800431249856 3.73668707193627 
3.660423429377369 2.2265626855473375 1.1234134923008388 
22.49223767564803 2.1876120337561797 3.1021545703007267 
75.70753434502026 3.591266536460699 10.403283340719101 
15.79361279399412 2.003764954562993 1.0547634318322365 
2.0 2.055000747111054 2.348837287920472 
107.70301283822775 2.0 3.7789240817136216 
130.23600649591899 3.842149730552117 1.7283143469198805 
13.657549550682605 2.0 4.0269708495197625 
2.0 2.1039353299125496 0.3290730401000257 
43.28660576753734 2.2738041366599107 0.2174015422366704 
27.3390189568506 2.04909403350326 0.8330384392086612 
69.52237998347117 2.0 6.827792699073162 
11.077104297870234 2.1631840927946624 0.28018243970733214 
25.855456516453582 2.3047468985366653 0.526736678739741 
2.0 2.0 0.7117274102897011 
56.50331373770187 2.1615464848527113 5.230908313058458 
2.0 2.2969950710629803 0.4309659946996123 
63.26460724769608 2.061328423334854 5.367960558838495 
9.545024205962552 2.138874929295508 0.41989391793935693 
6.7738770948523195 2.286170006384391 1.2567356313012803 
2.0 2.399462429158944 1.678224689599137 
65.425653296076 2.0497238884624966 5.493083796517452 
21.026686552105144 2.0 0.4673868676396617 
6.496932168461525 2.3848127964005186 2.8936306743369395 
17.8323259588785 2.239063472929263 0.9905622004065269 
88.7534987422454 4.479007608801379 8.39970176201929 
3.2510226190488685 3.1743676015108706 3.077117657650269 
52.683702826989474 2.299577823416409 0.57703908509687 
8.060121898658668 3.3797539003414614 1.769700934534282 
2.0 2.2404605699283326 1.2333473064988585 
17.2467882081293 2.258500758123917 2.3035724255398864 
11.116188640545685 2.0 0.4611583208346477 
6.994552166513641 2.0551756781777835 0.3828276966835727 
6.886025962350075 2.206520091618242 0.6806310021245702 
25.72693397960836 2.075651062767373 2.46756220652662 
21.606111990035306 2.1195482483744637 2.459784193748013 
2.0 2.853877300888745 1.0208504845556041 
105.59273134406557 4.127422827098992 13.42717668485194 
2.0 2.1732789369429 1.862893753879292 
4.274961139019645 2.3562821825593074 1.0319600217953984 
