0.016738900000 0.546025000000 0.531937000000 0.535751000000 
0.017010700000 0.529363000000 0.513862000000 0.523297000000 
0.630690000000 0.097550300000 0.069827100000 0.082085300000 
0.564443000000 0.124623000000 0.093898600000 0.108871000000 
0.354960000000 0.227522000000 0.192399000000 0.211554000000 
0.875009000000 0.013635300000 0.007942580000 0.011226400000 
0.736099000000 0.049413300000 0.034977800000 0.041626600000 
0.574110000000 0.121286000000 0.090685900000 0.104965000000 
0.886444000000 0.006824060000 0.004251560000 0.005951680000 
0.049913400000 0.480528000000 0.458362000000 0.472411000000 
0.336459000000 0.239477000000 0.204288000000 0.223640000000 
0.709822000000 0.063812500000 0.042827100000 0.051994200000 
0.288524000000 0.272769000000 0.238169000000 0.257301000000 
0.059861700000 0.463671000000 0.440279000000 0.455337000000 
0.727063000000 0.059483200000 0.039344600000 0.048057300000 
0.512416000000 0.145307000000 0.112432000000 0.128241000000 
0.243867000000 0.301169000000 0.267523000000 0.286627000000 
0.489891000000 0.155797000000 0.122222000000 0.138651000000 
0.330877000000 0.246064000000 0.210995000000 0.229841000000 
0.658762000000 0.083739200000 0.059138600000 0.070314500000 
0.784353000000 0.032060000000 0.021723000000 0.026689500000 
0.228016000000 0.311559000000 0.278319000000 0.297393000000 
0.556595000000 0.129447000000 0.098154300000 0.113060000000 
0.037010700000 0.495436000000 0.475110000000 0.488006000000 
0.162449000000 0.361765000000 0.330194000000 0.349171000000 
0.236097000000 0.306316000000 0.272836000000 0.291949000000 
0.533741000000 0.137964000000 0.105782000000 0.121195000000 
0.125162000000 0.398845000000 0.369887000000 0.387618000000 
0.252375000000 0.294947000000 0.261043000000 0.280184000000 
0.757146000000 0.051637800000 0.033241100000 0.041264400000 
0.390687000000 0.206941000000 0.172107000000 0.190738000000 
0.153512000000 0.371427000000 0.340380000000 0.359238000000 
0.211458000000 0.323254000000 0.290492000000 0.309496000000 
0.277053000000 0.277967000000 0.243046000000 0.263016000000 
0.481534000000 0.160689000000 0.126765000000 0.143508000000 
0.915564000000 0.002683530000 0.001822820000 0.002801590000 
0.311854000000 0.256875000000 0.221775000000 0.241433000000 
0.604204000000 0.106425000000 0.078536200000 0.091663200000 
0.032712900000 0.501253000000 0.481897000000 0.494372000000 
0.857730000000 0.015753500000 0.010131400000 0.013484600000 
0.024762600000 0.513754000000 0.495837000000 0.507101000000 
0.057642500000 0.470808000000 0.447875000000 0.462247000000 
0.101995000000 0.421305000000 0.394262000000 0.411190000000 
0.776241000000 0.044848700000 0.028100500000 0.035128800000 
0.471103000000 0.164316000000 0.130250000000 0.147186000000 
0.841297000000 0.018961700000 0.012237900000 0.015901000000 
0.270207000000 0.283093000000 0.248231000000 0.268201000000 
0.193875000000 0.335197000000 0.302987000000 0.321817000000 
0.577433000000 0.115011000000 0.086064900000 0.099850800000 
0.323332000000 0.250822000000 0.216195000000 0.235053000000 
0.131444000000 0.389443000000 0.359570000000 0.378038000000 
0.180289000000 0.350698000000 0.318964000000 0.337662000000 
0.130716000000 0.395635000000 0.365843000000 0.384892000000 
0.203360000000 0.330159000000 0.297709000000 0.316637000000 
0.022542500000 0.519270000000 0.501924000000 0.512523000000 
0.112505000000 0.409535000000 0.381500000000 0.399156000000 
0.446385000000 0.174437000000 0.140765000000 0.158052000000 
0.115621000000 0.403294000000 0.375061000000 0.392413000000 
0.074136300000 0.449452000000 0.424499000000 0.440373000000 
0.147533000000 0.375717000000 0.345691000000 0.363844000000 
0.362896000000 0.223121000000 0.188057000000 0.207099000000 
0.028371300000 0.507786000000 0.489412000000 0.501229000000 
0.703749000000 0.065854000000 0.044424300000 0.053792300000 
0.678574000000 0.077240500000 0.053663200000 0.064247300000 
0.222887000000 0.318953000000 0.285333000000 0.305382000000 
0.042259700000 0.490234000000 0.468684000000 0.482227000000 
0.043487100000 0.484731000000 0.463019000000 0.477240000000 
0.103534000000 0.415312000000 0.387852000000 0.404835000000 
0.377956000000 0.219332000000 0.183398000000 0.202497000000 
0.420679000000 0.189402000000 0.155127000000 0.173066000000 
0.597550000000 0.113369000000 0.083550400000 0.097227600000 
0.439527000000 0.180561000000 0.146642000000 0.164246000000 
0.171949000000 0.358289000000 0.326561000000 0.345523000000 
0.053915000000 0.475005000000 0.452151000000 0.466797000000 
0.695719000000 0.071996800000 0.049472400000 0.059489300000 
0.819789000000 0.024054000000 0.015787700000 0.020021700000 
0.080210200000 0.441362000000 0.415599000000 0.432342000000 
0.408942000000 0.194161000000 0.159724000000 0.177822000000 
0.463957000000 0.169556000000 0.136089000000 0.153236000000 
0.143113000000 0.382225000000 0.351643000000 0.370985000000 
0.400630000000 0.201254000000 0.166567000000 0.184947000000 
0.425933000000 0.184268000000 0.150150000000 0.167900000000 
0.502867000000 0.151499000000 0.118222000000 0.134467000000 
0.064577600000 0.456069000000 0.431904000000 0.447349000000 
0.019487400000 0.523246000000 0.506622000000 0.516833000000 
0.544739000000 0.133918000000 0.102007000000 0.117231000000 
0.642751000000 0.088530500000 0.063191600000 0.074783800000 
0.263558000000 0.289049000000 0.255268000000 0.274462000000 
0.187397000000 0.341971000000 0.309337000000 0.329216000000 
0.390315000000 0.211886000000 0.176788000000 0.194998000000 
0.160548000000 0.365817000000 0.335400000000 0.353628000000 
0.619543000000 0.102048000000 0.073747800000 0.086389000000 
0.091479300000 0.428196000000 0.401367000000 0.418481000000 
0.348970000000 0.233982000000 0.198463000000 0.217856000000 
0.523900000000 0.141870000000 0.109364000000 0.124945000000 
0.813914000000 0.036491100000 0.021450000000 0.027429400000 
0.306440000000 0.259675000000 0.224669000000 0.243989000000 
0.305460000000 0.266023000000 0.231654000000 0.250473000000 
0.084271900000 0.435761000000 0.409520000000 0.426414000000 
0.294361000000 0.267704000000 0.232516000000 0.252437000000 
