94.77354445293129 2.0 129.55183656890912 
2.0 22.53415284823343 0.0 
2.0 2.0 1.0869415323406666 
2.7358685628473918 2.391708975775896 1.2513707642926482 
2.0 2.6227260429602657 2.095304601232429 
32.493030082212584 2.0 0.17920333060656657 
2.0058315229091295 148.57592644735365 0.2811571059672691 
2.0 2.0 1.251158815367761 
2.0721036956020953 26.93698163062382 0.10571547374291063 
2.0 13.060794177264535 8.471171608882162 
2.0750232087165728 2.7564758037626067 2.2072468245673704 
2.003263839821274 3.120606958017242 0.8641006402539447 
2.0186004190179707 6.019072421142192 2.617981660844614 
2.213783158921247 5.754000678780988 7.236338295038483 
2.003156966288946 3.0334773371851105 0.8325296005773726 
2.0 2.0 1.4239917268565065 
2.318901756711457 6.181288671317674 2.9567463188177343 
2.108250643048318 2.0 1.5047764490915576 
2.0006863848291587 5.918287561920602 2.341783054484849 
2.0107261249598296 2.6542630844537998 1.0072101009722136 
2.605978993196261 64.83531463391941 0.24256901954440568 
2.2730280178527247 5.881381288828808 3.099562381358344 
2.0059171761413537 4.021489619897997 1.3091188590852263 
2.306940222900896 13.401443626241203 10.534251054390959 
2.0 5.072877222436937 3.864765642705252 
2.469162506314151 5.671782278854201 3.0262494311890418 
2.0 2.0 1.3703568120801277 
2.304927373687896 9.753931291767346 4.740011235307513 
2.0 6.390765877321366 2.8790354155772384 
2.250202049174045 2.7174021034270743 0.7649580530218093 
2.2586097527312665 2.719267048070309 1.9150307137519118 
2.3034809650940007 5.159564003043084 4.047455750388221 
2.0382969946905307 5.984628082939457 3.251672321321843 
2.3040465481344703 4.053453925159753 2.6173097891498824 
2.0 2.0 1.5377477669291801 
2.0 2.0 0.036710429792675914 
2.027204537813613 2.594817086917163 2.3707340059721846 
2.0079886521180277 2.767345567091738 1.1687909855049918 
2.167570830930512 12.558109328258885 11.867687393434696 
2.012581054010826 61.396246710727745 0.005664087010729041 
2.0 21.2641918057789 15.442144549889836 
2.0070755761013706 16.9225860451738 7.7798859879414035 
2.0 5.7583149471956565 5.278306110418553 
2.321989441976129 3.340630363502639 0.7109807130221342 
2.0 2.0 1.5651740480176217 
2.012335032391463 65.02097645760236 0.04049830079718142 
2.1336814375574225 4.42683825730016 2.6803274086210633 
2.0394246479335503 6.218972041147393 3.4286104056474356 
2.094733721863726 2.607276412977062 1.2317778334240685 
2.0546646519226557 8.576250103037944 2.4045486834322256 
2.0 5.064517132417236 4.435327394293763 
2.0 7.767323644658438 3.7328912795980047 
2.331324785468716 3.8963493645123597 4.407666452349687 
2.238712610469986 5.636043099196364 3.357407348583539 
2.340191442341493 19.522789231689302 18.165744990090616 
2.0 9.437027750314138 4.999345742687133 
2.0724109650329217 2.8381705950869662 1.6594361099008825 
2.0757124894427497 10.626275451337067 4.880847113839672 
2.1868176186288792 10.853768912328043 6.501323837683682 
2.2613564697674566 6.033559903684862 4.154020363454655 
2.1594602760011763 3.012666111339081 2.06058961034086 
2.245977905515238 13.273482644672445 13.65683768445937 
2.174573004939016 2.706672289421376 0.880478384662907 
2.0423133452769786 2.683749221833091 0.9575528986112349 
2.0317214409461237 4.145857902416432 3.1172403701663147 
2.2851346733847877 12.452984751026733 9.952376796285554 
2.3345716879051595 8.829479800408183 9.253529821742433 
2.0913412026032283 11.309963600343051 5.2258206448298115 
2.0306666196192293 2.473678040616389 2.0067605849899284 
2.0731718589529 2.668987243131377 1.7735256132345358 
2.003018089402578 2.0 1.1929713284941441 
2.0 2.993916512270501 1.7042759553307398 
2.07637321930218 5.220832742716283 3.7964116505821695 
2.1177698066146484 11.104968717675295 8.027895330502881 
2.4628988337352133 2.574656588622464 0.9284552980242512 
2.0 77.86391493054842 0.033976942072349026 
2.207927456996193 8.766113517639793 6.116458537925051 
2.2202491689599944 2.7812106360269517 1.818553179956143 
2.070053989024176 2.9338961245811124 1.621462209603082 
2.1060232882769085 4.111607681344514 4.122183141320092 
2.1364975451369714 3.409251986855696 1.8749038260992812 
2.0193069027704706 2.7844726170457044 1.7347829451654881 
2.1920452953176035 2.0 1.4705657892724986 
2.0 6.087454645477084 6.746777548960064 
2.3899302506500626 22.809373951337513 20.74904233240754 
2.0 2.0 1.337334382902105 
2.048211246113963 2.8873578695000357 1.0398337374716782 
2.0 9.471165593054558 2.8282901343224722 
2.364262781742981 4.1465295486007125 3.4406016673116406 
2.056233013798384 5.675790782260984 2.00361857395913 
2.0858233709175495 10.93377925733553 4.064655597150699 
2.0 2.0 1.116055448981931 
2.2022819413349044 8.588141505228526 5.596429775253782 
2.2588096057526243 4.306550127626247 2.159321444004977 
2.4345227964638037 2.0 1.4016279039462907 
2.424414533691184 2.0 0.6388037119832439 
2.2198220131075126 5.1002869653641945 2.449352796655759 
2.076292749856021 8.475574177908456 2.569164930569517 
2.3965394827372926 8.762090352598786 5.870478716813461 
2.138943441671671 3.622157096326568 2.5014176748029833 
