2.0 8.962661572866793 103.81632225527564 
2.0 17.096445398526985 130.68206242452743 
2.459297156804914 6.8745292565281995 3.12394694529601 
3.2870201212702983 2.0 2.2474192588055804 
2.0 2.0 1.1363137883731007 
2.888615121869522 2.0063856015997206 2.482151909951413 
4.486252805761419 2.272992875202757 1.9951857209902986 
2.475264505926217 2.0009384496614855 1.1055796607144859 
2.0 2.0 1.069714530352952 
5.314691128832635 2.105181864353017 3.0589795851835997 
2.011895388886224 2.7030588734441636 0.9408195372415804 
2.0 2.4644941387640835 1.3950852739863522 
11.489296446493084 2.0337446024378574 0.583492108781438 
2.0 2.0 0.7920905463363338 
7.66558881812853 2.3011226853090117 0.5531323791352172 
3.2000077610105775 2.0584565116433 1.2201148059642895 
2.0 2.0 0.8394444517062456 
2.0 2.9560133911410738 1.2495320686755695 
2.0 2.0 0.6889113942491387 
2.3297645441895183 2.0316527475519357 0.8632191091874535 
2.0 2.0 1.27500601261245 
26.174950509252703 2.0 0.2849280629515591 
2.145295434984355 2.30802038186678 1.6994297260374807 
2.0 2.0 1.121323255939712 
2.0 2.017386620346381 1.4066533954378797 
2.0 2.0 1.0513963291294122 
5.220989888454376 2.080800453942656 2.8760962407006136 
2.4432141312984865 2.9460011751875133 1.6855681805601899 
2.0 2.52087879162851 1.0255362754360133 
2.0 2.0 0.9933888510607664 
2.0 3.5677551150579325 2.876029140931677 
2.0 2.0 0.8868832791484247 
2.0219060218842 2.0 1.0874044060828614 
3.3116448856306646 2.0287728675434726 2.131261709871836 
2.0 2.0 1.3569997573108807 
2.1363530215332722 2.6661095709268117 1.6615732771683283 
2.0 2.0 0.970309879379073 
2.0 2.0 1.3419576737361751 
2.0 2.0 1.4643885335693088 
2.0 2.0 1.9239514027807827 
2.0042374715807205 3.0500887061645106 1.1495702734393478 
2.01142063680871 2.0280139620424125 0.8131777384807783 
2.1492787780959555 2.118891598495983 1.5003925264466824 
2.4565644937841564 2.17751578422356 0.7209154866321033 
2.0 2.0 1.5402061696883111 
2.0 2.07280209444753 0.7378580672600963 
2.0 6.899859454931445 15.056563127310673 
2.0 2.0 1.2944202952928867 
2.0 2.0 1.5593718970924249 
2.0 13.978722356441924 0.4474673995836369 
3.27357729486787 2.0 2.1046997555545675 
2.0697126931605583 2.0 1.3774459219403443 
2.0 3.204138466019569 0.9081561490771028 
2.1326320196604795 3.6074907807479697 2.604312181341799 
2.0 2.0 0.171948208906912 
2.0577482428587293 2.0 1.8053733601794004 
2.085857126331305 2.0 1.3052602996964269 
2.0019709157036076 2.421996807217874 0.7570242168303548 
2.0 2.0 0.9333591620289416 
3.0337435529679233 2.0 2.0336379691115676 
3.9981609474629245 2.0086940473948967 1.925846059218042 
2.0807336948680035 3.611245955364188 2.6766307911424416 
2.0501965170903316 2.7868113993530765 1.1651278510663112 
2.0166963493334915 3.3618756556932805 0.6660657948651616 
2.9624826391645884 2.040462932579168 0.5273030703896391 
2.0947640774620395 3.8278325427806523 2.7911647382937406 
2.282808284580742 2.4384864985194397 1.9498475286864 
2.856522531063792 2.209437009777483 2.0607440179437613 
2.2696225277683144 3.3055799243286854 2.390517237173571 
2.0784824637307686 3.3171647738949708 1.7034825129481153 
5.764686319590652 2.0 3.893644067592009 
2.1906939263037035 3.342462298499205 1.4618569928199785 
2.2718419358344364 2.1066456645229734 1.2281978050184659 
2.9445143951744117 2.0 2.6093542324777537 
2.248777538278064 4.417623982951386 2.742250929017202 
2.0 2.383834145843336 1.855718355419549 
2.0 2.0 0.09046181357525018 
2.0 2.0 0.5247379098639219 
2.0394829742693705 2.85915663014487 0.5673594174115892 
2.6572213689974347 2.0 2.214456671015389 
2.0 2.0 2.009801718184507 
2.0 2.0 1.7901284599632734 
7.263381937895264 2.232836986105506 3.5402532185815243 
2.7011319598896395 2.0 2.3316189353080907 
2.0 2.0 1.524889399459837 
2.1354471824523915 2.684908615410211 1.4962378827452008 
2.017596187961804 3.5681091540875154 1.772116817495477 
2.0 2.0 1.1899101025912675 
2.103986561027562 3.18607390541788 1.3234288298711037 
12.334565412910903 2.0 0.22035317681903788 
2.0 2.2836960922394725 1.0126329482242622 
5.247812531602686 2.086279049334977 2.8415003380180313 
2.0 9.134238051005484 3.3737589895703906 
3.1700353622554864 2.1160870792936417 2.1741640028165534 
6.027881873190683 2.1154897670985706 3.344624641359819 
2.0138710968918656 2.4312075071924397 1.2592338872601456 
2.0446852014385 2.425199690202803 1.4278053122198695 
2.0733868653526635 2.0016713066086824 1.5818542399675664 
2.1808286491925015 16.840019635525763 0.3464670004085644 
2.090174763392763 2.3935160313778012 1.2853202813655054 
