0.040573100000 0.315792000000 0.262292000000 0.249850000000 
0.013936500000 0.446118000000 0.395299000000 0.382450000000 
0.012289500000 0.478476000000 0.430222000000 0.417810000000 
0.032998600000 0.338325000000 0.284489000000 0.271623000000 
0.011155600000 0.488588000000 0.441086000000 0.428741000000 
0.030129000000 0.349956000000 0.295981000000 0.282783000000 
0.011660100000 0.485208000000 0.436858000000 0.424425000000 
0.367139000000 0.025687100000 0.015343100000 0.014558800000 
0.173199000000 0.118142000000 0.086214000000 0.079951400000 
0.150343000000 0.137238000000 0.101781000000 0.094327100000 
0.312873000000 0.042896000000 0.028173900000 0.026704100000 
0.439264000000 0.005088440000 0.002458890000 0.002481470000 
0.248823000000 0.074149400000 0.048288700000 0.046110400000 
0.178998000000 0.117498000000 0.084846500000 0.079385600000 
0.031803600000 0.344091000000 0.290368000000 0.277231000000 
0.053130600000 0.268146000000 0.216342000000 0.205329000000 
0.281095000000 0.055064100000 0.034232900000 0.032897700000 
0.019728200000 0.385239000000 0.331156000000 0.317167000000 
0.382743000000 0.019821600000 0.010719300000 0.010644900000 
0.043535200000 0.297392000000 0.244325000000 0.232430000000 
0.016805600000 0.439010000000 0.386788000000 0.372825000000 
0.016844300000 0.432941000000 0.381369000000 0.366791000000 
0.104237000000 0.192932000000 0.146659000000 0.138542000000 
0.478470000000 0.000321638000 0.000192222000 0.000185043000 
0.046857800000 0.278629000000 0.226452000000 0.215307000000 
0.325170000000 0.037290200000 0.024217100000 0.023026900000 
0.275162000000 0.060866700000 0.039942400000 0.037974200000 
0.276072000000 0.058544400000 0.036754900000 0.035303900000 
0.374382000000 0.022350800000 0.012229900000 0.012105500000 
0.057929500000 0.253632000000 0.202988000000 0.192299000000 
0.086860700000 0.216782000000 0.168832000000 0.159696000000 
0.087317900000 0.208175000000 0.162634000000 0.151353000000 
0.020389600000 0.375322000000 0.321357000000 0.307543000000 
0.116327000000 0.180929000000 0.136137000000 0.128377000000 
0.201427000000 0.101492000000 0.072909900000 0.067753000000 
0.064447900000 0.246534000000 0.195984000000 0.185825000000 
0.427208000000 0.007014990000 0.003477670000 0.003481570000 
0.207176000000 0.101198000000 0.069170100000 0.065676600000 
0.050990100000 0.274246000000 0.222089000000 0.210924000000 
0.338773000000 0.033952400000 0.021817600000 0.020798700000 
0.417438000000 0.010023100000 0.005066480000 0.005086300000 
0.057312000000 0.260682000000 0.209329000000 0.198553000000 
0.022351700000 0.371014000000 0.316898000000 0.303198000000 
0.299025000000 0.048714100000 0.032491700000 0.030704400000 
0.023285900000 0.366420000000 0.312370000000 0.298785000000 
0.184680000000 0.113746000000 0.079219300000 0.075070100000 
0.187328000000 0.111214000000 0.080566600000 0.074790300000 
0.132872000000 0.158823000000 0.119713000000 0.111699000000 
0.320459000000 0.039418300000 0.025702600000 0.024432300000 
0.092479200000 0.206614000000 0.159220000000 0.150675000000 
0.040703300000 0.311504000000 0.258112000000 0.245783000000 
0.194808000000 0.106518000000 0.075837700000 0.071074500000 
0.017960100000 0.425168000000 0.373504000000 0.358650000000 
0.252402000000 0.071421700000 0.046229300000 0.044183800000 
0.171212000000 0.132723000000 0.095410800000 0.090085200000 
0.358134000000 0.028502900000 0.017028300000 0.016132900000 
0.463883000000 0.001517000000 0.000733199000 0.000728810000 
0.261290000000 0.066091300000 0.045464700000 0.042615400000 
0.033805400000 0.318905000000 0.266560000000 0.253634000000 
0.451252000000 0.002946080000 0.001423130000 0.001433590000 
0.402470000000 0.014871100000 0.008274950000 0.007915410000 
0.011728800000 0.479364000000 0.431184000000 0.418749000000 
0.127663000000 0.163874000000 0.124038000000 0.115026000000 
0.079377700000 0.227919000000 0.178871000000 0.169533000000 
0.045898400000 0.289705000000 0.236878000000 0.225223000000 
0.137915000000 0.154132000000 0.115650000000 0.107949000000 
0.172497000000 0.126418000000 0.089497000000 0.084714900000 
0.109974000000 0.181782000000 0.139373000000 0.129382000000 
0.268325000000 0.067190800000 0.043576600000 0.041336000000 
0.392151000000 0.017633500000 0.010020800000 0.009562330000 
0.238555000000 0.078379600000 0.051489500000 0.049117800000 
0.049623500000 0.278697000000 0.226436000000 0.215067000000 
0.020248400000 0.380768000000 0.326689000000 0.312788000000 
0.410226000000 0.012290000000 0.006796870000 0.006492030000 
0.067574000000 0.237152000000 0.187123000000 0.177093000000 
0.218262000000 0.091462200000 0.061538000000 0.058525400000 
0.308297000000 0.049836000000 0.031293600000 0.029699500000 
0.106908000000 0.190577000000 0.147364000000 0.137537000000 
0.098113100000 0.200518000000 0.156262000000 0.145891000000 
0.012502200000 0.452105000000 0.401624000000 0.389073000000 
0.016059900000 0.443414000000 0.392225000000 0.378484000000 
0.094382800000 0.201632000000 0.156785000000 0.145817000000 
0.058254200000 0.250777000000 0.200334000000 0.189748000000 
0.041738500000 0.298651000000 0.246289000000 0.234096000000 
0.045925600000 0.289072000000 0.236294000000 0.224796000000 
0.056165200000 0.264232000000 0.212661000000 0.201852000000 
0.349294000000 0.032859800000 0.019727400000 0.018749700000 
0.141595000000 0.150492000000 0.112562000000 0.105112000000 
0.161017000000 0.131790000000 0.096686600000 0.090346500000 
0.018117400000 0.421389000000 0.369622000000 0.354605000000 
0.025149300000 0.357298000000 0.303604000000 0.290173000000 
0.041126700000 0.305544000000 0.253072000000 0.240678000000 
0.120609000000 0.169565000000 0.128874000000 0.119549000000 
0.029481900000 0.352614000000 0.298622000000 0.285336000000 
0.219172000000 0.089087400000 0.059689900000 0.056784500000 
0.073922200000 0.237435000000 0.188996000000 0.176566000000 
0.077334400000 0.231436000000 0.182091000000 0.172483000000 
0.228000000000 0.082780600000 0.056812300000 0.053528400000 
0.081117200000 0.222191000000 0.173211000000 0.163832000000 
0.335268000000 0.035791500000 0.023088000000 0.022002700000 
