27.3539463410105 2.0 3.214295328188652 
18.28858061436697 3.2781819715180744 53.01741889974234 
2.4660739086144297 17.533334098437372 82.44062609958597 
25.74205607184865 2.0588197786680027 3.8261404064298974 
2.108489936387823 22.777199471879772 129.7605426064536 
27.75140378733237 2.033391311144223 4.200149097367463 
2.01271076381446 19.514774436273807 106.92181715697106 
25.020278541802195 2.0 0.5482083158720457 
2.0 3.77790999602956 1.311247358517338 
2.0 3.9057147282571316 1.4462561604045459 
2.0 3.52064000563588 0.7059852231117638 
2.0 2.0 0.2675186562335048 
2.0 2.0112676040690496 1.0460832329326757 
2.0 2.74490659860617 1.34171446994074 
19.86312231521154 2.0 4.073359050792182 
28.527663260687554 2.0728488441568746 2.5134765863155746 
2.0 2.0 0.8996703437278102 
27.639990513282186 2.0 7.956025990606596 
2.0 2.4804610625019405 0.5496939453731627 
25.81971040083451 2.0 2.9206313694502377 
7.172424255386221 4.489337490191652 0.0 
26.349482146356657 2.7970517411971665 16.65113714304675 
5.200713096299679 2.0 1.8845761492828856 
2.0 2.0 0.013369216088252867 
24.928233689651083 2.1858990446248194 2.6811721359012743 
2.0 4.076908585117797 0.6544480246000385 
2.0 3.2769817139716846 0.8623976795729829 
2.0 2.03706643348256 0.9221548276072777 
2.0 2.0 0.5783025051920908 
3.7673935416417432 2.0 2.604502316782246 
29.776993572514982 2.1832041465505747 2.017037320621736 
2.0 3.9205281137868466 2.044815163483247 
17.460927075773107 2.164912212241712 6.802755223362839 
2.0 2.0 1.8793056717858034 
2.0 4.496727515856658 1.1863335919335662 
16.931923696704594 2.042846619054278 2.3217643751773744 
2.0 2.0 0.3149387800247023 
2.0 2.0 1.2421502923460253 
28.378342706474122 2.2543930218271644 2.6140817471907916 
2.0 4.039555841526819 0.6244901180715994 
2.0476623976868846 2.0007683893080466 0.38460677627401535 
29.688178076180186 2.1530372687272785 2.4327436887472746 
29.461656647892294 2.1873410301484477 5.729862530324061 
2.0 3.7576861066750604 0.758470659963562 
27.410588273386168 2.365193329716562 5.343811149166978 
2.0 2.353625055523396 1.335566229675766 
2.0 4.13175515309513 1.2517006049659902 
2.0 3.3087413643464325 1.688204782542223 
2.0 3.5555066507693707 0.6678458076057254 
4.160035376799695 2.0226253221465362 2.057129591688886 
27.152000880042593 2.2365839036241604 3.195296856262824 
2.0 3.123573421179508 1.2436200525912482 
25.274047751196473 2.583443302282899 12.797193548960548 
2.0 2.4924277201077394 1.0257428177474104 
6.898467241978549 2.089953727923767 1.3953345399603068 
19.077616037801715 2.2161541771212883 0.5760727532860965 
3.779272980158 2.0 0.12448560148202983 
2.0 4.217607089944324 0.9001447045760557 
4.111406162427879 2.2924833231646673 3.8555464263666237 
2.0 2.0 0.19540748268375818 
21.40108901129656 2.0 0.4179714854478327 
2.0 17.66629432850685 256.0 
2.0 3.952914177172734 1.6492670836553196 
6.588778855647645 2.1033358028477838 2.2159591358217297 
29.18286961851603 2.3269545207059226 2.859442716307212 
2.0 2.967799770580793 1.6424730344324425 
2.0 2.0 1.4281118605886727 
2.43388555972947 3.5808956517289756 1.7958000926645301 
3.7186142947992753 2.194684884524368 0.9443850090840529 
20.228826354617 2.390485239989078 0.4487214649165071 
2.3697626104456697 2.018434925929768 1.075036751553575 
15.254644143528907 2.305931761148416 2.720728430560968 
26.61050711667121 2.249136986465528 7.042826931202767 
19.369894152524353 2.0064865103671687 0.3784503390321565 
4.754698039244143 2.442704359035832 2.3424548484253354 
2.0 2.0 1.172747358364395 
5.588668301900999 2.0 0.7717480961054657 
2.0 3.462351286051967 1.9887882539052404 
2.0 2.8475286175854775 2.090287298031126 
28.298102837572582 3.1328895478192855 0.0 
28.728255227013626 2.5942327768911047 22.994622470750055 
2.0 4.376836339710838 1.9814851347251299 
4.118036535517256 2.1380798534509213 2.5794942543036874 
4.606942412125187 2.203471604735 3.222569728727696 
25.699570568743717 2.2701508927486747 2.7884103417042656 
23.18147496138222 2.0 2.5218535983969392 
8.99417041074149 2.0286434732868757 0.6217807019065897 
2.0 3.181564799538499 1.612463661319678 
2.1471609905598847 3.465549186956096 1.4590299847577861 
26.72937880698609 2.5057363715011833 11.186950191958625 
12.620942179535177 2.0 5.11460830345052 
4.515205630375816 2.3171153403068394 3.373764653577532 
2.148018625661726 3.5814522875914796 1.6958994742762592 
28.377112114356486 2.4071441321056515 4.386963941791441 
2.0 2.0 1.1533293623875638 
2.0079162589905812 3.7539537396815064 2.385172698821982 
23.28882984845194 2.332241184276487 2.1454169151267592 
2.1288567821953035 3.195638432468169 1.047585901681468 
4.659804007511603 2.016002663633322 2.169184217891596 
2.0 3.5880334088409107 0.6306980022382458 
