0.008581640000 0.387922000000 0.344508000000 0.347266000000 
0.016180000000 0.340679000000 0.294644000000 0.297163000000 
0.015395200000 0.365034000000 0.322068000000 0.325550000000 
0.012801200000 0.365795000000 0.321353000000 0.324989000000 
0.009773730000 0.375747000000 0.331887000000 0.335152000000 
0.010653000000 0.371011000000 0.327037000000 0.329522000000 
0.271012000000 0.050613700000 0.035094300000 0.035839800000 
0.009568210000 0.384090000000 0.341252000000 0.344075000000 
0.008365150000 0.390021000000 0.348171000000 0.350142000000 
0.018600000000 0.339822000000 0.294245000000 0.296054000000 
0.043868100000 0.252227000000 0.207230000000 0.209844000000 
0.035531500000 0.281388000000 0.236043000000 0.238445000000 
0.020345200000 0.326827000000 0.281423000000 0.283181000000 
0.067094300000 0.205344000000 0.161045000000 0.164079000000 
0.294273000000 0.044223500000 0.028487900000 0.030471200000 
0.007833960000 0.393802000000 0.351205000000 0.352868000000 
0.322567000000 0.025544800000 0.015263500000 0.016560500000 
0.305336000000 0.037732400000 0.023377400000 0.024758000000 
0.064394500000 0.223660000000 0.179566000000 0.182270000000 
0.021834900000 0.306088000000 0.260343000000 0.262893000000 
0.062582000000 0.229152000000 0.184870000000 0.187567000000 
0.061974500000 0.231500000000 0.186457000000 0.190192000000 
0.031814100000 0.284194000000 0.238792000000 0.241185000000 
0.363791000000 0.013168900000 0.007873180000 0.008751010000 
0.275551000000 0.044618300000 0.026470100000 0.027704600000 
0.029779400000 0.293844000000 0.248619000000 0.250968000000 
0.255087000000 0.064439400000 0.041835800000 0.043577300000 
0.036099400000 0.274045000000 0.228898000000 0.231455000000 
0.077696800000 0.191027000000 0.148568000000 0.151376000000 
0.261285000000 0.057875400000 0.039532100000 0.041297500000 
0.371058000000 0.009998260000 0.006916440000 0.007158190000 
0.027153000000 0.297232000000 0.251725000000 0.254019000000 
0.019398700000 0.339043000000 0.293202000000 0.294969000000 
0.415875000000 0.000783074000 0.000531210000 0.000600285000 
0.414223000000 0.000896477000 0.000561892000 0.000644772000 
0.019418700000 0.327425000000 0.281651000000 0.284032000000 
0.121165000000 0.142799000000 0.103693000000 0.106633000000 
0.330913000000 0.025025500000 0.014625200000 0.015837500000 
0.029902500000 0.287869000000 0.242355000000 0.244866000000 
0.275126000000 0.044919900000 0.026581200000 0.027843300000 
0.025685800000 0.305354000000 0.260096000000 0.262401000000 
0.378302000000 0.008258370000 0.005201370000 0.005511580000 
0.177683000000 0.096520400000 0.064990600000 0.067282900000 
0.019108300000 0.339814000000 0.294080000000 0.296131000000 
0.036619200000 0.260280000000 0.214494000000 0.217343000000 
0.297523000000 0.039028900000 0.024802600000 0.026027500000 
0.060621300000 0.234636000000 0.189470000000 0.193205000000 
0.158831000000 0.111965000000 0.078139800000 0.080133300000 
0.072877400000 0.198113000000 0.155204000000 0.158019000000 
0.114784000000 0.148607000000 0.108815000000 0.111813000000 
0.348720000000 0.021470100000 0.011656900000 0.012706000000 
0.373257000000 0.010857100000 0.005650840000 0.006157590000 
0.402437000000 0.001715850000 0.001034800000 0.001170170000 
0.307011000000 0.035628500000 0.021994900000 0.023107300000 
0.089832300000 0.180085000000 0.137462000000 0.140869000000 
0.307296000000 0.033901200000 0.020257200000 0.021531500000 
0.161494000000 0.107226000000 0.073743300000 0.076162700000 
0.294718000000 0.043616200000 0.026889500000 0.028561500000 
0.095278700000 0.170169000000 0.128295000000 0.131595000000 
0.085559400000 0.183831000000 0.140945000000 0.144373000000 
0.259039000000 0.057591200000 0.039570400000 0.041190300000 
0.108975000000 0.162866000000 0.122800000000 0.125378000000 
0.226781000000 0.069454800000 0.043909600000 0.045885700000 
0.062962500000 0.228736000000 0.183761000000 0.187497000000 
0.216553000000 0.085674100000 0.057708600000 0.059743700000 
0.138029000000 0.128366000000 0.091282400000 0.093987300000 
0.207937000000 0.086778200000 0.058585000000 0.060492300000 
0.408217000000 0.000935763000 0.000668192000 0.000726419000 
0.046804000000 0.236746000000 0.191497000000 0.194264000000 
0.092513600000 0.174958000000 0.132733000000 0.136071000000 
0.393295000000 0.004574390000 0.002149200000 0.002464140000 
