2.7198829220316982 10.224728068288886 242.30125595795124 
6.483401777626188 2.0 250.29793020314207 
2.0 5.618990743215958 220.75640079563362 
3.2700000000000005 4.7091016792743545 241.44094178038517 
3.028502594190436 6.214890703697641 238.35153256390382 
4.137768743313269 4.9333129672703135 222.63750915565353 
246.45520599551222 2.0 0.7434506189075876 
3.019500847726647 8.178765800146271 247.06788606882884 
3.5079940220926686 8.426185382359131 247.98260790052237 
21.182896820820247 2.3332942135503494 7.134681875049072 
14.555867780248548 2.1017046242042947 2.9195607091038402 
19.12114553683084 2.0209006007972947 3.518108256962401 
17.86152630658564 2.0 5.8904645975208485 
4.352789301641636 2.0664585733538954 2.2697253654011504 
129.0 2.063057947607371 0.6216791473332668 
4.423615053539532 9.704489514682178 256.0 
84.45196136040613 2.001323037768881 0.4264828271211434 
2.0 10.707726423661603 0.6880854220402695 
28.01294954796332 2.082746281604692 2.43028225391554 
5.507204665723918 2.0 4.842827530944526 
27.614649404791443 2.0617611532603446 2.451105540150798 
2.0 2.0 2.710872630742012 
16.611615453861518 2.0 3.6412865297090105 
67.04392127087357 2.0 0.29393558170969847 
7.014133005554737 2.026803970755221 0.812151773916667 
20.78312440512259 2.035212364358476 3.8270528782112865 
67.25484856354284 2.3106117691695536 0.8483403112798182 
14.481026060552665 2.0 3.3863306647026583 
10.097775132431728 2.0805634072172166 2.071353624286454 
129.0 2.016853260701717 0.6729472664322675 
88.32941075626454 2.0 0.13690861506842456 
17.021316785074276 2.1908935371162817 4.0933463383935695 
19.08295885599642 2.1294986961465114 6.854901996350449 
2.0 2.0 0.09374494616098145 
2.0 2.0313412857890776 0.12020460456182513 
11.082656998441776 2.326433136374528 6.093312313273707 
2.1009282428945824 2.085194206008713 1.6245552227325515 
62.30483789920004 2.0 0.5043804413512136 
11.262321849380303 2.0 3.8935492696507668 
6.345381320084173 2.1760550053258347 0.8207816513605133 
14.038931842051227 2.1440302166738423 4.509066132109064 
15.04051377098115 5.611401481137546 0.3061181754444441 
2.0 2.116614418460939 1.23369245132458 
13.976119097630173 2.005984912121591 7.500101413409368 
6.919559136284459 2.0 3.151441556923082 
123.85110209217558 2.014903222607482 0.7568321747613088 
2.0 2.4346403220525024 2.7699981509627802 
6.562298172901367 2.0 1.3427694344494228 
10.08297955054389 2.1338899420290467 2.165083514614826 
2.0 2.0 1.6815772967456972 
9.090640828877556 4.501647634096104 0.5249472576714282 
17.2987750036243 2.0138392731038155 0.41985970506881287 
12.909385608407186 2.0 0.11221099497024056 
63.106826127636445 2.009427231381687 0.7091326432765417 
2.0 2.0 2.025174385379918 
65.7845177807191 2.0 0.578433711777194 
2.0 2.0710833637135155 1.311026595677666 
66.57813195709096 2.000679993468411 0.6658303301468949 
2.337535055441272 2.0 1.9108263505577991 
2.0 2.0 2.0645220899173062 
128.11588039980438 2.0760914561063135 0.688799905461699 
17.298775003624314 2.1043492315566 1.7921306783680797 
2.0 2.0 1.03762271978999 
2.0 2.0879877158963276 2.664822107661888 
33.43827144186135 2.1938063672193158 1.1329453824037201 
2.0 2.0 1.4853875591747256 
20.34360398544272 2.0 1.1634038920735827 
10.877477789107246 2.080553755069627 0.04774193753408795 
6.0351211076084255 2.087968665515277 2.6688547542587004 
2.0 2.0 1.96411813923847 
2.0 2.004817026690229 0.32365077325418135 
