68.23366672988826 2.64124372829645 65.78425440536786 
10.146761369992966 3.2552467648629424 130.15858848711366 
2.5791220899112233 46.01256876994412 248.31937569878102 
20.428387141610933 2.0 186.5884981436666 
2.0 2.023630745032679 1.1017276023559308 
6.773816177936396 2.0 1.494642136939321 
6.580447597874738 2.027693649919461 1.2914358361729066 
7.321331980984407 2.0 1.607635886490763 
2.0 35.76385867030399 140.9654473229606 
10.513780683479316 2.0160263883893106 1.369984821015488 
2.0 2.0298180502987853 0.7784304013069174 
2.0 2.0216779300729613 0.28150676514489703 
6.239866773984637 2.0 0.026114733370127707 
7.657107290423138 2.0511335541657774 1.8640949020679125 
6.67519382118423 2.001403595858075 1.2453235604074795 
7.932076494195762 2.0 6.087269583078303 
5.937646418791543 2.1145425387832537 1.6518254799667091 
2.0 2.006844645669569 0.48688765459433747 
2.0 2.0 0.5407103084186358 
3.9819451651955706 2.0 1.742965946174624 
2.0 2.0103239598526645 0.7268133397583914 
10.336840260779312 2.0745768921940346 1.0409722388016667 
27.398880948487964 2.547147030678923 13.478485923758312 
3.5010902300303 2.0 1.732924880392211 
5.924045013899671 2.146893471361885 2.766883493278389 
7.821915749552436 2.00085031693821 4.769780074092959 
4.029948296204459 2.0090863968424886 2.0497398119011634 
9.51299240192022 2.0013606287130856 6.309469387477966 
2.303787807257248 2.035964246580348 0.39122090269325716 
10.223073698123663 2.201581365992687 4.520237221794228 
2.0 2.0 0.4489401545520124 
8.263570948118545 2.0074637677279132 1.951582641909699 
2.0 2.0 1.0008990121207288 
10.161873063651662 2.1204630391816197 1.7456814112085624 
4.426136219347221 3.288284179664012 105.01999332104387 
9.542111395883722 2.3249191559814086 3.0299718830096607 
2.5050343436768925 2.0 0.6057880812319353 
5.775236553229506 2.0690477132491982 2.1217204985945037 
2.0 2.0 0.8878157892849453 
9.855585381239328 2.3021180181090215 2.940917072401697 
6.374625016131061 2.1935257416809364 1.4596295322824953 
10.311841180926708 2.1365710462526644 3.6331089649153054 
6.289750268307567 2.0629353377304853 2.394533308008723 
9.654062701300397 2.0327351431838143 1.1712045339846984 
2.0 2.0133068868844783 0.8169347001319828 
6.889768599859331 2.0 1.005914811328992 
4.895238674187965 2.2349472957340044 0.5096898186314573 
12.57908649665773 2.0759971203760754 2.0901847914459624 
2.0 2.0 0.9191896052756939 
2.0 2.016763991229796 0.9389579107678739 
10.165451032111319 3.3989411886192586 13.060125699317844 
20.942527056299003 2.78166714527419 16.73015488239374 
2.0 2.0 0.22463518815793293 
2.0 2.0095850966197433 0.685721284557812 
2.512059873949277 43.77022998873929 173.81998717394714 
8.108756344414418 2.0 0.9217702104747004 
2.4399386365542663 35.172829832213395 128.93895791076787 
2.0 2.003907097666774 0.967803352731325 
5.960217815250477 2.019434194443943 2.2229002832432485 
7.360319588733072 2.416933980377991 1.0810649882524148 
9.660397836303169 2.0739408585606003 1.5090086434821348 
7.047250426921455 2.3459668955873387 0.9833444760813997 
7.099026869758195 2.0880515555796895 0.9760539949354778 
10.698590125479827 2.125367430620217 1.8070347445215482 
4.7079669516577916 2.011998258032838 0.8270772514412872 
12.861043303202598 2.0532260709580292 1.6830551085570722 
2.5682007971122944 2.0 0.37332820872750394 
5.586912399159562 2.004350572984945 3.023860181718307 
8.078169490441885 2.033652357920656 1.9114381909182192 
2.8184868424743375 2.0016075210304773 0.6887144944594964 
3.792940114574394 2.002493831324386 1.8010499629284258 
11.65146669664058 3.136132276244056 23.70091522381611 
6.146473006272173 2.0 2.6808634160756286 
7.057186346376974 2.181082199178222 3.489314876148975 
2.0 2.0 0.7426240360598726 
7.892527101320415 2.1528950014215416 2.5203750532546776 
4.58897798541167 2.0 0.7853577221772019 
2.0 2.0 0.5899035068785855 
7.803201107728238 2.0 3.9764034888254365 
6.4956634793450085 2.2011752767051895 2.9490206973725908 
7.833684024078242 2.0021638952414555 5.608477045292125 
7.736620211102461 2.001928423449248 5.949449549342514 
5.773601871766924 2.048259526228344 2.286795834657802 
23.24068669664826 2.8656363902222335 19.14672303498901 
8.171946649326872 2.2741139813739695 3.927940540357405 
19.91522083904943 2.414606286695759 18.866787002604354 
2.0 2.0 0.42826123010128514 
2.0 2.0 0.3557185190792349 
10.219886148868147 2.4185464535228807 1.4059494453762968 
3.7430861761172705 2.0834110582872336 1.1186069572269988 
7.797403177007165 2.0012248450015124 5.431596493995091 
7.828206843028263 2.0143876858768475 4.349819583846527 
9.63420344357022 2.2232300564164102 2.6471824407885474 
8.381498564333981 2.0438918551769594 2.3601959403730395 
8.334719169608015 2.1047120586280834 2.4990845108054036 
3.487064239523513 2.031423949130199 0.5105332020761879 
6.104530687289898 2.323510418934701 1.170040832691401 
10.771017449317261 2.056083899411566 1.3350210436772798 
4.2747694308635715 2.033819816585982 1.4301436079747323 
5.41701714957859 2.000600112064539 0.5524343782519301 
