0.008337500000 0.536079000000 0.491943000000 0.488946000000 
0.009284020000 0.533534000000 0.487154000000 0.484207000000 
0.012155500000 0.485693000000 0.439513000000 0.436075000000 
0.011959600000 0.526633000000 0.477663000000 0.475032000000 
0.013613200000 0.471927000000 0.429208000000 0.425257000000 
0.201260000000 0.143391000000 0.093551400000 0.090875400000 
0.010750300000 0.530362000000 0.482438000000 0.479706000000 
0.173575000000 0.164143000000 0.110096000000 0.107091000000 
0.011885200000 0.524406000000 0.478357000000 0.474861000000 
0.193368000000 0.148825000000 0.098741900000 0.095751400000 
0.078699600000 0.284540000000 0.215938000000 0.212109000000 
0.019042500000 0.439879000000 0.390456000000 0.388090000000 
0.184164000000 0.160546000000 0.102993000000 0.100340000000 
0.344714000000 0.053906900000 0.027899600000 0.026927500000 
0.026919400000 0.414591000000 0.347187000000 0.345542000000 
0.461001000000 0.013980100000 0.006145190000 0.005997080000 
0.056371700000 0.332599000000 0.261466000000 0.258512000000 
0.240047000000 0.119967000000 0.077633200000 0.075217500000 
0.112978000000 0.226099000000 0.162165000000 0.158594000000 
0.279067000000 0.089140900000 0.050692400000 0.048977100000 
0.055831000000 0.349391000000 0.280307000000 0.276701000000 
0.437019000000 0.019893900000 0.008992190000 0.008742040000 
0.016134300000 0.450722000000 0.404096000000 0.401261000000 
0.419435000000 0.025699000000 0.011918500000 0.011569300000 
0.073728600000 0.296502000000 0.225865000000 0.222701000000 
0.013414900000 0.481282000000 0.434535000000 0.431099000000 
0.040728600000 0.388212000000 0.319741000000 0.317197000000 
0.064976700000 0.313672000000 0.243277000000 0.239947000000 
0.163671000000 0.178064000000 0.116889000000 0.114098000000 
0.033892600000 0.400632000000 0.331356000000 0.331305000000 
0.046741500000 0.365565000000 0.295767000000 0.293254000000 
0.502535000000 0.005201700000 0.002580950000 0.002638170000 
0.428114000000 0.022891800000 0.010533200000 0.010212300000 
0.450964000000 0.017495000000 0.009292490000 0.009173970000 
0.064177000000 0.330795000000 0.261630000000 0.258642000000 
0.084096900000 0.274548000000 0.206566000000 0.202710000000 
0.072417300000 0.310173000000 0.242143000000 0.238163000000 
0.097662400000 0.247840000000 0.182653000000 0.178700000000 
0.141904000000 0.204929000000 0.146962000000 0.143192000000 
0.248377000000 0.109477000000 0.064858900000 0.062829000000 
0.181559000000 0.156408000000 0.105198000000 0.102178000000 
0.334586000000 0.063711800000 0.037015200000 0.035776000000 
0.024320100000 0.418302000000 0.348926000000 0.350201000000 
0.128600000000 0.206970000000 0.145708000000 0.142249000000 
0.089974400000 0.268548000000 0.198553000000 0.195145000000 
0.543292000000 0.000606815000 0.000264495000 0.000357562000 
0.119558000000 0.223743000000 0.162715000000 0.158855000000 
0.518353000000 0.002699120000 0.001131560000 0.001167440000 
0.022053700000 0.431881000000 0.364817000000 0.364087000000 
0.192467000000 0.150736000000 0.101390000000 0.098533800000 
0.031296300000 0.403516000000 0.334040000000 0.333921000000 
0.270580000000 0.093221400000 0.053402700000 0.051623000000 
0.119905000000 0.216724000000 0.154119000000 0.150661000000 
0.529172000000 0.001508260000 0.000667692000 0.000717763000 
0.019259000000 0.452628000000 0.386506000000 0.386300000000 
0.138606000000 0.205630000000 0.142721000000 0.138971000000 
0.215129000000 0.130695000000 0.083581400000 0.080905700000 
0.246514000000 0.115780000000 0.070038800000 0.067869300000 
0.021015200000 0.438153000000 0.370987000000 0.370733000000 
0.481569000000 0.010268400000 0.004984210000 0.004891200000 
0.267223000000 0.096539700000 0.059766700000 0.057908000000 
0.382240000000 0.039361200000 0.019342600000 0.018681400000 
0.167337000000 0.168700000000 0.114926000000 0.111521000000 
0.311249000000 0.075362000000 0.045224700000 0.043686300000 
0.020856900000 0.444238000000 0.377252000000 0.377148000000 
0.023961100000 0.430230000000 0.363365000000 0.361802000000 
0.219321000000 0.131145000000 0.082698000000 0.079949200000 
0.202892000000 0.138666000000 0.091162100000 0.088467500000 
0.401081000000 0.032665200000 0.015659400000 0.015145500000 
0.102018000000 0.240705000000 0.176267000000 0.172344000000 
0.169875000000 0.172544000000 0.112456000000 0.109696000000 
0.157010000000 0.184454000000 0.122136000000 0.119340000000 
0.031192300000 0.408830000000 0.341109000000 0.338896000000 
0.035745600000 0.393524000000 0.325175000000 0.322696000000 
0.487795000000 0.007835660000 0.003263860000 0.003223150000 
0.405988000000 0.030192500000 0.014372600000 0.013921900000 
0.224498000000 0.125361000000 0.079659400000 0.077312800000 
0.313986000000 0.070245300000 0.041233300000 0.039905100000 
0.393547000000 0.036805200000 0.018992900000 0.018373000000 
0.289538000000 0.079740100000 0.044379800000 0.042881500000 
0.045919400000 0.368535000000 0.299297000000 0.296168000000 
0.016099000000 0.452963000000 0.407095000000 0.404152000000 
0.364460000000 0.045718000000 0.023040400000 0.022255700000 
0.344158000000 0.056375400000 0.031925000000 0.030832700000 
0.335334000000 0.057898700000 0.030305600000 0.029249700000 
0.043970100000 0.374284000000 0.305141000000 0.302212000000 
0.055236800000 0.353917000000 0.285489000000 0.281876000000 
0.046864000000 0.358665000000 0.287360000000 0.285578000000 
0.041432400000 0.382431000000 0.312855000000 0.310417000000 
0.260696000000 0.100881000000 0.058733800000 0.056794400000 
0.143196000000 0.189239000000 0.131764000000 0.128083000000 
0.355319000000 0.049238100000 0.025091600000 0.024239900000 
0.014940700000 0.467705000000 0.420664000000 0.417073000000 
0.064007300000 0.332290000000 0.264347000000 0.260389000000 
0.094667400000 0.263861000000 0.194246000000 0.190715000000 
0.035677400000 0.398564000000 0.327099000000 0.327308000000 
0.153102000000 0.181132000000 0.125237000000 0.121826000000 
0.231062000000 0.122867000000 0.076554600000 0.073990700000 
0.094991200000 0.252944000000 0.187149000000 0.183207000000 
0.041451500000 0.380446000000 0.311240000000 0.308532000000 
