3.397795724493768 60.04195685779051 183.29502191766073 
2.766280428246503 47.199811513307154 128.0 
2.0 42.52366813210021 206.52753260789535 
2.5631219115585244 31.014140976625846 232.54232740644414 
2.0 56.81376258431778 18.93555821863601 
6.2128849252451275 2.009285657498973 1.1929718333119925 
3.0586783084982545 37.97307084983894 217.26191875540945 
6.373800300331778 2.01021422324887 1.3122690166431918 
2.513074110996246 44.377879455755135 32.459277584847015 
7.803358971381115 2.011122191495951 1.2130396826749672 
6.845971564939617 2.0632515715225135 2.1610546013317737 
2.0 44.96068443184124 8.018435816817952 
2.0 2.2481351806621843 1.3245931851488688 
2.0 2.0 0.694282238409751 
17.821158728205226 2.038448484181432 4.161906830647139 
2.0 2.0343225126187123 0.3664659390971461 
6.901462478248027 2.0 2.639863940036168 
13.38355724027056 2.45459362955308 1.0280480035143293 
5.702240115822454 2.0668141716663535 1.7121840090641882 
2.284222500249904 2.0231077954030416 0.9156654207356318 
17.576193647811888 2.0 2.776635206866098 
2.0 2.0 0.4279953675912659 
2.0 57.097427808075665 9.803486423567955 
2.0 2.0 0.485860463280116 
6.293577203370428 2.004812407483336 2.255030506593801 
2.0 41.50183503648077 28.219016772612143 
15.621006034841345 2.0400767242846745 3.447396705214084 
6.690678480725743 2.0 2.4203930842933556 
2.0 2.0 1.4332412242915014 
9.180568425412797 2.0522791372083673 3.9240799675884355 
14.931068711612264 2.239436126852239 3.001816255609642 
35.511929498989474 2.0 0.060356518785567914 
2.0 2.019344595978407 0.4587214727639286 
80.77906614840383 2.03114095899949 0.28694564813650014 
12.96858387362634 2.157613178820175 2.561350383727674 
8.385806247033846 2.239213548045075 2.0630750723004714 
18.848037323951118 2.4408079349308216 2.354813301156551 
7.212313235626759 2.169895740516652 1.8650831847643445 
18.243463488094616 2.022021280545317 1.5216650032324779 
2.0 2.0 1.029108077112888 
7.018427764294129 2.0 1.2855911300952476 
9.216394417534843 2.1065092539241275 0.6985243347755521 
7.565219267541686 2.084859640237385 5.232302623085134 
6.468743532816957 2.188129073259858 1.5989829584505693 
3.863019160464893 2.0146511896835877 2.038827791464491 
2.0 2.5113504781181772 0.0133340986073609 
11.251292780344196 2.0 1.6818361309115368 
2.0 2.3429810334144183 0.18502730668584544 
17.78179565241726 2.0 4.99018382704825 
11.088089775837098 2.036767121656622 1.2162468223841407 
7.082850641131451 2.0 4.274232353901159 
2.0 2.2085182505038814 0.9337310643316373 
6.093156384244356 2.0 1.65980381089882 
2.0 2.0 0.14098116417726453 
24.45755102306893 2.0109937620393437 7.231286719824896 
3.539724583908173 2.1068024662021063 1.5748006785485664 
5.2571175634310405 2.3614180611028517 1.1150832747206678 
2.6778869589733216 2.046023674875446 1.0495700407251471 
18.788638902027795 2.12485245871011 5.433716257018713 
14.106870971002078 2.012547611370277 0.2816126357691676 
7.249750042945601 2.437724955478738 0.9186862991618965 
2.0 2.053451417699468 0.5985579498760423 
7.804116509736311 2.004133882570509 1.338592270426667 
13.44969497600234 2.0 0.7890538770766209 
17.768265990644224 2.0 6.2283480867985705 
27.42422013591224 2.014996441042764 4.496239500756295 
3.5347311820422056 2.0 1.1332367134457972 
6.957293706292219 2.3348641552412106 1.1754735474829874 
2.0 2.0664225677753127 0.5439816699350924 
7.24352579213196 2.1838238834304415 1.8136147232534265 
2.0 2.0329552056947944 1.400735667652147 
2.0 2.0 1.4744358105855837 
20.575513548778574 2.050363551916767 3.83531939166702 
17.70980970933272 2.4772692096359243 3.4929016101450756 
2.0 2.0 0.2816126357691644 
2.0 2.0267143798430576 0.5217475278026955 
5.985741187487406 2.2661199429760166 1.0808734280732255 
7.366169765948252 2.4855336180160617 0.7581902128716838 
4.462183593295331 2.0 0.5495598197953517 
2.0 2.0 0.8568124419691877 
19.266007997504815 2.495976861591855 3.023556973960742 
2.0 60.78670699609047 10.257868263624989 
2.0 2.0 0.6395176580858698 
7.660577993758988 2.4986588494525312 0.6765347214314231 
2.0 2.0635561866505947 0.7198866587985897 
18.84384381755771 2.396100403330706 3.1086316520001107 
19.594811772526143 2.417468861118921 2.840225531810261 
8.139753111876592 2.0479456955280018 3.0213480834901736 
11.630213397891342 2.091550643492821 3.3467148350485356 
2.0 2.0 0.9842573046932741 
7.684477415013805 2.331478538212644 1.4739003082774276 
2.0 2.0040839878761956 0.6664989757972057 
2.2392753251598627 38.328062475685684 17.008842693305635 
24.74251730224003 2.311561450879111 2.545612195765422 
4.166086571953455 2.081647062130761 1.9984127111816972 
5.655627039256608 2.047413060307211 4.080574731816812 
7.41813787658669 2.493323846058574 1.427781819169237 
4.417149881929127 2.0810531015632847 1.0912469870175903 
6.70480426872586 2.0493348636425566 1.9081751501296165 
19.11912604152385 2.361938538593103 3.222080062787808 
