2.0 32.467790112358315 160.0040467719067 
2.0 34.68299981321388 138.64394792484913 
2.0 32.986658615977575 104.35403418051249 
2.6485219368274358 51.337646363392125 111.61461782319475 
2.0 77.4064860170323 253.0458967631348 
2.0 69.93613829061798 231.7739402676873 
166.23089273539642 2.4784942078298986 0.18198334119982285 
2.961580236854698 36.922160380267066 128.0 
2.0 40.89634277597276 23.8210780167553 
2.0 62.15309733615489 18.286133751557088 
2.0 42.733553979435996 0.0 
2.0 23.057523009378883 21.31808580708666 
2.0 57.00882355328701 98.67934968123197 
2.0 23.158507575206464 25.631805417343543 
14.700000000000001 2.0170395936997054 4.151780097012767 
2.1162105502042308 37.92157510835568 24.54377162065436 
3.263070446007106 48.30564193972697 79.13865528062743 
8.33285710104232 2.1372831869479363 6.06344594037016 
91.55142676185874 2.5288589075085977 1.9825647861322557 
3.3383369987060085 56.285584175921414 70.17214298695951 
2.0 67.34196675330384 21.38246189116266 
3.080181773763659 58.41788736838079 64.47427545994994 
114.1491006301722 2.1650228246634686 0.7315062039204777 
35.16095729376027 2.1426027946195916 1.0346164164656595 
101.9367399180145 2.999329467212113 2.405437195443101 
75.03255951542144 2.0 2.492780589033427 
58.4012982725983 2.218182277674604 2.983090422038073 
2.0 45.76830785281346 89.14658104036876 
25.31190345207596 2.297911825810527 3.215936906425033 
2.0 76.07819678383882 31.22604996981799 
2.9544299973170505 40.82249570720061 129.1300368832049 
2.0 45.68121722470559 25.865011957149584 
29.630213511761095 2.0 8.467972795441149 
6.001794648933833 2.0 0.3182260036268332 
80.23746813785444 2.2510574934574414 1.6129666269848855 
2.0 42.20151138561931 15.479580331237102 
51.3356712257352 2.0042673309397347 2.508388953864776 
2.0 37.06576310186614 31.456706177681433 
60.72109175760623 2.1307671569829125 2.289101191224605 
24.63095000800236 2.299616417128908 0.9452869097412526 
49.12751723710342 2.2038790411020432 0.9446836913069181 
2.0 64.44233390502883 27.3485691084273 
33.71578834948296 2.0060660235697387 2.8881639274986015 
19.15999323532182 2.0 9.117766597505844 
2.5324614237815357 72.80098272737469 115.28616063536975 
68.32003415220967 2.297635358172016 0.5395768695214365 
11.758477275037933 2.3107464090354912 0.9701618015926486 
2.0 29.067769758317695 0.016301877733682524 
2.409241566504388 58.285539039277566 17.579074046653602 
14.905029371774617 2.342501802211644 0.23250371823057991 
13.81225507326418 2.401891067436786 4.3981596633765605 
60.20259522391898 2.3152228542175215 0.5334989465862066 
43.55659010639347 2.0 2.0559701426598256 
9.330177595978435 2.0820054564926918 0.3287880747861215 
87.33993445242194 2.1152330832638793 1.7686173852503473 
34.92957350881494 2.358015376414126 4.298390741767334 
2.0 2.343785796388086 0.09134245287773704 
30.655349158349686 2.0 2.4455060353233296 
21.500025693288144 2.5667704444465906 4.718177628045505 
41.86707526745067 2.2239129041962644 3.990529263401174 
31.726021554254736 2.0 2.413178499610396 
2.0 86.5752328050526 23.497959135344566 
32.5042389210691 2.029921899278432 2.354712201957991 
20.36535988485565 2.6699816022571614 4.976547972824027 
63.7708559804996 2.29581620795844 0.022997096646175663 
20.78726732708432 2.0 8.992896024378911 
47.52899968302794 2.4162486508451035 1.0031641764280372 
13.503675373427818 2.2729722318269854 0.7705733653608662 
66.51669481855119 2.181571670496586 1.171104697427027 
25.111455990509523 2.4381700739457943 5.71420105709231 
74.53054174727501 3.2568333494675885 3.2386953041084103 
11.025092304641511 2.3025610076794396 0.079810617942085 
7.25593648342538 2.0821586250718713 0.3054698892218359 
11.78243824539759 2.450393788624285 3.669256544480862 
46.256159739668185 2.457873515929614 1.103480594070841 
19.4205789594378 2.056903192698385 1.4720815156409501 
2.631081342646298 42.81951575815956 0.0 
2.2504327288254755 38.54175250716616 16.367816202296808 
21.402955794259967 2.175455925586156 1.1408873536311066 
45.6917754629041 2.683347025387575 2.61438219949126 
22.342313795424435 2.023779039229687 1.4317542828104386 
2.0 70.46787860032171 38.324821186610436 
12.78762682629812 2.0 3.8561089090747607 
18.951434016703832 2.008079455014384 1.2946403933741737 
60.70668242992717 2.608636407135816 0.5720055611188648 
132.43042766855098 2.0 1.9499553105768683 
2.0 2.270318088240889 1.4441251244539934 
3.348519161965361 60.94651268756891 22.835479158033053 
36.639026890286985 2.0824207567013433 2.1681672097792712 
28.399292722280588 2.0 1.2426244826960275 
2.0 80.40923721388666 30.253617531589885 
3.355009729603907 78.89761023336482 129.56153888264893 
56.40164561607237 2.0 1.7023774311238096 
107.89412679927636 2.4730592870264836 2.0062917726733183 
56.988176058070465 2.3322657127942046 2.7284848561048993 
5.928448080282995 2.1530245290946044 2.0617033804423306 
81.2396049173351 2.447251336791595 3.217908614379712 
53.8273693700055 2.5675164986083203 0.2496521265280749 
13.955408300315064 2.0696191682964735 9.478960508048806 
50.3941523196074 2.1354455744580023 4.841936008913503 
