0.012155500000 0.485693000000 0.439513000000 0.436075000000 
0.008337500000 0.536079000000 0.491943000000 0.488946000000 
0.011959600000 0.526633000000 0.477663000000 0.475032000000 
0.388447000000 0.036436000000 0.017770400000 0.017167000000 
0.320501000000 0.063798900000 0.033938600000 0.032759500000 
0.035952100000 0.372003000000 0.308758000000 0.307733000000 
0.030212900000 0.392736000000 0.332939000000 0.331978000000 
0.209272000000 0.137747000000 0.085391500000 0.082965700000 
0.013681400000 0.465197000000 0.421785000000 0.418259000000 
0.235737000000 0.116735000000 0.070098100000 0.067924600000 
0.498515000000 0.005785050000 0.002427180000 0.002408940000 
0.282690000000 0.085274100000 0.048111200000 0.046480800000 
0.542639000000 0.000600236000 0.000258876000 0.000352789000 
0.356267000000 0.052974100000 0.029934800000 0.028932800000 
0.308650000000 0.070459000000 0.038185800000 0.036861500000 
0.058298100000 0.332132000000 0.261756000000 0.261182000000 
0.197856000000 0.158047000000 0.099991500000 0.098448900000 
0.253052000000 0.102722000000 0.060075500000 0.058142000000 
0.358764000000 0.046958300000 0.023788100000 0.022974300000 
0.409504000000 0.028275000000 0.013311200000 0.012904400000 
0.104952000000 0.242234000000 0.177382000000 0.173391000000 
0.512839000000 0.003247840000 0.001390180000 0.001405400000 
0.031742100000 0.388167000000 0.327579000000 0.326723000000 
0.246242000000 0.111086000000 0.066046300000 0.063993100000 
0.013540700000 0.472155000000 0.430542000000 0.426642000000 
0.026358100000 0.407315000000 0.350285000000 0.349071000000 
0.012951900000 0.476330000000 0.434802000000 0.430880000000 
0.488977000000 0.007428380000 0.003123930000 0.003073840000 
0.416927000000 0.026176100000 0.013458700000 0.013052100000 
0.011975300000 0.521367000000 0.477799000000 0.473742000000 
0.217279000000 0.132434000000 0.081470600000 0.079113900000 
0.458048000000 0.013643000000 0.005956550000 0.005827940000 
0.428795000000 0.022451000000 0.010290400000 0.009980810000 
0.078348200000 0.284384000000 0.215613000000 0.211855000000 
0.529068000000 0.001897560000 0.000892490000 0.000913511000 
0.017010200000 0.444400000000 0.395598000000 0.393031000000 
0.116677000000 0.226521000000 0.161614000000 0.157984000000 
0.022151000000 0.422993000000 0.369816000000 0.368093000000 
0.068154800000 0.311322000000 0.243277000000 0.242304000000 
0.158418000000 0.176786000000 0.121347000000 0.117864000000 
0.338072000000 0.056668900000 0.029581500000 0.028541200000 
0.127280000000 0.219381000000 0.151112000000 0.149114000000 
0.380714000000 0.038868500000 0.019112600000 0.018465600000 
0.086051900000 0.270002000000 0.202349000000 0.198442000000 
0.369747000000 0.042285800000 0.021018100000 0.020310900000 
0.015882500000 0.453482000000 0.407770000000 0.404791000000 
0.051184700000 0.337772000000 0.269972000000 0.269223000000 
0.164170000000 0.171485000000 0.116089000000 0.112973000000 
0.112987000000 0.236094000000 0.167888000000 0.165016000000 
0.021527800000 0.429697000000 0.377602000000 0.375740000000 
0.281703000000 0.087567800000 0.053312000000 0.051611900000 
0.069826600000 0.299785000000 0.230234000000 0.226777000000 
0.039251800000 0.366979000000 0.301315000000 0.300805000000 
0.542478000000 0.000600147000 0.000258828000 0.000353224000 
0.473048000000 0.010358500000 0.004428970000 0.004337110000 
0.173087000000 0.169889000000 0.110306000000 0.107572000000 
0.089463200000 0.264977000000 0.196571000000 0.193066000000 
0.017961500000 0.439603000000 0.389793000000 0.387460000000 
0.437019000000 0.019893900000 0.008992190000 0.008742040000 
0.227355000000 0.124118000000 0.075321100000 0.073064900000 
0.178562000000 0.164311000000 0.105900000000 0.103240000000 
0.019288500000 0.434414000000 0.383752000000 0.381671000000 
0.060159700000 0.324826000000 0.256168000000 0.255360000000 
0.256737000000 0.100109000000 0.058194100000 0.056269900000 
0.199711000000 0.145000000000 0.090958600000 0.088407800000 
0.016068900000 0.448908000000 0.401576000000 0.398752000000 
0.034841100000 0.376070000000 0.313396000000 0.312319000000 
0.323703000000 0.062620900000 0.033298000000 0.032121500000 
0.186309000000 0.156156000000 0.101937000000 0.098746800000 
0.110693000000 0.244617000000 0.175509000000 0.172693000000 
0.270580000000 0.093221400000 0.053402700000 0.051623000000 
0.096847500000 0.248578000000 0.181866000000 0.178297000000 
0.043384100000 0.354092000000 0.288930000000 0.288008000000 
0.138890000000 0.198058000000 0.133389000000 0.130554000000 
0.027043800000 0.401219000000 0.343000000000 0.341968000000 
0.094991200000 0.252944000000 0.187149000000 0.183207000000 
0.055540600000 0.333602000000 0.265140000000 0.264306000000 
0.289538000000 0.079740100000 0.044379800000 0.042881500000 
0.128600000000 0.206970000000 0.145708000000 0.142249000000 
0.041076200000 0.360277000000 0.294287000000 0.293407000000 
0.014321800000 0.459882000000 0.415122000000 0.411713000000 
0.028461500000 0.397773000000 0.339156000000 0.338020000000 
0.049179600000 0.343719000000 0.277118000000 0.276318000000 
0.120851000000 0.220755000000 0.156610000000 0.152970000000 
0.024900000000 0.409218000000 0.352920000000 0.351578000000 
0.299581000000 0.076298100000 0.041932400000 0.040486200000 
0.220975000000 0.128216000000 0.080566300000 0.077866600000 
0.074715600000 0.297991000000 0.230031000000 0.229044000000 
0.146509000000 0.190948000000 0.127446000000 0.124647000000 
0.045613800000 0.351448000000 0.285165000000 0.284451000000 
0.083263400000 0.273951000000 0.206131000000 0.202221000000 
0.033334300000 0.381992000000 0.319937000000 0.318871000000 
0.134067000000 0.203739000000 0.142100000000 0.138560000000 
0.202112000000 0.143419000000 0.089792400000 0.087255300000 
0.024524200000 0.415555000000 0.360622000000 0.359210000000 
0.009837150000 0.532628000000 0.486352000000 0.483443000000 
0.150144000000 0.187445000000 0.128488000000 0.125009000000 
0.064034500000 0.313592000000 0.246327000000 0.245063000000 
0.023453200000 0.418553000000 0.364148000000 0.362574000000 
0.033017200000 0.384259000000 0.323127000000 0.322266000000 
