2.0 43.18379531943223 87.69834873235077 
3.27069845264042 55.843438142718924 151.93344055873794 
3.2648147084364876 29.913658348433813 57.16290118832735 
2.0 2.0 0.5775405991889964 
2.0 2.0 0.7586731529441928 
2.0 20.924989448872964 3.7852690837297205 
2.0 29.016967842806533 4.486296503952285 
2.375449870416348 2.014790258770952 1.187723668599514 
2.0 68.27770874050087 14.025325624618272 
2.007019512775433 2.155593964683985 1.072481287608347 
2.0 2.468511460500249 0.2548341779660128 
2.000655644168888 2.0 0.8897299003774055 
2.012304354424345 2.0 0.06498452858899428 
8.849150258370429 2.0 0.6353664405747208 
2.0013294616608674 2.0 0.7980075141159345 
2.0 9.246864785185391 2.876573094468494 
2.0 2.774694945880295 1.2968272051360357 
2.002064424431066 2.0 0.9899553527003927 
2.0042494006100258 2.0 0.6491955550850559 
2.0 2.0 0.5053551276399065 
7.832482661957468 2.0003875644461067 1.8213829311748087 
2.0 2.0 0.2002310365634113 
2.0 29.362766280783262 4.315042502174668 
2.0 2.0935490207453817 1.0386013926852025 
2.0 66.13344068361776 18.220446597954236 
2.021509786434847 27.87139134445239 5.332883560147108 
2.0 72.45214816523074 21.104184320897332 
2.0 2.0 0.2782858497169711 
4.669164060070775 2.468136019312859 0.45123562083828983 
2.8148721201540226 59.420156446461576 29.9058010223488 
2.0043187083873164 2.152872534515798 1.157326850376645 
2.0077428124922214 2.0 0.36193603548184217 
2.0 2.0 0.4572183829679758 
7.870561656398215 2.2981454936402903 2.1555326526143737 
4.656062925474998 2.272820437541893 0.133610872687634 
2.019230009801126 41.178844465338145 8.783561367538642 
5.277635244829714 2.0 1.7033068128822846 
2.0 43.61274031766807 6.258665801733187 
2.072847463390065 11.66799463249901 2.581313522932414 
7.755834577488805 2.0 1.3888569398779005 
2.0 2.0 0.7101918763797732 
2.4461571767129247 3.2576111619560604 1.7180284999665885 
2.220155981676738 2.3012797655436286 0.5934186596194215 
7.789359524827461 2.0 2.0369537959510486 
2.0 2.0 0.6163495053145465 
2.0 55.754809728580014 10.461411109618673 
2.0011536099512455 14.205355406613016 2.9575252735381383 
5.672038930581385 2.0219746515485384 1.3655356614662701 
3.1527272642398527 2.29188057818152 1.8036133957942448 
2.038023477720054 37.01012834987886 7.024061384524384 
6.606811522657294 2.3040267505737373 0.8735921422419493 
8.380233721391498 2.0 2.3049204685841005 
2.0 13.857689990968694 3.6884512645940806 
2.0 2.0 0.07559084709019537 
2.0 2.0 0.32168361374667587 
2.0 2.0 1.3803135127562474 
5.670723043885352 2.0050395008216966 2.001680125577938 
2.0 41.468954061940366 8.038945549248833 
2.0 2.0 0.4307379378694236 
2.0 2.0 1.1101122693612138 
2.0 2.0 1.3441769148149476 
2.0 44.030799156681475 7.327821364113199 
2.0193122322508126 10.79261373519861 2.772092521275435 
2.2112918770147614 2.0 0.9751178386050385 
2.355223522547705 2.2228857935875697 1.2338776214356888 
2.2991537900797354 45.93309893674952 9.634818130629533 
2.0234954285784443 21.27998330085998 3.9498052084692707 
2.002316491561231 2.2062787412319946 0.7514482735659065 
3.7225607398877525 2.0 1.2721582176588977 
3.0593405418227313 2.202632837132192 1.8684703308374115 
2.001227946762121 2.062937337670104 0.936512030667662 
6.25567732755562 2.0052897384030994 1.8738546901267985 
2.125068700785391 17.61389719752678 3.3499886587001333 
2.3229903641805945 2.288283349117395 1.5695155073564955 
2.0308623485334247 27.717312716839686 4.979952697856172 
6.985153054493355 2.2754981350232293 1.9072135022180903 
2.261528289480859 10.67302934056655 2.9202825596219526 
2.0 2.015908803970037 0.8575629641445743 
6.1411484812490595 2.0 1.5889132040153608 
2.070191572598494 13.35975413125503 3.517038460501957 
2.0 60.34413180377724 12.248763378585387 
2.380983587934169 30.451947428384003 4.782784242825935 
2.469564062001033 15.452367106017288 3.125459402336536 
4.766500664584806 2.2718685298349444 1.6655901688801469 
2.0268008760315923 30.59099219458576 5.5067711514107724 
2.413255505381016 2.0 0.8366904021839372 
3.727355031141939 2.0 1.118145286330666 
2.3304941870208697 12.408131104329687 2.4065019098309253 
2.345548008425925 2.0 1.5231762015679688 
2.0 15.440279502756237 3.262516350727549 
7.444162538582948 2.420365922594394 2.0734485367525846 
2.260148639070773 21.247264524297663 4.150545271103049 
4.9350483780298 2.02725912411836 1.5535577716704918 
2.135093168524271 2.2128185925494748 1.2242649286741463 
2.0 46.35084875566556 5.665259274435453 
2.560077917267739 44.97431278921664 51.564218034359236 
4.612455642630676 2.0280129573506764 1.4544598440322902 
2.0 13.408255238581708 2.651987967621709 
2.135094363771012 40.65805138868423 5.943933470360483 
2.0222174903789365 29.16548972407817 4.192494846761669 
