2.0 17.03952458402955 0.0 
2.0 8.821111747897447 128.0 
2.0 3.355264147050768 0.69410712471329 
2.4087927268940423 5.072917739188947 2.329177626052598 
2.0 37.28788201201152 0.3759108605634425 
2.241148643552763 39.52887114339112 0.49020897175554623 
2.0 35.88409687170032 0.3569502934523152 
2.0 2.0 0.7215481320273858 
2.211190243299528 18.911175507487126 0.2473051578015461 
2.0702121575136325 2.011428932352964 0.9004017424227904 
2.0 2.0 1.5414714555516644 
2.0 2.0 1.9866160897244356 
2.4173878133853215 6.514999976137008 3.500713170026322 
2.304846135576351 2.0 1.3556866714573816 
2.3301015078828566 2.0 1.0522902202786546 
2.2673002955748953 2.0 2.0445392945013934 
2.0228490305006965 41.28042432742023 0.30768744839197065 
2.409814171043843 2.0 1.1862452925749303 
2.407086984157705 2.0 0.9622545973014967 
7.195401159815676 2.0 3.5470593532077412 
2.2275187163823267 2.1487783963067897 0.7772859252548248 
2.233143223976004 8.709203595953605 3.315319642813189 
6.797417563874951 2.0 3.0262152591993168 
2.1805570584360265 3.4246268090645975 1.3341591797658283 
2.0 2.0 1.0991648183030238 
2.0 2.157675204650002 1.61803519807017 
2.166467218326532 2.0 1.1269178008347605 
2.32096086149425 2.2476043792776035 1.3047747824728793 
2.0 2.0 1.4669638356233072 
2.264684102013835 2.0 1.4875471379853946 
2.6068852949424057 2.0 2.1381890332576825 
2.0 2.8167734188919935 0.6678351214041016 
6.670024833043943 2.0 2.8281734576016273 
2.6035566484553345 2.0 2.458655304859099 
2.315099785238486 10.522269427833075 2.5520019961411298 
2.2123748534738867 2.2416450162364705 1.2554348219595919 
3.2567301960752415 2.1638300867894147 2.3013566076998297 
2.4381361997029445 2.341154198985968 1.0806089275895872 
2.337656274093869 2.0 1.8587592801415231 
5.085239923414491 2.079528303105108 2.8719805444453623 
2.0 2.0 1.2779944762180913 
2.2266301883439485 7.48967317899023 3.6974014142063756 
2.456429172890606 2.132053167411155 1.201577165048901 
2.3204384960325886 2.0 1.1451320364777913 
2.0628897386560854 16.640282663183427 0.33729710211371344 
2.1366229185064913 2.2573642410035792 1.3771191492201327 
2.2588230780042413 2.0012701706959244 1.5038439236674537 
2.2840532604969677 2.119058779419649 0.8264398259277252 
7.097730908524526 2.0272688186913883 2.6323450542415587 
2.140361050967992 2.318386321054468 1.4030500948280196 
2.130575263415567 7.4298019128134865 4.877856333354476 
2.0 2.0 1.8054684447178033 
2.0 2.1457333866748853 1.6447659930903074 
2.0070218654243464 2.1827938982091855 1.5537623208331854 
2.0594264197568313 2.139898282237388 1.713274872059563 
2.0 2.004870586606695 1.5759632019573728 
2.0 2.0 0.10529376344646628 
2.226608474233797 2.1904511757533247 1.4427438671025383 
2.2109460773280385 13.525619182790534 0.17883919265369697 
2.0045557464716874 2.0 1.525534686311822 
6.0045684279478095 2.0170421952496285 3.0633759826789175 
2.0 4.2916610381623554 2.8183512233196955 
2.098524639539443 2.0 1.784897177246265 
2.637989922011365 2.1392053776338136 2.2269181479525297 
2.002194003806698 2.317434415545669 0.9840070777727132 
2.55973056303674 2.0 1.9155171861258584 
2.0 2.0 1.926791026542774 
2.4084407674975243 2.0917813053504917 1.0329974960661428 
2.0 2.0 1.0103832504142523 
2.132901927643241 2.0 0.7479416129014527 
2.6480180893420897 2.1537939841445337 2.191536859794474 
2.089572028587628 2.0 0.925749330810012 
2.495961845424452 2.056930368919181 0.843897573147193 
2.0 2.2132242525617207 0.8706163865761725 
5.942210749644457 2.0 4.592717586563535 
2.0 17.232203970197016 0.5281571335994156 
2.0 5.322021705798068 2.445389824599923 
2.1505099006943595 2.2604784711918144 1.4226635647473238 
2.317305544319316 2.195969523922188 1.1661198362855958 
2.032973819875897 2.0002205699150024 1.6569424051116597 
2.5538513240220646 2.0 2.074327486934086 
2.0 3.131379368859205 0.6470972993870072 
2.185159127898386 6.535535079432646 4.27556480604898 
2.0 2.0 1.758410142866934 
2.000238509628842 2.018343625930944 1.74787147795425 
2.0 2.3549977687759007 1.235751663485019 
2.0654132293702117 9.407881892484422 3.007852410569923 
2.1506952995393003 4.867919687625594 0.6034083814803106 
2.0 2.0 1.3409465347716663 
2.0 2.0 1.9543790590420187 
2.0938170083030916 2.0721832736730743 1.6865637345581561 
2.084543147218846 2.7149055765366725 2.390366688561635 
2.3125814348702356 9.338811331439498 2.6701450505111417 
2.0 2.0 0.7977592530896157 
2.368761713464749 2.2560629912703236 1.2174581059221365 
2.3017302605280516 3.099528241874618 1.0127994496904158 
2.0023207438176445 2.0 0.9446066614921664 
2.0 2.0270369498319845 2.00406640214975 
2.163002597217752 2.140919135966471 1.60847449271469 
2.0 2.246540129985735 1.1122199753617164 
