0.004617690000 0.178078000000 0.151364000000 0.157711000000 
0.005019660000 0.171553000000 0.144781000000 0.151077000000 
0.010913400000 0.147040000000 0.120147000000 0.126682000000 
0.070504200000 0.057164600000 0.044406600000 0.046842700000 
0.151669000000 0.018926400000 0.014984300000 0.015670200000 
0.141582000000 0.021841100000 0.017236000000 0.018048800000 
0.125130000000 0.027740400000 0.021737200000 0.022808000000 
0.112392000000 0.032704100000 0.025501400000 0.026791200000 
0.109983000000 0.034058300000 0.026528300000 0.027887600000 
0.092550800000 0.042826800000 0.033267900000 0.035027500000 
0.064554700000 0.061249000000 0.047650500000 0.050308300000 
0.176879000000 0.012915400000 0.010343200000 0.010782300000 
0.190231000000 0.010314400000 0.008265070000 0.008608240000 
0.013302300000 0.138782000000 0.111874000000 0.119041000000 
0.196882000000 0.009170700000 0.007383050000 0.007685260000 
0.071891300000 0.055378500000 0.043027600000 0.045378900000 
0.106977000000 0.035047700000 0.027310600000 0.028715000000 
0.181556000000 0.011674900000 0.009347870000 0.009741830000 
0.005599020000 0.168157000000 0.141497000000 0.147746000000 
0.046282800000 0.078603800000 0.061518500000 0.065075300000 
0.090281500000 0.044298400000 0.034416100000 0.036240400000 
0.101247000000 0.037986700000 0.029556700000 0.031084200000 
0.078661400000 0.051130900000 0.039697400000 0.041822400000 
0.018941400000 0.119114000000 0.094304400000 0.100787000000 
0.155305000000 0.017715700000 0.014051900000 0.014683700000 
0.013048600000 0.141266000000 0.114116000000 0.121137000000 
0.218663000000 0.006182170000 0.004918830000 0.005137040000 
0.057777900000 0.066925500000 0.052187600000 0.055142300000 
0.032161700000 0.096049600000 0.075871300000 0.080306600000 
0.161121000000 0.016268700000 0.012928600000 0.013498600000 
0.171497000000 0.013949900000 0.011129000000 0.011608100000 
0.083713500000 0.047714100000 0.037049400000 0.039039000000 
0.166843000000 0.015143000000 0.012046400000 0.012575100000 
0.027818700000 0.102165000000 0.081694100000 0.086052700000 
0.104773000000 0.036472000000 0.028407200000 0.029869400000 
0.238175000000 0.003290890000 0.002348320000 0.002553310000 
0.086998500000 0.046329100000 0.035974100000 0.037894200000 
0.023983000000 0.108376000000 0.086263100000 0.091289500000 
0.054605000000 0.070551300000 0.055054100000 0.058204700000 
0.034483400000 0.090163100000 0.071013100000 0.075153600000 
0.048353200000 0.076522000000 0.059868500000 0.063301500000 
0.115409000000 0.030768000000 0.024027500000 0.025228500000 
0.033071500000 0.092643900000 0.073045100000 0.077326300000 
0.004873280000 0.177936000000 0.151220000000 0.157566000000 
0.119056000000 0.029269400000 0.022896800000 0.024027400000 
0.011469400000 0.142971000000 0.115724000000 0.123001000000 
0.211902000000 0.006958930000 0.005559730000 0.005796570000 
0.061701800000 0.063427700000 0.049395500000 0.052179300000 
0.015214900000 0.131867000000 0.105511000000 0.112472000000 
0.013518300000 0.136521000000 0.109797000000 0.116899000000 
0.074730900000 0.053315100000 0.041386700000 0.043626900000 
0.202223000000 0.008259630000 0.006632940000 0.006906060000 
0.015511500000 0.127807000000 0.101889000000 0.108718000000 
0.245039000000 0.002053120000 0.001465370000 0.001585700000 
0.080918300000 0.049536600000 0.038450500000 0.040514200000 
0.280050000000 0.000056940800 0.000005178410 0.000002959730 
0.025531300000 0.106480000000 0.085433600000 0.089969100000 
0.099837300000 0.039349500000 0.030633400000 0.032039800000 
0.037854200000 0.087467800000 0.068810500000 0.072832600000 
0.133212000000 0.024583700000 0.019328800000 0.020261900000 
0.252492000000 0.001514030000 0.001070980000 0.001153440000 
0.270355000000 0.000455944000 0.000286013000 0.000313981000 
0.146534000000 0.020491800000 0.016191700000 0.016938700000 
0.043253900000 0.080905300000 0.063349600000 0.067028700000 
0.022215400000 0.113357000000 0.090473200000 0.095730000000 
0.066458200000 0.058810200000 0.045711900000 0.048232400000 
0.009630200000 0.148177000000 0.122754000000 0.128727000000 
0.042120900000 0.083637400000 0.065597500000 0.069407700000 
0.035709400000 0.088780200000 0.069878300000 0.073966400000 
0.059825400000 0.064936500000 0.050583900000 0.053433000000 
0.056757000000 0.068756400000 0.053605800000 0.056663100000 
0.029621100000 0.098565700000 0.077980000000 0.082540100000 
0.225479000000 0.005315830000 0.004157560000 0.004385480000 
0.028846300000 0.100529000000 0.079599400000 0.084239200000 
0.006291870000 0.163857000000 0.137344000000 0.143534000000 
0.051025900000 0.073679100000 0.058111700000 0.061105400000 
0.010294900000 0.150456000000 0.122666000000 0.130137000000 
0.019984200000 0.116231000000 0.091828900000 0.098207600000 
0.009181980000 0.153530000000 0.126268000000 0.132932000000 
0.018007300000 0.121666000000 0.096494900000 0.103096000000 
0.025845500000 0.104194000000 0.082692900000 0.087532800000 
0.008095740000 0.153774000000 0.127875000000 0.133820000000 
0.207222000000 0.007605870000 0.006089890000 0.006343070000 
0.023330700000 0.110894000000 0.088364300000 0.093507100000 
0.130399000000 0.026173200000 0.020564100000 0.021572600000 
0.006257530000 0.169893000000 0.141177000000 0.148699000000 
0.137825000000 0.023649000000 0.018471800000 0.019291100000 
0.016770400000 0.123925000000 0.098483400000 0.105151000000 
0.260889000000 0.000968093000 0.000670229000 0.000739432000 
0.040731400000 0.085121700000 0.067459000000 0.070939500000 
0.006506440000 0.162551000000 0.136109000000 0.142276000000 
0.054148700000 0.072589100000 0.056654000000 0.059899900000 
0.012156000000 0.141446000000 0.117112000000 0.122832000000 
0.234064000000 0.004207350000 0.003289210000 0.003461320000 
0.016458000000 0.125944000000 0.100269000000 0.107022000000 
0.007339950000 0.155579000000 0.129558000000 0.135566000000 
0.097119800000 0.041247100000 0.032030300000 0.033711400000 
0.032302400000 0.095619700000 0.075519000000 0.079936000000 
0.014388600000 0.133838000000 0.107318000000 0.114353000000 
0.015390400000 0.127524000000 0.103646000000 0.108969000000 
