2.0 17.182184687647762 93.58001384852471 
2.0 8.69309959396348 17.328642674060756 
6.671218302994801 2.203920630950705 2.7955153152894052 
2.0 2.0 1.3355077945685647 
2.0 2.0 0.899554444105965 
2.0 2.0 0.9468804476770366 
2.0 2.0007794874689138 1.024710086737683 
2.0153421594757983 2.022471305780055 1.079641911136993 
2.3523707791351183 2.2826983598416137 1.0939372648434922 
2.3493341364540785 2.0844613514615027 1.190192248019251 
2.0 2.0 1.3709738512180505 
2.4121312780782365 2.1544626644178564 0.7883068729969555 
2.3746751194003353 2.0291086176043005 0.7326124667893205 
2.567213043005707 2.1082714010384 2.5202824404563207 
2.0 2.0569246922167466 0.7014619377551973 
2.418676222936573 2.004906468895553 1.317016844521886 
2.1274624127960235 2.0417697786642175 1.1076395757460367 
2.0 2.0 0.7606670267048999 
2.0 8.666549836862256 4.187178735491561 
2.0 2.0 1.5517467430399212 
2.2297438423944067 2.0134562605646553 1.2040932536261846 
2.0 2.0 1.1358855042180767 
2.0 2.005921072346227 1.2714701283343537 
3.0635848051861294 2.090401843758859 2.0937139730994376 
2.0 2.4724888039774404 0.8751858617102322 
5.942323937509553 2.0 2.540809218753588 
2.0 2.0 0.6114113869397266 
2.445553912917895 2.066028949388568 1.4307351996150355 
2.0000295693613506 2.0 1.7529489378591352 
2.002157385048654 2.46495559397575 0.8504269595354558 
2.0495423097857595 2.006170102308481 0.8094408682184835 
2.3041084470473825 2.075370622943767 1.2402389526841473 
2.1138069941779745 2.0 0.8312430213055038 
2.107985106464936 3.8426528524614736 1.869689128010792 
2.0770640809284897 2.0 1.1218938132990828 
2.0 25.710976561356063 0.41520580012648345 
2.006492756521462 2.0 1.2252501824003343 
2.0 2.0 1.907892448749717 
2.0 2.0230528647289385 1.4650219877332349 
2.0 2.0 1.6793781256351705 
2.0 2.0 1.530158412440811 
2.074697197764305 2.0041808319032675 1.0608650897349305 
2.0 2.0 1.7094180316325038 
2.210296891283808 16.926925309764954 5.571937046351241 
2.207582496025439 2.0542860031754393 1.0389794019059404 
2.5722981898979977 2.0636455253924333 2.6336908764637164 
2.0 2.0 0.6358869496614701 
2.0 2.0 1.3927595579891086 
3.223710813159966 2.259193995045295 2.338610657233348 
2.7745484240203324 2.3629951744743933 2.457020147876597 
2.0094028987613766 2.0 1.2948259279232015 
2.0 2.0 0.6811984464661522 
2.504184500490961 2.0 2.2497630393694497 
2.0782899378022 26.006729431561638 0.3737661521931628 
2.0 2.0 1.2557815604247955 
2.0 2.0 0.11351463003544077 
2.0 4.465114550329179 1.930430731316867 
2.0 3.309850277446672 1.1561421018158307 
2.426024727505564 2.0036906845533538 1.649176162592346 
2.0100230514929316 2.0053560446722383 0.9843027953900997 
2.0 34.4185873738477 0.30009496080759734 
2.001558904332233 6.325775133140634 0.2308329323594902 
2.0 2.0514127276241965 0.92468900909972 
2.0 2.0 1.5762254632004224 
2.0 2.066367385576929 1.9819933412066002 
2.250926335006308 2.0694634109879715 1.3470815790189967 
2.024589036574473 4.083629278082445 2.836701193712627 
2.0 2.0 1.6085892035519023 
2.0176274778630723 2.1179887164520634 1.6716298150474893 
2.0672353169963715 2.3235531489311403 1.4088625939986186 
2.2632732904009973 2.0711447989453897 1.448233718016906 
2.410284382312125 2.1135781649613494 1.7834925579089915 
2.510389911206663 2.0412578472918943 0.5570876805886343 
2.3543781357903337 2.1790281211689164 1.8108804669501166 
2.0 8.95353756075093 3.6217466970854946 
2.1754981069093207 2.858976022338265 1.5209253220578764 
2.6905917786507123 2.0 2.8884668955463653 
2.983141217359635 2.136420477736147 2.042738406250882 
7.2515491348238905 2.415159474207009 3.0021893012106378 
2.714411140383572 2.0 2.1297067498508513 
2.405302268373141 2.2868591778443585 1.854811351749615 
2.0669822689951864 8.994510708481824 3.01365527765196 
2.4330105616117708 2.0 0.6580977499340268 
2.0 2.0 1.9448117858451468 
2.321636174858868 2.0 1.0050838652255885 
6.173908011596694 2.0 3.808693354310353 
2.2492673798796567 2.959907108318201 0.9567714438366666 
2.629664249917996 2.020015981786662 2.164482912173981 
2.207597413360598 12.920092278740782 0.28049233247360367 
2.2269499354349405 6.406892691050194 1.6562492632448178 
2.0 8.580354237743814 3.5230761804776094 
2.0 2.0 1.488164734970753 
2.0 10.952220439595465 2.6371951363219384 
2.0 2.0904261243879123 0.5358255841171017 
3.3114316506696166 2.0 2.2118350906940845 
2.046679323460328 9.295394350940256 3.1073378148448896 
2.0505103843641264 2.0 1.1767804351319535 
2.3093598223562215 2.0 1.7492128166627403 
2.6044380309272426 2.0 2.3952315083581905 
2.0 5.275499117561224 2.248854050952643 
