24.969895207057895 9.735813232035675 0.4201554765189609 
4.417734711806695 7.878701689850615 67.97900211219398 
2.6675226734023463 5.696859721881722 37.744038341449304 
2.0 2.111080769920407 1.2638212017328807 
4.497772097545477 4.697944948104254 136.26178478096844 
5.5305735566081236 2.033970255866001 4.819480203990613 
4.283002224303684 10.146545728339175 157.05692164836682 
4.993658166481924 2.4114154192897503 2.1945130812635743 
5.929342922544027 2.1061229520988447 5.3868516204098125 
3.2688431415861596 8.001400819226717 10.39964349674761 
2.010462682822131 2.0001659019266493 0.0472221650141805 
5.560543012035257 2.0082786902067005 4.1590080704526455 
5.7241903113102115 2.4686844322109662 11.731072723660876 
6.038382354071657 2.006798434709176 4.385680136703206 
5.628551145828036 2.3876605316808406 3.462513994193076 
5.808249194355788 2.0305372839001308 4.536828072699271 
3.1556117907316676 3.8753765548543986 6.18075239733856 
4.659895467884683 2.3991977892583494 2.666457472692608 
5.4002515326173075 2.4501363065716184 1.1170415769566349 
4.845068552517966 2.0462373867901205 2.8365360567825064 
4.417407236623433 2.361859838823649 1.3896810524722465 
2.0 2.478314432313344 1.1761832342416148 
2.7674952485643765 2.154178718687687 0.5799883656815067 
3.6842395540997748 2.0291137066199445 0.5229742881701389 
6.136214685761503 2.0 3.0976917610752253 
6.46323966771051 2.459486032126054 8.772919348664708 
4.697936747908411 2.0295803487944055 0.8661499249786454 
2.3563370731505455 2.0 1.0468865521922979 
5.832249278160326 2.3200681255888513 7.936702766956134 
5.2131304510309215 2.0856867314311134 2.5949032064905726 
3.2431029301248424 2.0 0.2719960202723706 
3.4574232007880124 2.1010265992986996 0.9115144878128882 
3.7422339406372496 2.0024486135278567 0.4911726089085563 
4.937441036211801 2.4181374869335053 1.9352442607856497 
5.229176087089353 2.1099887598120928 1.6819109648071033 
6.440038566507532 2.410867727322603 3.572542136289613 
4.090123460583704 2.0 1.4960497945871203 
2.6416220003261732 5.314111937842363 6.073452994889837 
5.7953505387331825 2.0 7.149918883980236 
4.967835807508153 2.273134260879469 1.9058040163727374 
5.338993674438385 2.4144053891666504 2.4252656649576183 
4.872217971435546 2.167427676394707 1.2629536508343462 
5.777375780919674 2.497192340875503 3.7277891213520378 
2.7678940956281304 4.478648163892741 6.96243649586098 
3.2880922075558177 2.1095425926410725 0.6129720948672679 
4.909592434549402 2.2992881745934373 1.003982890719111 
4.96616069649104 2.277655814948211 1.8172175053811346 
3.2484382183502287 2.0 0.8521760324512904 
4.62954228213272 2.1575256853045772 1.7202696893369795 
5.08312888785693 2.0 2.3657111942410354 
4.534572339207115 2.3393540787073372 1.4511267947202486 
4.30010540815691 2.4484544024461465 1.631969501175762 
5.7937326936435785 2.0262343792249804 3.9263154361910075 
5.010078983701355 2.2080084277876453 2.729032209836217 
7.549367844915732 2.0 3.310323196969355 
3.6441103946066313 6.771874613455801 9.401073346843148 
4.241738546077855 2.3798976889721946 0.9388558254770505 
6.103539120135056 2.0 5.0698984134013285 
4.97192978394717 2.2947995946588935 0.9450622511176405 
5.0828574122946835 2.450621960297693 2.013953144742384 
4.8956383807167345 2.045799043304863 2.8047540877969643 
4.340957829412852 2.3808891978129734 1.533920335260454 
8.197456256246184 2.0 0.43321391952759747 
3.7026324620811724 2.0 1.0612962276248328 
6.285144410192966 2.144202453428909 2.8766132842801135 
3.9077859996179374 2.0 1.1840114007249438 
5.258132493156545 2.475737886254543 3.0922930568721636 
4.683905538816177 2.2746730316065316 2.474042190828693 
4.007201889473519 2.0 1.222278194292874 
4.353110698738402 2.206088171285658 1.406466134856939 
5.635582497767061 2.188883538718242 0.005682075335153192 
4.516320244176922 2.0 1.4243226224634589 
5.0426691998695015 2.2587383105123626 1.0521168879254053 
4.322711578998613 2.208658283955219 0.39579597364738905 
4.945371314503044 2.272780163008874 2.084608779095749 
3.5692005761866215 2.1599608472850016 1.7929122722402515 
2.0 2.0 1.1490992060060563 
2.1049524219057885 2.0 1.3198882889587704 
10.336193083284831 2.0 2.3051342188171113 
5.143153209155965 2.0 1.5556904830042653 
2.0 2.0 0.7947542538487016 
2.8690678424346463 2.1910047550972602 0.6986588435375329 
4.768076329602266 2.1154606544567494 1.8574345139488666 
10.487604082591437 2.0212742694686217 2.281026520300062 
8.028562246630447 2.0 3.418570399714093 
2.845690919784663 2.0 0.7406848461574236 
6.014438324698995 2.0908743921643986 5.564410018116108 
6.124807651997856 2.0102767438022084 6.373049409302453 
21.207974372329637 3.5964386116778164 0.05601291459610196 
4.993229856232993 2.226263027934391 1.327680747904701 
4.4457848613507185 2.0923026275280376 0.20100203544929057 
4.961837674628118 2.3357949874120485 1.0877131173354004 
2.9777337028155078 2.023910130253546 0.6584938517593818 
4.622574146117367 2.2465975012495396 1.9768299833970095 
8.058827265032516 2.0 2.521689688409106 
4.635420916976623 2.3861981328831843 2.155943117794891 
2.0 7.005931458661932 7.293783447086427 
3.005363999136822 2.0 0.6755519581255324 
5.374216656557266 2.094440952855032 0.805180465774106 
5.273897232312256 2.1636924316150172 1.6296021315223688 
