3.662035907071682 2.0 1.213790093315958 
5.443037005458235 3.4885092126291304 0.36119804779079895 
2.0 2.0 0.7602576063861264 
3.0951005605186825 8.162388962850939 40.65452940928667 
6.222660560246113 2.0131458374259568 3.6498626309626196 
2.737323227956022 5.0794793565586165 153.371074433873 
4.898768039856237 2.0 2.1473310144278557 
5.048795983603701 2.0845461332534483 2.094822921733797 
5.1972749593219145 2.047439065900236 1.9576322684061336 
4.408215184266706 2.117443886559264 1.2707196871140927 
4.499437927002072 2.0 0.9916215819094631 
4.811016653661204 2.092488090040621 2.234657827734682 
5.367835852991586 2.0561803766166293 1.9231765767337339 
7.64943177559097 2.0 2.543276349647545 
4.62753224850249 2.004757497788808 1.7135881145466683 
5.797206737222847 2.044203705029905 5.428922420999196 
5.3464787068728 2.0635702320061275 1.2290480527230594 
6.433432596051272 2.0547788636756064 6.758547358364474 
4.047753550992098 2.0 1.3125421209368917 
4.182164864806321 9.730941210899033 52.45643907553158 
3.8708073435771584 2.1804744216403726 0.6320825418215466 
4.89397178958402 2.0524031991064335 2.0194018545675445 
2.653350667901057 2.0384667576536795 0.8151987548122172 
3.0222491018405924 2.132950399336704 0.7042898510059489 
8.13521674386164 2.0 0.4505185483861329 
2.7976721593600224 2.005042122522636 0.8464312839806646 
5.61305413221291 2.007434484056189 3.0199674337601934 
4.707804707711475 2.02466528286894 1.8876023465095053 
6.36346166089538 2.0826141595046304 7.915674021077233 
3.070743551881277 6.306511678434388 128.0 
3.706692180358088 2.0081675747463645 1.1169638914680835 
5.058329489956556 2.121201932207192 2.6312847662129597 
4.702439647044207 2.1700145189037054 1.3953459382935114 
4.970309101456606 2.000437281446692 2.3155174044256963 
2.0 2.0078352055198154 1.1538577552993519 
5.052043609090596 2.070954745770306 2.4314881399640083 
5.451849513529744 2.050712716553928 2.8915985986144186 
3.295543548059054 3.8516274204727923 5.960599443867672 
4.784353699008578 2.172290430777011 1.529298513045824 
3.0466645814276108 2.0 0.8988844690435995 
6.477024702359429 2.014641138370016 4.309006910528472 
8.405367940958804 2.1617757974256655 0.3714903421779915 
5.125144301724823 2.127502186839121 2.387916438491898 
4.597950914728622 2.0 1.4255742760015822 
4.809338069194693 2.0 1.472829762752576 
5.763609044035408 2.041410065338271 5.981361164674764 
7.828357160009517 2.1094172867989305 3.4811732260104002 
5.254542104839898 2.0256308358501602 2.4842281864241866 
5.947079709933782 2.025630662162042 3.9761165865179118 
3.0642787868016654 2.4384937690701807 0.0017770479859420263 
8.284122426970196 2.1166344268633983 2.8233701953379757 
5.1088443255667 2.036712131090339 1.444380829733917 
5.626756298501544 2.188417407645982 4.6696387978516904 
5.122443524574887 3.3685574856391876 0.47113274951229855 
6.246148124100356 2.2668612989302708 5.053298453033005 
4.569937311819786 2.055974187414632 2.974531320040657 
2.8413623670913672 4.036314284188025 6.419093600268519 
6.178819342079175 2.0 3.7852574019381295 
2.9508961245240815 2.0 0.7958715566517066 
5.081722256222809 2.2606558820229967 1.8484533561377745 
5.451848665644437 2.2654285697190897 1.6595419206418205 
2.98638816799886 4.588227452303783 8.178357515759203 
3.7649681430962887 2.0372911162970357 1.8283858827097879 
5.347180101438352 2.3826026588327003 1.3088209212685662 
3.255212451201264 2.0064384928308443 0.9205585141275021 
3.6478641667375795 6.7095497607985735 12.521950413846138 
3.2366694050743683 2.0216582128437706 1.0165227195349829 
2.924465472271647 2.134163462050365 0.6746571225360591 
3.299699191534853 2.056159156530353 0.9447351443497416 
5.555467783997537 2.1347374023954298 2.6798135531923117 
6.112959541078914 2.0303081039740247 4.134988420284536 
4.753508445584188 2.0612923987260636 1.091768387952044 
3.115804552193021 2.0381739819686677 0.5986921628727009 
4.760754773808906 2.043716769520768 1.3439555913072718 
5.712078210307412 2.0 4.5082297239737805 
6.40398593314462 2.0659755878218546 10.20195982441631 
3.649061075363539 4.9458203650451615 11.010093316913522 
3.9420701076400566 2.0 0.9611703999185539 
2.8111002315716944 2.0278491587802168 0.5086078331868522 
4.627805454462607 2.0064846725785452 1.0536866419232105 
7.159962314064083 2.0 0.2715909975350037 
3.962537956951496 2.1195137980107868 0.24924454480377714 
4.959473041316166 2.0 1.5455764544822086 
3.9517952554385634 2.169318116316558 1.2862964998002282 
5.566446728756489 2.118421047023933 3.214477860416557 
4.720307927878839 2.315503641282136 1.5938966402172894 
3.634080955299224 2.028020805290494 1.3780888637274307 
5.591286592771501 2.1032901085370543 3.099354951823684 
5.249792132200606 2.193008736060072 1.757358308044693 
5.234156385785726 2.282227328640296 0.7597607934059614 
3.9921251153737405 2.000214401442486 0.7147029301263615 
4.7703239487619555 2.060720803484202 1.0189640242417082 
3.217569593260906 2.0726986540953267 0.5720893179747546 
4.718978626546719 2.1134505817853357 1.616312935167393 
3.9286078999266234 2.0 0.8727955324976442 
4.671608206027347 2.0 1.6752163231762718 
3.887899016718728 2.0496693512883026 1.207853826179751 
5.694574058700305 2.1137237001057585 3.4726009188802354 
5.711221264998906 2.235537878550106 4.899984022371054 
3.9320160307759515 2.114002066789935 1.1719953095940374 
