2.0 16.616415773987015 225.86850966747107 
2.0 6.906904280587972 256.0 
2.068201158283901 8.60229236511554 225.65959977827262 
2.0003485430810115 2.0880893680879344 1.813329379511748 
2.000385331358613 2.097387088523403 2.004723982448307 
2.0 2.0 1.3599894307139326 
6.321376718704391 2.0263326246675546 3.027768398888801 
6.75351439057483 2.02896588713431 3.330545238777681 
2.0 2.0 0.9269109277949482 
2.0383606807197636 2.0 1.5575089663503652 
2.900027369171207 2.0439431099058925 2.088394199093208 
2.128651592430312 2.0 1.32690275415148 
2.002885676323079 2.0 1.228664585152615 
2.277393010352765 4.262947619690874 2.923491141019017 
2.0 8.992818725417557 2.2830865174847697 
2.0034100895175215 3.991774218166707 3.804137450382849 
2.0179877780597164 2.0830747975735076 1.044705068742903 
2.0 2.0 1.3103612849745865 
2.394227119852094 5.12286170730958 2.1574552757453054 
2.0 2.0 0.7791529876802296 
2.0 2.9664564080631433 1.2076281060997935 
2.0133704554775718 3.108547806477306 1.1418413962520753 
2.0 2.0 1.1694579235435318 
6.043089637068084 2.275501072040553 3.5156415844221383 
2.175000400876959 26.52479148905627 0.28526224220490903 
2.0 2.0 0.9798023683867918 
2.0471530123201376 2.4159121195446556 1.4072330434139486 
3.303218407295425 2.063121248207978 2.1928705356794556 
2.0 2.0 1.7541134701221042 
5.438037969742553 2.0111690619823364 2.6293462966061725 
2.0 2.0 1.1854632474912346 
2.0535869804421343 2.551849522194322 0.9980860610991908 
2.0 2.0782164819585924 0.11355327874848653 
2.0 2.0 0.6347694280808693 
2.042717396394754 2.7415515455466233 0.6550325872249619 
2.003587904208962 2.446744808806143 1.2479022199417318 
2.0 2.0 1.1350682196031268 
2.041531926797942 2.2016970436502517 0.7509544548829512 
2.0 2.0 1.079861396227652 
4.027537323219423 2.0 2.6143421161460445 
2.330976210442368 4.628598766494559 1.9242425747374627 
5.933133491516832 2.077354804510388 0.4182386084428475 
3.2714739108017517 2.318457342710148 2.58143463593409 
2.3966052372930915 5.946747055193885 1.2836310254594103 
2.010280435870144 2.116102089274925 0.6813280845831383 
2.0910751376394323 3.8356457196358793 1.6772842246160202 
2.07313667342279 2.396564166675819 0.702912465671665 
2.383537677010936 5.4166634447255095 2.40743272857821 
2.043938263490998 3.079081480498708 0.7968172126444283 
2.0 3.3323879973247834 1.1113302778557772 
2.1134689458837785 4.552744645567981 1.8086124016976448 
2.0 2.0 1.5227005728737415 
2.09195315755163 3.3108561979358466 0.8942339415082401 
2.48305543585777 2.2040143491954667 1.0270445340983705 
2.0087722439170586 2.079967932721618 0.9435938346897432 
2.0 2.0 1.9322312835378188 
2.0019030711145573 2.000121869977257 1.4644172547821714 
2.0573077327119837 2.172021279883219 1.4292482103562056 
2.0 4.792086697291957 1.4919078718462655 
3.3701658677168247 2.3821228904988567 2.049188384194109 
2.040929637859407 15.147621811069808 0.2722565605180227 
2.0 2.574439113961034 1.6055503740382628 
2.0 2.0 1.6379769449199766 
2.0 3.2909425690013063 2.7763279094383395 
2.151249606896616 2.0646858482828496 0.8492978868780752 
2.102398216208073 2.0 0.967548213681976 
2.015881386266169 2.0 1.967221575411924 
3.0802161189490778 2.0 2.6594503699462226 
2.0 2.387668435385465 1.8566062334275941 
2.332984268129707 2.0 1.3707323264412465 
2.0998964814245173 2.235796148293097 1.6833641092917566 
2.1076139015081283 2.0055733248060443 0.5645203489293681 
2.020108595726404 2.1087463881644934 0.8186223952871869 
2.171084969114879 2.0 0.7388707149792885 
2.1242696989958785 2.1473238619071235 0.16205054880111447 
2.2471634054309564 5.141636196973774 2.298134916334617 
2.1695904588589316 28.186391070199065 0.4712441210332714 
5.353019421843089 2.0404402228814367 0.23613606387399005 
2.322760069966366 4.420106143848896 3.050769987288265 
2.1928189348760214 2.5558946505617413 2.473156659643746 
2.118648573933322 2.050743164295781 0.875687354755555 
2.565508287585648 2.0673893470863822 0.8281250815617416 
2.0 2.721485013289588 1.4619410669514015 
2.0421562772107724 2.0030293867560185 1.7093783730425236 
3.3711767240011077 2.1174596170498328 2.9021350780920763 
2.0 2.0275275113730604 1.2743757224395724 
2.1626047582312533 4.325028610239295 2.861891578859281 
6.4993438554696805 2.0685226659358964 3.6275442979003687 
5.7014844452997995 2.344583331229557 4.609858952454578 
2.0 2.734612793177132 1.5226275996973264 
2.0 2.0 1.0985679092346863 
2.351350073994402 2.0 1.0598925400166872 
2.0 2.9385814433932844 1.405679174945206 
6.416969619841294 2.0452379021265505 3.1894882200949546 
2.080162551150259 2.008469148009543 1.6047979016681975 
2.4531276832781477 17.005987758146098 0.3994454841219812 
6.652324536106007 2.2873481003791234 3.191359466217078 
2.0 3.319417730424277 0.5864296421312754 
2.0 2.0 1.5352863321564811 
2.0 2.0 1.342258363239202 
