0.222879000000 0.229386000000 0.208175000000 0.233610000000 
0.117805000000 0.348405000000 0.325705000000 0.350194000000 
0.247193000000 0.208599000000 0.187736000000 0.213043000000 
0.080194000000 0.609769000000 0.596173000000 0.603133000000 
0.083085500000 0.588611000000 0.573527000000 0.578683000000 
0.457995000000 0.074591300000 0.062442300000 0.077416600000 
0.088779400000 0.444186000000 0.423482000000 0.442404000000 
0.086940300000 0.579893000000 0.563962000000 0.569781000000 
0.167264000000 0.284060000000 0.261525000000 0.287338000000 
0.673329000000 0.013170800000 0.010230900000 0.014057200000 
0.164428000000 0.290356000000 0.267808000000 0.293844000000 
0.584033000000 0.032914600000 0.026129500000 0.034291800000 
0.541231000000 0.045928900000 0.037132000000 0.047526300000 
0.212881000000 0.234432000000 0.212752000000 0.238651000000 
0.080655100000 0.601228000000 0.587591000000 0.592576000000 
0.181803000000 0.276114000000 0.253845000000 0.279806000000 
0.315126000000 0.154442000000 0.136463000000 0.158569000000 
0.362310000000 0.127626000000 0.111238000000 0.131302000000 
0.071233700000 0.639251000000 0.626707000000 0.631898000000 
0.340825000000 0.140258000000 0.123128000000 0.144240000000 
0.193571000000 0.260283000000 0.238317000000 0.264306000000 
0.612103000000 0.026396300000 0.020544700000 0.027421000000 
0.636862000000 0.021351200000 0.016756800000 0.022891800000 
0.534086000000 0.049512600000 0.040482300000 0.051396500000 
0.358114000000 0.128941000000 0.112700000000 0.133137000000 
0.523182000000 0.052694000000 0.043186900000 0.054820800000 
0.503908000000 0.060136100000 0.049918900000 0.062910300000 
0.483802000000 0.066456500000 0.055225500000 0.068807800000 
0.073746700000 0.635544000000 0.622458000000 0.627189000000 
0.238536000000 0.211804000000 0.190912000000 0.216003000000 
0.151617000000 0.304354000000 0.281636000000 0.307187000000 
0.329096000000 0.146161000000 0.128665000000 0.150142000000 
0.297459000000 0.170781000000 0.151892000000 0.174885000000 
0.300906000000 0.165275000000 0.146213000000 0.169808000000 
0.075690300000 0.617161000000 0.604944000000 0.611071000000 
0.288706000000 0.177130000000 0.157950000000 0.181297000000 
0.565887000000 0.041079400000 0.033571700000 0.043727800000 
0.429244000000 0.090108800000 0.076696000000 0.093207700000 
0.435703000000 0.085124900000 0.071816800000 0.087814100000 
0.382637000000 0.110286000000 0.094839600000 0.113333000000 
0.573400000000 0.035835300000 0.028606300000 0.037369200000 
0.662832000000 0.015484400000 0.012994500000 0.017532300000 
0.109484000000 0.361444000000 0.338852000000 0.362933000000 
0.134391000000 0.333291000000 0.310671000000 0.335645000000 
0.069464200000 0.644606000000 0.632980000000 0.637902000000 
0.742878000000 0.002562850000 0.002433130000 0.003550360000 
0.549909000000 0.044284900000 0.035366700000 0.045878900000 
0.185038000000 0.266470000000 0.244218000000 0.270133000000 
0.628266000000 0.023624600000 0.018801500000 0.025295200000 
0.139758000000 0.319521000000 0.296677000000 0.322140000000 
0.276207000000 0.185560000000 0.165570000000 0.190013000000 
0.081864400000 0.593592000000 0.579140000000 0.584170000000 
0.726492000000 0.004740800000 0.003784850000 0.005565200000 
0.160815000000 0.298120000000 0.275486000000 0.301279000000 
0.647575000000 0.018205800000 0.013784000000 0.018851100000 
0.351647000000 0.133838000000 0.117282000000 0.138196000000 
0.177437000000 0.280672000000 0.258362000000 0.284303000000 
0.095398900000 0.413652000000 0.392527000000 0.413685000000 
0.096298200000 0.406810000000 0.385450000000 0.407161000000 
0.109377000000 0.370931000000 0.348460000000 0.372060000000 
0.101606000000 0.390415000000 0.368416000000 0.391157000000 
0.090449300000 0.438593000000 0.417951000000 0.437180000000 
0.418240000000 0.095070000000 0.081102800000 0.097996600000 
0.697071000000 0.008848830000 0.006886960000 0.009768970000 
0.224401000000 0.222482000000 0.201249000000 0.226739000000 
0.306905000000 0.160535000000 0.142246000000 0.164639000000 
0.263281000000 0.198999000000 0.179137000000 0.203860000000 
0.195020000000 0.253691000000 0.231606000000 0.257743000000 
0.102812000000 0.384493000000 0.362306000000 0.385452000000 
0.686597000000 0.011670200000 0.009051430000 0.012606100000 
0.105510000000 0.375362000000 0.352951000000 0.376508000000 
0.403489000000 0.106674000000 0.091501100000 0.109748000000 
0.231980000000 0.216548000000 0.195478000000 0.220799000000 
0.091179800000 0.430754000000 0.409861000000 0.429789000000 
0.130014000000 0.338613000000 0.315968000000 0.340766000000 
0.277466000000 0.180521000000 0.160887000000 0.184594000000 
0.370705000000 0.117998000000 0.102103000000 0.121585000000 
0.511980000000 0.056906200000 0.047117000000 0.059603900000 
0.144858000000 0.311048000000 0.288244000000 0.313901000000 
0.710602000000 0.007189130000 0.005500800000 0.007905850000 
0.445260000000 0.078564000000 0.065881200000 0.081005800000 
0.100360000000 0.398436000000 0.376735000000 0.399085000000 
0.136900000000 0.321486000000 0.298685000000 0.323815000000 
0.120108000000 0.340517000000 0.317514000000 0.342455000000 
0.318566000000 0.150330000000 0.132268000000 0.154229000000 
0.088041300000 0.579934000000 0.563809000000 0.569841000000 
0.595638000000 0.029357300000 0.022832600000 0.030316900000 
0.084441700000 0.580185000000 0.564402000000 0.569569000000 
0.267213000000 0.190836000000 0.170993000000 0.195006000000 
0.116276000000 0.357498000000 0.334799000000 0.358884000000 
0.369653000000 0.120586000000 0.104602000000 0.124009000000 
0.496441000000 0.064114300000 0.052963300000 0.065944300000 
0.205968000000 0.248106000000 0.226389000000 0.252215000000 
0.210345000000 0.242186000000 0.220581000000 0.246279000000 
0.767214000000 0.000662829000 0.000698435000 0.001170340000 
0.410384000000 0.100838000000 0.086632600000 0.104664000000 
0.400655000000 0.108476000000 0.093356600000 0.111583000000 
0.250110000000 0.200972000000 0.180394000000 0.205079000000 
0.475308000000 0.072780600000 0.061113100000 0.075409000000 
0.346582000000 0.135087000000 0.118138000000 0.138605000000 
