29.19579186073578 2.0 2.4912344658613383 
12.354051658220095 2.0 4.407120608237863 
8.606083972253732 2.013366172799896 2.2769902374897244 
2.0 32.05397851826983 0.0 
2.0 37.2885472265519 25.04881623152912 
8.288307481137847 2.0 1.0744285433332106 
15.031142668207616 2.2919057864639463 9.138220478343513 
2.0 23.406071063437437 22.208505788024883 
19.61514276749044 2.0914696279233342 3.2102293660269994 
44.6354943676264 2.3302990992945354 0.44162313706325673 
18.531646587830465 2.0 3.2732103179588776 
27.87673305721144 2.0638398194795107 0.6685393155077468 
18.57384237148707 2.0 0.7921787662874884 
10.147092580059699 2.0642446477119503 2.561011906642257 
2.0 76.38988029311405 37.19716369593039 
25.266375337353036 2.0009681420180225 3.0925650345850277 
30.422349613333523 2.285006851253569 1.7348800636630581 
28.9664556219814 2.339511300729275 1.5394068871561482 
2.926604423778932 44.09150899436752 90.53145870539143 
33.49124833242688 2.409083321371974 1.6509493995694802 
29.47038549271275 2.1581085896991063 2.8338988945140744 
14.687207670422659 2.0 0.5739173833404996 
43.12052758179222 2.4989432307713995 0.47410494935627523 
36.32825433579325 2.0 0.861900617507076 
50.16425906641133 2.012031198002496 1.4985435583387439 
28.090382482628875 2.0 0.8444072472243267 
47.87575837675603 2.2593216866968904 0.8684127835408143 
24.34798402650157 2.3670097180795944 0.9930789215391147 
2.6936287377237296 45.37412470503878 72.75605301980521 
11.689941912432007 2.058828915233149 2.3060001184836274 
19.53981745409327 2.005670510951662 3.5048649143639947 
30.49608984079534 2.2807994557045403 1.6848040930230135 
41.00432054933026 2.0 1.8490321981201634 
5.0109863091252365 2.0 1.8456634050259788 
2.0 77.44555557335612 239.22472525414625 
33.107002293384454 2.2295942812121905 1.931092487534326 
54.007762437979686 2.0 0.7385335490046258 
32.781351656304025 2.0066348575575788 1.2188885587200313 
9.527336494624645 2.0 1.164917776701122 
11.711763502523146 2.008726320615062 1.3733512138884985 
25.690373574594613 2.0 0.6991586679506767 
54.51825219549926 2.8714975448936406 0.1399019186214936 
11.872133653670506 2.2222427710016333 4.690086276427404 
20.52518934115273 2.2437446304622237 4.0156808520875025 
2.6698425621267514 89.73140303666527 102.42079929759957 
2.0 21.55851883917465 0.0725280210410788 
4.821917936382566 2.019529548949705 0.7986542777234595 
19.672112128842706 2.0001236313156823 2.9085924467874045 
60.16491887592791 2.0373542377848493 0.5590401608192913 
13.317332213100256 2.1274265747899603 3.7511727638792065 
6.966117670036697 2.115780698948105 2.0479427778789008 
2.0 43.87378908965311 29.30070440152892 
22.959981220219966 2.0560015930422844 0.22853548114000422 
17.130276818837828 2.05827600214281 3.420632763946174 
7.5913933308099875 2.009418696493023 0.4914799336050102 
60.1757908110326 2.222007696490981 1.548739346871224 
41.70781973464954 2.019419964564256 3.0981091896853448 
8.60035208334098 2.0 6.674972824600236 
18.138727886070274 2.045108462936059 6.107899115263792 
18.45071616763 2.48101208601079 4.8620928695935675 
14.768567401167045 2.0031112140213865 5.504592178496075 
17.135271174995722 2.3007852416392005 8.380648677639874 
21.955365134225154 2.0 1.2178090755327755 
32.01877319696789 2.1126173581095187 0.3288980939753329 
11.593437910494387 2.300073884148636 2.4099492523379507 
33.24104261455048 2.4853257901882895 1.7551845345115604 
56.7082972450424 2.0129290266561966 2.1954236293080673 
12.317213158321266 2.054251218754737 2.7986750228442716 
13.478418635860917 2.123509663991753 5.278295099661645 
56.38788197281803 2.012554749222278 0.3906885307194208 
10.324924466989787 2.283344639084699 5.086305239646136 
9.539135840370779 2.0014719484661203 1.3370468179559634 
12.954638693389434 2.0106264103875784 2.328628959212295 
6.99137888047364 2.0 8.40858468058315 
20.985430340838725 2.0 4.105604518409772 
12.335407888952439 2.0 1.9753330320239932 
11.85508059211562 2.298390130391958 1.4383680185854057 
37.62045723418407 2.233576351125345 0.9202950502195772 
9.991697459795581 2.0 3.6481875848476015 
24.484753029853046 2.3528315638196013 0.28717786944262036 
11.318692389016977 2.0 1.1152929594034315 
22.9657428889904 2.059874117816514 5.750839713175174 
19.575188344170137 2.1433830259457003 3.783173070947157 
8.54417117089335 2.0 4.189266549117129 
13.225194788354546 2.318610420607342 1.6990200829033468 
2.4242988447759117 23.54509738468768 20.94333394270794 
9.126842370525722 2.0 0.6349826067741304 
2.0 34.6139391861529 18.114116796588064 
31.237094639038784 2.065018836087657 2.1029256381984105 
20.154788938631565 2.3149538840487827 4.500025127143271 
20.556160356773958 2.0 1.434008403650951 
14.371466511682362 2.39063494712369 0.9737655721384546 
29.824983936855787 2.0 2.6536453619907547 
25.138975551204894 2.102598889388635 2.647358298221399 
2.0 2.004404579871394 0.004656420591950483 
44.822681506772184 2.042924494572821 1.2295851398530042 
19.80008550044024 2.0 1.3433700577646672 
13.051258968413745 2.315924785841553 2.1592369986094155 
45.79245555429074 2.05613262028122 1.0613741773317724 
21.663712737223165 2.0 1.5590141603379628 
