2.0 37.75859915055206 155.34347252907034 
2.7215492595739876 43.80212517624065 81.02366634843517 
2.0 55.36458676904593 229.907607371616 
2.0 61.736774582308605 24.311450106129328 
3.2700000000000005 33.84197063649788 84.62372497989524 
2.8648440955535346 90.77065222428301 97.69598385289493 
2.0 34.06571072395473 0.0 
3.160213864805192 80.63970224008469 95.71760722034 
2.0 38.48784136156654 97.51985911448162 
2.478675814198497 43.04832980023834 100.07751796111977 
2.22716316986286 55.05232649805267 48.388454979801224 
2.0085717762893633 49.64683912923211 0.1743819779978013 
2.0 95.26881116293235 32.145283867523816 
3.0051928372030456 74.25278003395982 88.7577700144864 
2.9505717270065577 54.70689924027701 84.4857681924403 
2.0 30.643042521027596 0.0 
2.087176798079583 37.73957472538857 17.959844513053103 
2.0457340830942092 25.513293875572018 0.0 
2.0 2.0 1.9208519524907164 
2.61878471397798 66.59847313382718 64.45432246229001 
2.0 26.89608367219479 0.0 
133.5782153945716 2.0 1.9420302208444227 
14.700000000000001 2.400250347926968 6.605802854526149 
2.0732291844587443 46.83805509878235 25.686252396207067 
129.31592488007092 2.0 0.1911422522018471 
2.6233497999840276 88.12592224583717 42.52857882173549 
2.3976612201365883 37.73087031110749 29.286720143582098 
3.049885862561901 42.7412913555311 103.51241636449066 
3.034124670985216 63.53984913912183 69.22669898492045 
2.0 42.790371413788066 112.88146431853421 
2.0 67.86327334973092 23.259187772503665 
2.7237873570491544 42.79152414030698 80.59969184708963 
2.7506139077024434 59.479054156466184 76.98242879910183 
129.15324892122504 2.0 0.7811967129122159 
2.0242167260788557 75.65407789617183 48.55699074571075 
2.1678618643122998 70.96093227518347 106.64026830353708 
3.0104278490938854 72.26414446116922 87.71689218657123 
77.896189585282 3.227349406766561 1.0721652054148079 
2.811442402915733 35.71127027911399 24.131178973598868 
20.374879683822368 2.0 3.6728835228195686 
2.2663805668613053 37.097081688558234 17.662184985012896 
2.323624938472989 38.22852973342648 24.09285809133722 
37.784941176985825 2.579141513481055 0.4583128333575622 
2.2480447730846267 39.46849451849802 16.428495416667324 
18.452221868665426 2.0 8.463787423588277 
2.0 37.90285032057656 98.63356322495595 
2.8309777838396992 63.555890835965556 73.63802884022759 
2.667945081015983 63.341947673594234 86.23407520787518 
2.0 23.187839369413247 16.19405055530799 
12.338946308737249 2.356371392470344 0.4361255186850083 
2.0 70.71955341552527 25.331657853304893 
2.0 74.90596079632755 100.73725356489382 
2.628507645008623 76.60433609213368 105.01862628123573 
3.3206775730914377 86.57134343430283 100.88209347969133 
6.877253332680494 2.0282645364795533 0.1909949706593917 
2.65029713138862 42.08587236105181 82.66184539963818 
2.7286615527202294 77.5662546523445 102.58068736864487 
67.50258909809254 2.0 2.026885032137408 
10.245577912173276 2.0 1.4706704780222393 
2.0 34.8287156975488 112.66122758783646 
12.088176022109039 2.0 12.183201698834328 
22.546069843748896 2.3734605807797875 0.27856563008570095 
2.2296569411450724 71.74055276870293 38.433201730267754 
2.0 33.10524350129825 94.00583194031069 
2.0 42.19004718934107 92.88910219474816 
3.12825276872593 55.16616216167953 114.11030866170972 
118.1981036245297 2.0 0.7233377549380511 
20.62257425255521 2.0 2.6609047236746743 
2.0 42.894559304362545 16.062231389411057 
2.709444126683181 48.49555213486084 92.1505721069619 
3.1667697016104683 92.73138242990575 93.61456205475898 
3.395672404291492 59.53182893224468 100.09939709217646 
2.0 43.18950805860114 93.21393685703958 
53.5794240859408 2.0 1.7206866609685996 
23.059082990192007 2.0 6.188342361841371 
9.074044027780072 2.0 1.2156025894872156 
2.0 72.56433375875997 23.492484763697146 
28.35707879978353 2.0 2.864669823906326 
2.4893398562305817 62.537557273459115 103.66791735397746 
4.222999056735961 2.0 0.16549443685869614 
2.85375446068469 42.93169863126077 23.366091456153544 
20.73664559784669 2.0 1.6922571530665103 
107.96948400547603 2.0 4.15423652787421 
28.128048431254197 2.0 3.569250855004367 
9.29232537133826 2.0136345382698466 3.206470496109004 
29.706766563920937 4.074323702249625 0.09915061133040304 
62.291947116694615 2.2397534442163933 2.6503509920054045 
58.81593922449524 2.0 1.4685969622843371 
20.86690079706254 2.237998372089856 4.715534065396067 
15.014878269817064 2.0608097199510773 5.141089145288175 
15.05158561299342 2.0 0.05307937374997418 
12.558449184127703 2.575557784794494 0.7287091355260651 
2.0 2.0 1.3898181639393083 
28.485452582055593 2.271350042356984 2.1654411338744457 
4.501853489860807 2.053164566626076 1.9304165949492091 
10.813713888859217 2.196427746230484 0.05859728365440753 
3.309350689287775 63.5723802991292 51.452376743474645 
