3.3133231955025044 22.45461143923353 151.29611252056435 
2.0 91.42686529170942 0.003716509355854214 
2.0 166.31336499131436 0.3713160958881474 
2.179490407048193 47.032584342302705 0.8759506900245725 
2.002790691320425 17.8840648750071 46.894065302767615 
3.1766621806917863 16.527156851318242 0.0 
2.0 27.263851724727203 26.384416299244435 
3.598369424532108 18.17601824805007 0.09174366119067745 
2.0 12.408619288019587 17.430576713889728 
2.0 83.89401600129501 0.9622370839721937 
4.353519082813662 3.086666557615622 0.7727375154878506 
9.117625564426257 2.0 4.928480557631853 
5.38233050635771 3.5057108909983508 6.867989087716953 
10.175724119687935 2.0 3.991429230660392 
4.293260597380839 50.21234332072156 0.3543990970951358 
31.210289405589744 2.4748994174136882 0.438907505802852 
6.766533073356179 4.45252993422096 6.222347444983701 
4.419602087508432 2.0 1.903641954928473 
6.142450286134005 5.590101284385622 5.431883668959937 
2.3785890330704547 86.72847783747524 0.40580294643069303 
8.702738484479159 2.0 3.890022469072862 
2.0127764862000443 27.768491159955936 11.907345219871571 
7.049992584054489 2.0 1.124745544256716 
2.8668655377690255 5.0254810658234135 2.3594008317784025 
2.089905980260716 34.78376845649865 15.720337799092714 
7.309563921388379 2.0 1.0797752534556144 
4.2337372338601185 2.6097935227515467 3.0214578678164616 
2.0 22.14228283751437 30.749085300212425 
5.953143990685689 4.369733523257484 3.838795639329848 
15.226589274371353 2.7832592321041316 0.9556971205103673 
5.726906742256615 2.8612468189646445 2.7651706740098785 
2.0 9.084432457188182 12.609003396590184 
7.394445844100916 3.1656274722114617 3.1178368958324714 
4.364622482928739 2.0 2.045810683753136 
6.493614048543199 3.086572372913107 3.845433949195575 
5.57999254063207 2.0 2.7393796460675217 
2.0 37.55681717701398 20.468991955682277 
8.185250100882001 2.0 0.00418381057288611 
6.926705485080115 2.5397503614259933 3.4887102199122735 
2.0 41.6375514249585 0.47400030570736396 
7.439261579075076 2.9355649707728517 1.5105076947791733 
2.0515856974479445 3.509755685750857 1.3042094962976423 
2.0 21.913742625043103 24.29719071583131 
10.502147416487366 4.209968912445747 5.28122374274959 
2.233819604680468 11.344931546584846 0.9811357234742941 
4.208947668733375 2.0 2.08292771353534 
4.69965188867093 2.0 3.874995485468729 
6.468095798298289 2.0 1.0871931091201128 
4.37380898431863 2.0 2.3236815726328905 
6.486474595865993 2.6491478230194985 2.6655780873329307 
2.0 2.0 0.4650952170576197 
16.691926248174543 5.201350462141091 0.37855831304938947 
8.96109825068795 4.078586968983499 4.197104149085372 
2.2164558688504146 8.14873262418784 1.2175384364848723 
3.4941474576884963 2.0 1.7821310516315303 
9.035764110222953 2.0 3.788067096692057 
3.408428936802661 2.6432674043105493 1.7001884128277993 
7.031232598991879 3.071498129986368 1.3207136077805761 
3.750703627309967 4.651853160344068 2.217572314673638 
3.889360809784244 3.0936810668472474 0.28485988806434137 
9.46084775637014 2.37117923901772 5.123410722134331 
7.174771004787467 2.0 0.7072609671055601 
2.7654815821571934 2.513399124257289 1.1828140144340464 
9.879207470148064 2.0 4.430804993639105 
9.191078557232029 3.1680645985835407 0.16313206410064232 
4.779017729959315 2.742116890877032 1.3370395204776555 
2.0 10.59369107036002 22.567300581735758 
8.67550902129725 2.586968964367393 5.263060736064447 
5.875118919548045 3.7274769214178947 4.689669254379679 
2.2430148469249613 48.22760499711155 0.534589739366392 
2.0 18.471515463816417 9.176041606918234 
6.018728899704188 3.0732255774163573 2.3728523831155224 
3.7262842768451883 2.0 1.67607690551396 
11.12265928226444 2.0 5.167852835693182 
3.680505255114106 2.0 3.2013493748623962 
2.0 63.140314050364736 0.09114156234770032 
5.501626985897922 2.96642429681482 2.0611196560125897 
3.865422598682227 2.0 1.5220235693830082 
28.305077313575648 2.0 0.6262591486179068 
6.930605477359826 2.0 1.322933948547447 
9.407292466984629 3.7837845217201984 3.886991708840347 
5.181594008036362 2.0 3.5530587088678955 
2.0 3.051071133461374 1.511475559047024 
6.081910026536865 2.1273271396365026 0.9627208706129449 
8.841617797197998 2.0 1.2493692138690142 
5.431961098031113 3.308546816538173 1.4233604352285285 
2.0 71.88841127211478 0.9151160431725835 
4.905585915115825 2.628895841472192 0.7994242900901165 
3.0894460915446165 2.0 1.6712276671370576 
2.95685426306823 2.0 1.7571132875381577 
6.176230675466234 2.28094955819696 2.201820329431672 
2.3775373134166493 18.269527833116882 11.313478519919784 
2.0 20.932160162630474 0.6844889891461792 
5.395954457874756 2.2476977472083224 3.3054035942682116 
6.907135500404745 3.0648797864158377 3.210402601246915 
2.837399767695537 3.625580806403775 2.502218222862804 
2.8348691524682033 2.0 1.9796174038893941 
6.439438811117575 2.2143234467577173 1.3405312398979423 
4.1649406718843744 2.0 1.8759752518011512 
2.0 25.752907787326727 0.8288198108496373 
