2.0 26.095465081835826 17.446554114487853 
2.0 18.162752547489127 0.0 
2.0178541518769 13.470461667278212 15.41362603785551 
2.0 5.391046967466106 0.9278658792607141 
3.0462285244146847 37.23314424556039 0.0 
6.583308396294181 2.0 2.899808051020177 
2.114720732694278 72.26676170081109 0.6939998837975885 
11.174055497535628 22.96089809576986 0.37551068761831186 
2.0 36.33515838551942 28.83559930459562 
2.259295836300639 30.969747495176755 0.4536741944947351 
2.0 28.660058402256325 0.3911419347158714 
5.539569277571634 2.0 3.6040760116643433 
4.607332899850279 10.902861105812713 0.13256709900032093 
2.5630834550895667 17.497058301590393 0.0 
2.0 3.7682340132292733 0.8554456676785303 
9.131591810437556 2.0 4.187718558224407 
2.5653891778259776 2.0 1.300898528938428 
2.0 2.52825900775772 1.3008306495205164 
2.144668907298764 48.78404653720611 0.184528227732903 
9.441795377765478 4.436816393575128 7.045129352477253 
2.0 42.819942115464755 0.5021581703374158 
2.0533725769521967 3.0961399082667835 0.7343771391875386 
6.410172095590145 33.61042162796427 0.4343781866971596 
2.0 27.460888109153874 0.3705233640895048 
2.706710888260597 2.517813325868052 1.3928909290217808 
2.0 28.630767610651475 0.2951674374572499 
8.319748640519236 33.43742423341754 0.4196074637645957 
2.0 26.244649973724872 10.518196659385525 
10.30725939771699 2.0 3.8849808561029597 
2.896919456413997 3.09824199664693 1.9363107263758554 
2.0023470638725795 44.02697144483901 0.6763815458938479 
3.831679975938682 2.0 1.621691677989731 
2.5982090572398917 3.318532310163331 1.7187366794559507 
2.936691782137716 2.0 1.050375953423234 
10.698937543016882 2.0 4.820280148458853 
4.8367420561348755 2.0 4.038405567404664 
5.5135100972878845 2.4218010854424796 2.26074954117804 
5.874657702002695 3.7306127042218105 3.8888502677396293 
2.27523099217285 13.359372951386842 14.20420703267282 
3.4893219732783916 3.021193912019482 2.953989362345376 
4.790478855188626 2.0 3.953150271694703 
6.133927313378532 2.7386842554286934 3.9227800258425702 
2.296738100633988 11.150847827643336 13.064015569510692 
6.9585591057958265 3.8951689573394206 4.772363054111501 
5.193599837493174 2.0 0.023141075171900116 
2.767194796024817 3.3087000304204706 1.4559754873593627 
3.13803501962587 2.0 2.610813855528562 
2.463797045394404 8.796255717103408 11.967224962842861 
4.3911535030339115 2.0209071187785073 2.38483536402882 
2.286165868274458 3.0333369918510296 1.0854235265114256 
3.3514316683994605 2.0 1.2447592141357358 
3.9197483883942255 3.395563291198025 0.5843756852447957 
2.2822403097473667 37.16187048102543 21.498473675364497 
3.472648379519914 3.2222227385220403 2.588837958497877 
9.035194087261686 2.0 4.586603986499164 
4.22955316302979 2.6739697521535986 2.8279798145530375 
4.065175799229456 28.58881255996083 0.12891963473127777 
2.0 3.254160073427787 0.765690906624461 
6.0951700798095105 3.680491230156339 4.577613894730447 
2.8564600053550384 2.6834163444307766 1.9870640536143394 
3.062867243805119 2.0 0.9970531316332871 
4.1140221216323685 3.439831482323809 3.1245271564893837 
3.557611573912818 2.6823348424565254 3.175064483013991 
47.886583086737815 2.0 0.09407532319083274 
7.426861048390947 2.0 3.6107396201246105 
3.2419888575035145 3.2187371403609104 1.2857735100344165 
6.487788021445828 4.038740641094265 4.209141314205489 
3.3912724715603795 2.7554361768944458 2.0500310208127543 
3.402526960702824 3.335460640881888 0.9957160672712705 
3.038157576935072 2.848975756145185 1.7772755912433928 
2.0 36.920967001932624 24.412484764190857 
3.312719555146551 2.725308578148167 1.9151978367806375 
5.81982434990176 2.0 2.424321188483427 
2.0 3.1404578422386082 1.1975326604467482 
2.0 25.786823509516157 19.543754257030773 
2.0 3.136157144784548 1.0273774141766847 
2.8186005895743413 2.96399389643761 1.448891635334167 
6.668190176296953 3.90871087528049 4.944100276340184 
4.1932965507816 3.476209810507348 2.4664231863262147 
3.0396634274603715 2.0 2.0077296386983585 
6.755773332257872 2.711225621948753 4.037093681074209 
3.2225022640593872 2.3634747621886505 1.0788318933503924 
3.5776804282122083 2.5199999011671474 0.8563699189619771 
2.4659218011864894 2.970243396901889 1.5096376619820282 
2.545714424376193 2.0 1.4461458474687854 
8.751154415297735 2.828847103775849 4.870646038633829 
4.0513623283245135 2.0 2.9583786122135125 
2.689704909625846 2.0 1.9975164792543303 
3.859188875182793 3.4017543475972043 2.966147568669858 
8.672826495271888 4.417266866776265 6.4938210459197245 
3.0522043245699573 2.5043344027426673 1.1327874481588487 
2.646068747372569 2.8627843524135406 1.6078239753459247 
8.54897819342081 4.027230239542327 7.590908038298406 
6.810726153127249 3.9345062743629784 5.073893238489334 
4.525732426927582 2.0 3.7973735706337286 
5.275262924552012 2.0 3.4051465010587227 
11.290674469866456 2.0 0.128995038242389 
2.0 20.866865708423827 15.800875794366931 
2.3096111496336014 65.02095103662516 0.48159766032399653 
4.047475960261894 67.67401939358528 0.1220342504016379 
