2.0 8.953535980208017 162.49654138284728 
2.0 16.891677206633336 193.46387020659472 
2.0 7.378141705454301 180.7101469749351 
2.0 16.76932544216543 1.0818781738075407 
2.0111304332682227 32.183576987365825 1.0779942169416257 
2.0 34.46157709648301 0.9725026889291821 
2.0 25.5426578741285 0.7458961102117836 
2.084425342150155 25.55302425767282 1.2090180024746688 
3.993317638660585 25.092482218400537 0.733079266568151 
7.372446606442446 2.0 3.0849084319737052 
2.0 15.349824337391096 1.311446967039191 
2.219672862166763 24.812957417175237 2.5080935080559823 
2.0 108.22362809020962 0.9571023704281308 
3.6182789352016402 28.03022057507714 0.5427217402645703 
8.301584664739234 2.0 2.8802316374452896 
2.0 32.13188827410778 1.1949300527922662 
2.0 24.17486647405275 0.26956090485784756 
3.9316254848911685 2.0 1.4976930070782521 
2.0 23.43655907015549 0.4288338577372732 
2.7548646605392246 2.0 1.4034751532698848 
2.0 36.23259385369066 0.45816844201700935 
3.8002750667996708 25.071665529427193 0.39014218872467094 
2.0 13.884656219444992 1.3600400234183883 
2.886580843104427 2.0 1.5166940338972843 
2.355312476718346 19.09261919227782 2.305442488273904 
2.170447142653293 17.047860668335854 2.187702881282987 
2.0 19.45265839176654 0.6479663083762882 
2.0 23.32940358622528 0.28026244955911106 
2.084600278601001 11.358406757175363 1.6415068606880745 
2.0673644450076507 42.07971234402913 0.9076859235095524 
8.495425679553101 2.0 2.7395580540877065 
2.0 27.130304616716053 2.703955818195224 
2.0 12.53520487769379 1.4624322782849462 
2.2479524069265557 4.675332235967678 1.6376173808112435 
2.0 8.779627630712952 1.2280882291646673 
2.0 22.56223666369377 0.18265018754987328 
2.077255276225264 2.0 1.911068114508933 
3.810784700507556 25.890535209315804 0.386845162037291 
2.0 7.6602033386379 1.4354521193276633 
5.975923088680319 2.0 2.0523760785571263 
2.0 8.706885581374507 1.1418329877453388 
2.3583178693559756 7.360536029245934 1.4865953165174943 
2.2006209215937846 28.979694864811695 2.6776501220655606 
2.0311194740046847 2.0 1.534026059729488 
6.6224685623837685 2.0 2.881033301442511 
2.0 11.312352204449079 1.4160807342154067 
7.088827770174783 2.0 3.413240059248823 
2.042956038510167 2.0 1.7649302219910012 
2.0 4.987075760806602 1.8242304827628013 
