0.048381300000 0.368654000000 0.322905000000 0.324845000000 
0.115685000000 0.224160000000 0.185122000000 0.192000000000 
0.059049600000 0.351381000000 0.304520000000 0.306381000000 
0.050450300000 0.364641000000 0.318614000000 0.320482000000 
0.055630200000 0.355949000000 0.309333000000 0.311169000000 
0.069523300000 0.329046000000 0.280911000000 0.282501000000 
0.066365200000 0.336638000000 0.288591000000 0.289994000000 
0.040339500000 0.460002000000 0.429346000000 0.449563000000 
0.457639000000 0.029180700000 0.019190100000 0.021152200000 
0.452296000000 0.033513200000 0.021730700000 0.023833400000 
0.035234000000 0.463896000000 0.436447000000 0.456859000000 
0.181615000000 0.165935000000 0.131980000000 0.137726000000 
0.223310000000 0.149508000000 0.115053000000 0.119440000000 
0.123436000000 0.216460000000 0.177759000000 0.184152000000 
0.028121900000 0.470905000000 0.442557000000 0.455923000000 
0.468663000000 0.025926500000 0.016817300000 0.018207100000 
0.073998900000 0.301489000000 0.261398000000 0.271662000000 
0.550096000000 0.001812590000 0.001152440000 0.001665910000 
0.481035000000 0.020605200000 0.013175500000 0.014290300000 
0.040877300000 0.449320000000 0.422457000000 0.443232000000 
0.064027300000 0.340839000000 0.293655000000 0.295836000000 
0.067027100000 0.333072000000 0.286902000000 0.291698000000 
0.114925000000 0.229605000000 0.190296000000 0.197537000000 
0.042187700000 0.382247000000 0.337651000000 0.339905000000 
0.022509100000 0.486364000000 0.460278000000 0.472524000000 
0.382216000000 0.060113500000 0.041649200000 0.044640300000 
0.155234000000 0.187192000000 0.150201000000 0.154972000000 
0.033014300000 0.467794000000 0.438815000000 0.452573000000 
0.283442000000 0.111003000000 0.080993700000 0.083260300000 
0.239726000000 0.134080000000 0.101168000000 0.104430000000 
0.026924600000 0.476274000000 0.448684000000 0.461743000000 
0.389863000000 0.055969000000 0.038497100000 0.041387300000 
0.135205000000 0.205788000000 0.167684000000 0.173487000000 
0.417638000000 0.043749000000 0.029449700000 0.031354100000 
0.175471000000 0.170074000000 0.135736000000 0.141604000000 
0.301806000000 0.102296000000 0.074085200000 0.076178900000 
0.272268000000 0.118167000000 0.087750400000 0.090138500000 
0.232842000000 0.138997000000 0.106575000000 0.110112000000 
0.224903000000 0.142813000000 0.109020000000 0.112811000000 
0.266729000000 0.116075000000 0.087700800000 0.091981600000 
0.407949000000 0.051674900000 0.035272900000 0.038073700000 
0.427757000000 0.040603500000 0.027094400000 0.029690000000 
0.071734000000 0.314961000000 0.275435000000 0.285751000000 
0.215707000000 0.152736000000 0.117952000000 0.121441000000 
0.245317000000 0.131697000000 0.097464500000 0.100622000000 
0.373279000000 0.066430500000 0.046489900000 0.049536300000 
0.523723000000 0.007688170000 0.004794940000 0.005808240000 
0.046991300000 0.372285000000 0.326824000000 0.328862000000 
0.397184000000 0.056047800000 0.037467900000 0.038500700000 
0.437196000000 0.038204900000 0.025357600000 0.027811400000 
0.254214000000 0.125939000000 0.094033900000 0.096825700000 
0.061286900000 0.344792000000 0.297814000000 0.300832000000 
0.119792000000 0.219975000000 0.181126000000 0.187765000000 
0.415068000000 0.047950900000 0.032528400000 0.035333400000 
0.259401000000 0.122226000000 0.091041700000 0.093845000000 
0.142309000000 0.198306000000 0.160607000000 0.165934000000 
0.085151700000 0.277116000000 0.236983000000 0.246308000000 
0.497431000000 0.018709500000 0.011729300000 0.013213300000 
0.498585000000 0.012759000000 0.008057370000 0.008980380000 
0.080007100000 0.289498000000 0.249561000000 0.258973000000 
0.053236500000 0.360492000000 0.314164000000 0.315981000000 
0.126693000000 0.214277000000 0.175702000000 0.181962000000 
0.236974000000 0.136699000000 0.103707000000 0.106519000000 
0.024188500000 0.482936000000 0.455937000000 0.468925000000 
0.378456000000 0.066385100000 0.044980800000 0.046621400000 
0.095565300000 0.247048000000 0.207170000000 0.215326000000 
0.042034100000 0.397555000000 0.354435000000 0.357083000000 
0.327543000000 0.087717400000 0.062200000000 0.064018200000 
0.367119000000 0.070671900000 0.049832000000 0.052920900000 
0.442854000000 0.034794300000 0.022928900000 0.024736300000 
0.073466800000 0.304342000000 0.264321000000 0.274552000000 
0.332593000000 0.083764100000 0.059008000000 0.060593100000 
0.078916500000 0.292216000000 0.252323000000 0.261835000000 
0.072713400000 0.315953000000 0.272217000000 0.280151000000 
0.307540000000 0.097196400000 0.069963600000 0.071861800000 
0.155076000000 0.197115000000 0.160095000000 0.166516000000 
0.298523000000 0.103165000000 0.074373900000 0.076248200000 
0.081326000000 0.284520000000 0.244524000000 0.253904000000 
0.024594800000 0.478431000000 0.451321000000 0.463823000000 
0.198831000000 0.159185000000 0.123988000000 0.128765000000 
0.044831300000 0.380748000000 0.336837000000 0.340452000000 
0.272726000000 0.112373000000 0.082575900000 0.085084700000 
0.072768700000 0.309793000000 0.270591000000 0.280093000000 
0.508925000000 0.010838900000 0.006964920000 0.008268520000 
0.161603000000 0.181728000000 0.145171000000 0.149764000000 
0.037340200000 0.459560000000 0.430612000000 0.443711000000 
0.192587000000 0.164960000000 0.129311000000 0.134460000000 
0.357512000000 0.074855300000 0.052469100000 0.054232900000 
0.479966000000 0.023240200000 0.014991400000 0.016592800000 
0.046317100000 0.375894000000 0.331499000000 0.335192000000 
0.350184000000 0.078809900000 0.055060000000 0.056509300000 
0.135691000000 0.202309000000 0.164410000000 0.169969000000 
0.319154000000 0.094228800000 0.068874900000 0.072504000000 
0.164830000000 0.180663000000 0.144166000000 0.148729000000 
0.208045000000 0.155579000000 0.118316000000 0.122650000000 
0.203362000000 0.158318000000 0.122831000000 0.126406000000 
0.291851000000 0.108401000000 0.078724800000 0.080813400000 
0.174992000000 0.173688000000 0.137744000000 0.142066000000 
0.533349000000 0.006053380000 0.003858750000 0.005058990000 
0.535480000000 0.002590860000 0.001644570000 0.002097330000 
