70.5362883517778 2.0 5.462033852076936 
4.824906808827084 2.0 2.8212036881893217 
69.11920278511654 2.0862207140213798 4.772077584176894 
67.70902471728431 2.0012922815434457 5.206590899905308 
75.34609317060693 2.1891837443136555 4.871104508771243 
84.41176838200926 2.101620362311506 4.1309733131440005 
92.39517679232029 2.4141659652937624 4.351448371382407 
17.87647423422254 3.1383945388481083 10.39750482431963 
18.846228509043947 2.0712843056139745 0.4280987852589806 
11.667080061208537 4.257137018734001 0.45704376958311493 
11.584753490307973 3.1961823702919614 15.406403350810201 
4.143103964769155 2.1743273921705533 2.09299852287686 
2.0 2.6365861958069665 1.8076137367584886 
5.27368274760728 2.0722877965255337 2.6924244569466333 
57.24178681540226 3.52331213661689 9.890574369346123 
32.457315970643556 2.8294696168697238 0.3945308589784411 
5.625100143717434 2.2515946538793434 4.533993957149613 
2.0 2.6379520877066636 0.001677591656013444 
21.24587256385217 2.6998990379595647 0.3781168890992692 
7.1355156971439655 3.1815609885652285 14.796323878330485 
75.2851749695279 2.4176095384070666 4.4205905150321945 
23.47210132690948 2.0 4.338385932817388 
4.953163635559147 2.434181885143159 2.9173776489998406 
66.58193020509943 2.0042045194605067 6.0634251486773625 
41.19596000914667 3.7884084011183545 14.027544347928504 
2.0 2.0 0.9712597558320981 
5.018890794967888 2.1841950959156295 2.283487622820168 
70.41955469875998 3.6995049745163966 9.16515303876958 
4.413610238363544 3.246995813069576 1.3425547896668735 
3.9535495444385216 2.651421211125994 1.5686224994640416 
61.012291318009815 3.638069872412135 10.572971985073949 
2.0 2.164053425163143 0.9210568140978815 
4.587750892366149 2.4425768335815468 2.54539582103997 
34.65368283650065 2.1451564135518812 0.6170748572387559 
4.319663497513699 2.196494988992766 2.1302833285094844 
2.3503198094393256 2.7263537672097033 1.3254458436995795 
5.106628844996779 2.664551642005452 1.4163886618838397 
5.161806443470719 2.2276602800796543 1.7204441853264 
4.428282655256903 2.6838335254350634 1.6609748827083228 
3.8079583180384606 2.082416573066419 1.4919870306334788 
2.0262651244711782 2.458070572796868 0.8690317125151239 
2.0 2.0 0.7309971090326721 
6.111080767875607 2.227059717745254 5.059242463079699 
4.752789245021414 2.694150182684997 1.7396456070518358 
2.5485311107946447 3.227317799491075 1.5852097399847889 
2.0 2.0 1.0408427129490918 
2.0 2.547168919312506 0.2321107190190903 
73.10303161985259 2.0 5.509889054230048 
2.0 2.511004634146783 0.8734496455330399 
2.0 2.0 0.6990356001746482 
3.5920460304826447 2.5371791244451676 1.484877484226638 
57.68201699881632 2.1982858769315223 4.475499937681609 
5.300785646337167 2.295589394587471 2.7577116831496964 
2.0 2.3704497891944656 0.8225024123249494 
2.0 2.8352785804752236 1.5243314716844039 
4.676832116298183 2.277521654661261 2.4347454761553946 
4.634236767085432 2.3077369314295315 3.992697700509276 
2.0 2.0 0.43369252120498586 
19.332993649337503 2.758439522309079 0.23949726650815173 
5.409838249917467 2.0 4.392115009336632 
68.48378879041631 2.0 5.076669717960118 
4.930808255426383 2.294278602344385 2.677251491093705 
5.278214971213175 2.739575069867918 1.5842548137617571 
65.69538843159415 3.7563622079112333 11.404050610101924 
2.0101410123792642 3.5476883869887477 0.9098381705128792 
5.307657002081472 2.1185200395012873 3.244854630238764 
68.43038053868256 2.062522019913146 7.017100845788242 
2.0 2.8447825061078436 1.172584018307303 
2.0 2.0 1.0908052424761423 
31.05967884026182 2.3151247681182 0.5257390168681069 
6.039845438867105 2.2511223619067136 4.630093841165179 
2.0 2.905363924901336 1.1425555231843336 
4.817626790277174 2.2618553822668135 4.484891967832378 
6.758130584534247 2.24035389127265 4.627048307032326 
2.0 2.846027958340039 1.2780224480519609 
5.823126477581182 2.3170597023459147 2.397767241964882 
3.8428938782221365 2.919455476240171 1.2574329984246313 
5.109718443955472 2.173871797621416 4.234506525355969 
46.40721466372704 3.6592608197792864 11.619896390984376 
3.631144185210225 2.7428491377814312 1.8286485471407523 
43.80775074289768 2.1738503263678126 6.207952808676067 
2.0 2.884165310574635 1.4233781213945624 
4.630587692043772 2.2398165537739887 5.203143722237774 
7.199143823326459 2.6280792365763705 0.2517002631795988 
4.969819744398114 2.4970696868075364 2.2144417130794602 
13.257335685989366 4.001173172067123 11.395713681854396 
4.4990785090112295 2.560712576610898 1.8836688585674033 
4.779782406867568 3.2950105321379075 0.9948383811385249 
17.55621485041334 2.241472841983662 0.37427728496858625 
46.82172250752018 2.1516399075653583 5.896139276834182 
2.0 2.6246996525398765 1.0969170871106613 
4.9003139473493045 2.2608765843510286 2.4868131082910843 
4.974290864310445 2.469905381807775 1.2487670120458638 
4.624499493666994 2.1655917327337644 2.211524952833152 
3.1117776591024806 2.694578594419235 1.8245687417799568 
4.78602421985857 2.830569343940056 1.7893417807782144 
4.245969553799151 3.2691981920744464 1.3055902730452347 
4.809886986342592 2.10477403110709 2.1207489640337878 
2.5663132264884756 2.6421107351234396 0.17367837835275468 
2.1216754196688514 2.7571809450560947 0.0856072992449197 
