38.042099305675215 5.297235290376399 0.07808725382236395 
6.399219313325105 2.0 3.814440494692344 
3.1953118777722693 3.231718636115478 1.9978860409132508 
2.0 12.449882888891956 12.74714268700551 
2.0 55.95889207744726 0.2988580054394463 
2.0075466519766887 35.649544135832755 0.09693600390160814 
79.94189546724411 2.0 0.18506581143972978 
7.074923181585201 2.524797275094811 4.463308669066338 
2.0 16.232555591247653 17.809054567373554 
2.0305061309911125 21.39596758125022 19.88157974276047 
6.404527231343438 2.7092354299495334 4.215269134846242 
2.0 21.642050191782396 21.664858060207358 
2.0 12.68484047887208 13.4636630492799 
2.0 55.13578637330287 0.03629261681738072 
7.456860592691253 3.135043208977648 2.7729519039138073 
2.0 18.204790871834966 0.0 
2.7199921557078426 2.7058144851945345 1.1101674921100804 
2.791991371278627 2.776395933713988 1.2211842413210885 
2.0709096656118855 2.9688550024175497 1.2450329429344995 
2.0 3.2119482511135904 1.2705801412017395 
2.968003910547723 2.220571746377442 1.2025671899528705 
6.924159366102935 2.0 4.114275819274458 
2.0 3.4722857231528104 1.1094888520719137 
8.642334652284589 2.0 4.008974887586811 
2.237453961219614 42.825457060312004 0.48675785301557734 
3.4029497764559498 2.463489279008947 1.3676788879844644 
2.0 37.66581614313861 28.485970678705367 
3.242280112986369 2.0 1.297342288140491 
4.753083735025951 3.082349213359244 0.7063634465570553 
3.1449246861119415 2.7706403768967025 1.2037049425966084 
2.754687000195092 3.251125085779125 3.034983611045433 
3.366205237424392 2.5207403207849506 2.452494568815865 
13.304517814731332 10.317753177394854 0.22932163091149083 
2.0 2.9084593743788845 0.5787746408695686 
11.239660819002298 23.9244056687699 0.5162694897039475 
2.5072730114517463 22.35778957970708 96.16850078345146 
2.877290372963873 2.6489411636038103 1.3371624897460184 
2.429120775012512 3.2289406851431925 0.9765546150433844 
4.333800829060103 3.0067198987562063 0.9323452337261646 
4.965154039725094 2.0 3.24602095527176 
2.28605818912662 9.447809623707048 13.488734424159398 
3.4608376438777424 4.058020524306438 0.8556982004183038 
3.318593083302993 2.596379039740037 1.677634209129718 
6.415674252363962 2.421227162234011 3.523440808175212 
4.3963224799346134 2.0 2.7405549204061237 
2.231122149043547 2.8030525433514106 0.5775886029455712 
4.449515572469641 3.209446877742644 3.07166291239447 
2.5295357455631073 2.4330992990191618 2.6163279416947662 
2.7412081635709162 2.0 1.960510390404944 
4.349757467070804 2.5804995046046777 2.6677188703102996 
2.426844204313542 17.05614413747874 14.862099872344478 
12.197355171428306 2.9818131427810943 0.8476071199230938 
2.208097531641595 3.1352595579897975 0.8012262504674479 
4.156502055829746 3.650422745398812 4.2743350934018896 
3.079543699368675 3.370541361042091 2.230233721520014 
10.295758639006339 2.0 5.619687067004263 
5.869148032261868 3.3730148920796976 3.913293820827868 
7.320002637575485 2.1823275514632146 2.881225852474298 
2.6235113046558753 16.921145003773134 99.19432758726326 
10.372806727832785 2.0 4.376311167166284 
2.515253713551515 2.0 1.5263603148630356 
5.858696779130732 3.3055276660303905 4.919128705389462 
6.642533501483184 3.140302474664228 0.997437319673157 
4.177282198159251 2.0 2.223723401726151 
7.383277427002084 2.0 0.8825842699593585 
9.02909769210624 4.283834509860414 4.628287183292382 
3.221706317142521 2.8422900951766485 1.5434281152578304 
3.544480833472041 3.694656998237291 3.1027966144667283 
4.016473445641214 2.7308851655525728 1.3920351772822064 
6.914740186147978 3.5990304917102183 3.313759285941151 
3.114031215170186 2.922356712179143 1.5890335417770918 
4.455303451063935 3.2334184099175856 0.2665737031032265 
2.5136238259676813 3.199565580295455 2.2647182694234034 
2.0 45.901393625116725 0.47541314681401553 
4.430536118528476 3.2819738440070845 0.8306666365365489 
3.434747248442679 3.955480250190967 2.08451815674891 
7.023005329789568 4.320560317013248 4.854228143199621 
2.0 3.3180941491707827 1.0376818168323958 
8.556355398754771 3.9066448178743935 4.054151980914361 
3.102172934809228 2.8164797634971706 1.5622722833218274 
2.0 2.6264267303409516 1.4808756082930388 
44.99382750107697 5.601380366377936 0.11349659352379504 
5.203120479243744 2.0 3.73322310213271 
2.881237257768048 3.2943995254053853 1.977329299745651 
5.33672169090369 3.016537617836637 1.3070762512633736 
4.105025176563115 2.8826030251707784 1.931574146615628 
4.06044970032735 4.052277520892193 3.7176526623439687 
3.4031994008388993 2.0 1.0775183353759061 
7.272589681324263 3.513544368471116 6.490228810350519 
2.0 2.0 0.05052898567200259 
3.036541698414501 2.0 1.0210771569826012 
19.04018393941646 2.3651102104463284 0.02766213627319547 
8.831524978061374 2.0 3.7806508722551784 
2.25738714017605 13.415122663500577 14.395573379827264 
2.0 25.62182674168732 25.054776626994368 
3.5464181161743547 2.0 2.7335431716558882 
2.5474896715525546 2.6433043115008457 1.7588485991474396 
3.884605141056707 2.5070859618713297 2.759450964548676 
5.84912134957642 2.851096678379552 3.503073931951996 
5.209937857795083 2.0626363201308515 2.8221235768218715 
