0.037403600000 0.439769000000 0.435498000000 0.458955000000 
0.032377700000 0.569907000000 0.562478000000 0.573757000000 
0.052131700000 0.369631000000 0.363024000000 0.386202000000 
0.033295600000 0.552942000000 0.547334000000 0.559951000000 
0.049182400000 0.404498000000 0.396819000000 0.420592000000 
0.033133000000 0.568107000000 0.560229000000 0.571551000000 
0.043325900000 0.419763000000 0.413727000000 0.437842000000 
0.050822700000 0.382789000000 0.377691000000 0.401058000000 
0.037767900000 0.432808000000 0.428225000000 0.452059000000 
0.032247500000 0.573752000000 0.566799000000 0.578276000000 
0.032130200000 0.573760000000 0.566808000000 0.578283000000 
0.031962400000 0.573877000000 0.566916000000 0.578388000000 
0.035052300000 0.448242000000 0.444369000000 0.467443000000 
0.094320800000 0.213652000000 0.209851000000 0.222826000000 
0.037468000000 0.435009000000 0.430181000000 0.453560000000 
0.033680900000 0.548083000000 0.541836000000 0.554539000000 
0.276815000000 0.075853100000 0.073489400000 0.082322600000 
0.040385200000 0.421365000000 0.416370000000 0.438083000000 
0.239775000000 0.096966800000 0.094585200000 0.104869000000 
0.035811400000 0.440865000000 0.436459000000 0.459465000000 
0.474242000000 0.027829400000 0.026859000000 0.031207600000 
0.071885100000 0.258329000000 0.253281000000 0.265889000000 
0.361217000000 0.038970600000 0.036375000000 0.041238200000 
0.033336600000 0.552897000000 0.547289000000 0.559904000000 
0.071034900000 0.262169000000 0.257028000000 0.269629000000 
0.064626200000 0.272396000000 0.266321000000 0.278853000000 
0.152730000000 0.161990000000 0.159948000000 0.172922000000 
0.163737000000 0.159734000000 0.155010000000 0.166706000000 
0.061273600000 0.291992000000 0.282105000000 0.295653000000 
0.358288000000 0.049748100000 0.047857200000 0.054669400000 
0.641918000000 0.000706945000 0.000408840000 0.000492373000 
0.035585900000 0.446694000000 0.442690000000 0.465787000000 
0.035098100000 0.447967000000 0.444084000000 0.467137000000 
0.076028300000 0.224660000000 0.217250000000 0.229801000000 
0.037797500000 0.428815000000 0.423901000000 0.446802000000 
0.194787000000 0.124138000000 0.121301000000 0.132665000000 
0.049395600000 0.395060000000 0.387138000000 0.410034000000 
0.556484000000 0.018339400000 0.017059100000 0.020445300000 
0.073873500000 0.245695000000 0.240933000000 0.253618000000 
0.257898000000 0.086133200000 0.083836800000 0.093299800000 
0.103986000000 0.173248000000 0.168708000000 0.181670000000 
0.033946000000 0.547877000000 0.541617000000 0.554322000000 
0.172613000000 0.142629000000 0.140169000000 0.152573000000 
0.053638900000 0.293091000000 0.284451000000 0.298448000000 
0.070084600000 0.268122000000 0.263358000000 0.276181000000 
0.063054600000 0.280089000000 0.270595000000 0.283449000000 
0.318058000000 0.052315300000 0.049070000000 0.054809200000 
0.045012000000 0.408458000000 0.401720000000 0.425529000000 
0.637492000000 0.000553843000 0.000434651000 0.000536982000 
0.293129000000 0.075261600000 0.072920300000 0.081647500000 
0.208433000000 0.112493000000 0.109808000000 0.120797000000 
0.034751900000 0.547404000000 0.541204000000 0.553491000000 
0.090072200000 0.219642000000 0.216085000000 0.229139000000 
