27.85054574764485 3.3116050256690475 251.02568748238974 
3.396001688009429 37.89210271772923 197.51912592193133 
10.220023801045743 2.0 153.71592758018565 
2.0 41.09146555068607 188.5935917362216 
6.278598636986821 2.8975481274733426 227.69350289237852 
3.436139420622588 35.26384553965488 196.61479884408575 
9.716500643881197 3.3666751496715124 253.62791686814433 
20.466594138865165 2.0 253.7052598529333 
20.228630395823075 2.790179086147533 255.0969173713745 
3.2344246957651315 43.35100685341953 194.41332970660574 
3.1691890058304812 43.514444573699905 195.38454300120029 
3.097526945466066 45.57483187449634 217.88469472446516 
68.55301594000244 3.102282013427427 115.19999999999999 
47.03069563694553 2.0 2.824877405379608 
20.631556427225533 2.5333352558752686 256.0 
2.0 34.95500402017757 134.6286093892328 
22.311428618882424 2.057328805236486 1.2345971793077488 
29.761152627351308 2.5148689872879975 14.494296370502923 
40.492644421992026 2.0 1.4230933859587456 
39.062970646281954 2.942789888303051 22.118652954353323 
82.80318266790584 2.2512712817371514 0.6232985220015426 
36.237412798599266 2.3782022971111925 3.7334326985222015 
6.151997790183373 2.0 0.8954648138301102 
2.0 41.56748966706874 144.7083412578382 
38.18141007632387 2.4096787324827598 3.839358553704179 
18.71145152372607 2.0 4.246934216327619 
102.5636971610111 2.204225020569531 2.0317792302391475 
26.132390243373994 2.5584577343122663 2.0287960812109413 
5.547901467409124 2.0 5.8415328326131215 
37.827979214823515 2.0553040255322017 0.9246774024800573 
2.0 2.1648062879522314 0.1360257958320119 
55.01467823810489 2.60420900566969 74.3637337222922 
75.55139103829381 3.0161242344683457 30.236804434122746 
6.045999322791957 2.2586883361846173 3.301724755199002 
21.075586402251457 3.3608996031835394 18.14997717991841 
32.2865762734868 2.0 1.6796899870395983 
5.616070824742135 2.5312532325502795 15.049736439025601 
98.4938653541115 2.075026280079274 0.22611250341016204 
39.95838189166056 2.003395775518757 3.4649431648546125 
30.30476636326755 2.0 1.350570604695581 
10.333999658729002 2.0 2.3629085043106315 
2.0 36.43029063372859 128.0 
72.55446303163585 2.103130734290882 1.8915583770577358 
8.027699226077756 2.0 5.692627339155058 
70.4834524775105 2.111387140354405 3.9371834664517813 
6.485066664830555 2.1723645787770605 5.135708110860359 
3.929768691622829 2.024028874969458 1.059396022864237 
8.072813182095617 2.97693611246746 18.043888885580248 
2.0 3.6536997945883423 0.00833636177331698 
34.54128950803654 2.0 1.2114884698408817 
36.379774114285 2.295149275495506 1.5828673961479751 
2.0 36.708076045012234 108.49656464441051 
67.08870438464484 2.1109360849691754 2.8357386487450027 
