48.524154987923076 2.0 61.22514515515033 
2.4356413133455272 6.009402519568425 128.0 
2.0 12.855926779627161 135.29767138054396 
2.0 23.130489242176985 128.0 
2.0 11.156968205488464 114.97672279372188 
2.0 8.686310668638878 0.0 
2.0 8.166102928039848 0.0 
2.0 14.97174298613335 149.4206188365461 
2.0 3.2024214317422093 157.96576997712668 
2.0 14.154805653786774 0.4689147649147998 
2.0004454561007243 12.381385231773038 0.1828652981537172 
2.0181098381538685 10.19528311709721 7.343862473160421 
2.0 20.66780845914576 0.0 
2.128738030595048 4.0247211369675915 1.9909331261882826 
2.035480077769552 2.0 1.3092036430141456 
2.0 10.67510743883812 10.300698115090565 
2.0 10.27174818364438 0.37464891501626707 
2.1727341353359075 8.431994933612922 0.5370632809244718 
2.0 8.682263866764607 0.9429147862738851 
2.0398598337540417 13.026512952687575 9.40068962909245 
2.3818811197081127 4.897607856732632 0.8244874074270842 
2.0 2.0 0.7643210729982428 
2.109033301330472 3.2792738569039024 3.977151384202461 
2.4331482824460653 9.453643337962998 0.8362986757872287 
2.297935313528855 9.235768240473039 1.254993208385785 
2.207580584445614 6.7146781007312395 1.004290393463532 
2.29241838172889 8.595630713766875 0.5605767444607732 
2.0036363856368262 2.4976118748940253 0.5274052774389312 
2.0 5.006928506720769 0.614172867587151 
2.0050884438933276 3.6934869146583953 1.8859710600732815 
2.0 20.35712455997053 0.4346431772983686 
2.0529201893034403 3.5117100984230243 1.4583232988062993 
2.0020561250243074 6.0928821994284235 1.433954259017988 
2.0019399892919596 12.971629765468725 12.8 
3.0059287286504333 2.0 0.2515738796628008 
2.1600152921502334 2.246767194174939 0.5830685778479863 
2.0 10.229731211375501 8.314037337917483 
2.905239664820062 2.1736402477366608 0.3123901464863337 
2.0 4.142848272705052 1.683622351578412 
2.266212274611358 4.092420974733918 4.653688360900212 
2.481234217887957 9.65631528740823 0.8291712808492068 
2.0 4.655754607727418 1.0484104128435903 
2.0460779478392874 3.938087396028597 2.221798688548478 
2.0 6.00840391976684 7.047102299035862 
2.0 6.172350289046217 1.6947620522943323 
2.0 2.0 0.4080598981833169 
2.080166801493745 5.510928765732177 4.829760151002549 
2.3852539084152324 2.0239073030641235 0.11824039627465621 
2.094993982308566 3.2426173164075482 2.640437103657987 
2.462638845339431 3.9122021440317933 1.3331846775697034 
2.019601291298701 2.2170463380564183 1.0963632328165531 
2.0303584081986457 35.309973752816155 19.596548964755733 
2.000646275216438 6.047422941087126 5.548980960710115 
2.0 30.59944590088086 16.447274187181705 
2.462841764516838 4.010822746506117 1.211697466784419 
2.0 2.0 1.1336714795885137 
2.075591778283143 3.2649131164582963 4.9374456759425405 
2.198785357142227 2.8733997636381323 3.289786276005789 
2.0 4.254160067752727 1.106441564460121 
2.423847774274453 3.8522213337297124 2.423069611778329 
2.264556094668399 6.169205762605075 8.93249531931626 
2.257804178811655 3.901363094134247 5.095452680258822 
2.0 4.178060131325585 1.4007883819228668 
2.169259994689606 3.9049647112485983 0.6392051652136427 
2.0 4.433767832837256 1.1379326928269582 
2.4677763589687 2.964970800436145 2.9418338898097924 
2.0 5.867880873591546 6.076047078796918 
2.9082017969319054 2.0 0.7890756675006168 
2.0 2.189166255357687 1.4213166167651512 
2.2617950004771044 7.560787155831551 0.7238923294891871 
2.013250243142812 3.874384567091119 2.006481346155593 
2.6445910931606873 2.0 0.8074654344665051 
2.0 2.0 2.029679318466016 
2.007585803763975 3.977616616517433 6.775287058827429 
2.2103302247463437 11.786396036796479 0.4415076553470764 
2.0159376756246554 4.065369185112935 1.6006827607523517 
2.0227130936484237 4.051954170008899 2.063914644659403 
2.0076232636203852 4.993090478039992 1.2168414612389398 
2.1886543834212566 4.056733369945597 0.27609837599551185 
2.038637571585771 5.552862292974821 1.3063682901634617 
2.91144901073264 2.2084177035416643 0.592304130261794 
2.0 2.0 1.3457089445177493 
2.1863328799280155 2.0904302655487217 0.21392921589198766 
2.4428038017902542 2.0 1.4493418478087914 
2.065764603002917 5.606474431312847 1.4931897236746412 
2.9365839843753565 2.155929864548439 0.5618298520569369 
2.020717177276166 2.0 1.5956864301046563 
2.0 2.0 1.2360825586230537 
2.0065450810038583 4.089647435984304 5.3213826580658194 
2.0 2.0 2.078677930871409 
2.120372137603484 3.5128496573084647 2.134502870828383 
2.0 8.411123631139796 0.299308873497061 
2.0435091824018836 4.134197663608168 2.148657955097947 
2.0 2.0 0.9041829397458867 
2.0 2.0 1.5048279717801927 
2.0069506540307067 4.094563596825981 1.6522637959589215 
2.0 3.550494490067835 1.5546196735502331 
2.115957544042912 3.604276328349072 4.0961493298273455 
2.0 4.272754845458231 0.9003871568872 
