0.005998610000 0.169216000000 0.142806000000 0.149124000000 
0.005019660000 0.171553000000 0.144781000000 0.151077000000 
0.007057190000 0.165726000000 0.139177000000 0.145597000000 
0.007878780000 0.165630000000 0.138710000000 0.145139000000 
0.004617690000 0.178078000000 0.151364000000 0.157711000000 
0.280050000000 0.000056940800 0.000005178410 0.000002959730 
0.123333000000 0.028285700000 0.022136600000 0.023235000000 
0.067045700000 0.060134200000 0.046748800000 0.049332700000 
0.034799100000 0.090533900000 0.071306300000 0.075465700000 
0.020543100000 0.119297000000 0.095675700000 0.101166000000 
0.071355300000 0.056543700000 0.044168500000 0.046328500000 
0.136640000000 0.023803700000 0.018735800000 0.019630800000 
0.025651900000 0.105840000000 0.084862400000 0.089369800000 
0.014130100000 0.134663000000 0.110426000000 0.115971000000 
0.077144600000 0.052877800000 0.041276800000 0.043268200000 
0.059598900000 0.065491800000 0.051019300000 0.053908900000 
0.018587600000 0.125433000000 0.102626000000 0.107829000000 
0.015210600000 0.131629000000 0.105303000000 0.112252000000 
0.021287400000 0.115744000000 0.092549200000 0.097896100000 
0.107615000000 0.039242900000 0.029977100000 0.031912300000 
0.010693600000 0.149440000000 0.121726000000 0.129174000000 
0.013319000000 0.139554000000 0.112581000000 0.119770000000 
0.058521700000 0.067689100000 0.053194900000 0.055882300000 
0.008227350000 0.164395000000 0.137543000000 0.143946000000 
0.069110400000 0.058013200000 0.045344300000 0.047568100000 
0.211097000000 0.008405070000 0.006414860000 0.006827790000 
0.031641500000 0.095628600000 0.076137300000 0.080226300000 
0.063422200000 0.062361300000 0.048514700000 0.051214200000 
0.245749000000 0.002747570000 0.001915700000 0.002035730000 
0.030821800000 0.098026800000 0.077825900000 0.081957300000 
0.201782000000 0.008844810000 0.006949510000 0.007293390000 
0.267506000000 0.001171640000 0.000706845000 0.000728260000 
0.007095340000 0.167759000000 0.139131000000 0.145857000000 
0.052481200000 0.072346000000 0.057008400000 0.059932500000 
0.044986700000 0.089373200000 0.069736300000 0.074218200000 
0.012089700000 0.147439000000 0.120956000000 0.127984000000 
0.019123600000 0.122211000000 0.097727500000 0.104074000000 
0.273635000000 0.000309647000 0.000198445000 0.000209569000 
0.013712400000 0.137900000000 0.111063000000 0.118209000000 
0.201259000000 0.009439370000 0.007161170000 0.007707950000 
0.016987300000 0.127180000000 0.104190000000 0.109464000000 
0.005582330000 0.169287000000 0.142586000000 0.148850000000 
0.150487000000 0.021283200000 0.016317500000 0.017090600000 
0.121798000000 0.035906400000 0.027065600000 0.028674300000 
0.014600300000 0.129299000000 0.106116000000 0.111465000000 
0.260836000000 0.001404580000 0.001020550000 0.001105130000 
0.012792600000 0.141009000000 0.116704000000 0.122455000000 
0.015826200000 0.129279000000 0.105571000000 0.110946000000 
0.023890500000 0.110342000000 0.088468300000 0.093100900000 
0.055131900000 0.070291900000 0.055137000000 0.057927500000 
0.100636000000 0.038920900000 0.030284600000 0.031694300000 
0.027002300000 0.106135000000 0.084346400000 0.089280000000 
0.125034000000 0.028161300000 0.021931000000 0.022911300000 
0.007909770000 0.165280000000 0.138378000000 0.144795000000 
0.023717400000 0.110692000000 0.089093700000 0.093781700000 
0.008887770000 0.152134000000 0.126388000000 0.132464000000 
0.253822000000 0.002773290000 0.001853280000 0.001936540000 
0.129982000000 0.028104300000 0.021737600000 0.022981900000 
0.093661300000 0.043860800000 0.033875600000 0.035511400000 
0.273392000000 0.000365397000 0.000231180000 0.000240031000 
0.156902000000 0.019254700000 0.014949600000 0.015619700000 
0.056551000000 0.070199600000 0.054916100000 0.057924200000 
0.098720600000 0.041966000000 0.032078300000 0.034136400000 
0.236057000000 0.003191050000 0.002284470000 0.002436910000 
0.005860810000 0.169806000000 0.140719000000 0.147899000000 
0.159488000000 0.018483000000 0.014145600000 0.014820300000 
0.204853000000 0.008050270000 0.006444690000 0.006711950000 
0.176887000000 0.014144800000 0.010862100000 0.011589400000 
0.131653000000 0.027240000000 0.021028800000 0.022244400000 
0.274942000000 0.000303848000 0.000171012000 0.000183993000 
0.100062000000 0.040516200000 0.031129600000 0.032674000000 
0.061701800000 0.063427700000 0.049395500000 0.052179300000 
0.046905000000 0.082743300000 0.063939600000 0.068572400000 
0.079289400000 0.050666300000 0.039332300000 0.041449000000 
0.019720100000 0.121779000000 0.099381400000 0.104449000000 
0.137825000000 0.023649000000 0.018471800000 0.019291100000 
0.147647000000 0.022025300000 0.017012800000 0.018009000000 
0.037572400000 0.088629500000 0.070212200000 0.073991100000 
0.185109000000 0.012411000000 0.009536090000 0.010190800000 
0.214510000000 0.007227630000 0.005444490000 0.005895430000 
0.048948300000 0.077451800000 0.060835300000 0.064127000000 
0.066809700000 0.063003500000 0.048245900000 0.051684600000 
0.171497000000 0.013949900000 0.011129000000 0.011608100000 
0.111519000000 0.035320000000 0.027162300000 0.028467600000 
0.092083000000 0.045972300000 0.035166600000 0.037493000000 
0.023330700000 0.110894000000 0.088364300000 0.093507100000 
0.139302000000 0.022922000000 0.017934200000 0.018746200000 
0.181835000000 0.013258000000 0.010222400000 0.010892000000 
0.030003100000 0.101864000000 0.080087900000 0.085629100000 
0.021010400000 0.119164000000 0.096643900000 0.101588000000 
0.193771000000 0.011962000000 0.009074550000 0.009597130000 
