2.0 7.252113482376319 128.0 
2.0 8.746200862298267 129.0815956813962 
2.4264374487672464 4.148294469759124 132.57759754794023 
2.0 4.890929159413636 121.33470085177343 
2.0533531892877996 16.845948790787478 131.01192601907374 
2.0 2.0 0.11212739195927668 
2.0 2.0 1.0277178813453256 
2.0 2.0 1.3639187469750262 
2.256370697484424 2.016535314514927 1.6857541588482428 
2.0 2.0201020466903916 2.0752868954460837 
2.0 3.339753520237889 1.3320538853451778 
2.0 2.020837309960279 0.9731399883549553 
2.0 3.9025344320261763 1.9238913269361118 
2.0 3.6913884965641124 2.4846855473412006 
2.0 2.849663988920205 1.2900595866008433 
2.0 2.0 1.4158459221458313 
2.0 3.36886399491965 2.2860923178228467 
2.9648990125433103 2.122835250872999 2.3271021230536117 
2.0 2.0 2.018282282615502 
4.1329066390386515 2.0 1.1298646129758632 
3.3829974810256798 2.0308051132538663 2.8438562786629413 
2.950809028860433 2.1233452890460573 2.530953668770766 
2.0021696642928632 2.912777817113723 1.4464583431958966 
2.0 5.316469254169162 3.871641549283587 
2.0 2.967547329349476 1.3480705834393465 
4.904722447893967 2.025664286236173 0.6123243532681469 
2.0 4.216559393409002 1.7747659531148823 
2.1133293158350237 2.0165259815798247 1.3832961616032726 
10.573163542220144 2.0598523055190574 0.37784358100840637 
2.0 5.476482240759417 1.7862671552822222 
2.0 3.481966464508053 0.6849817272895236 
25.20808099864572 2.0 0.23221305687970073 
9.266573961221575 2.2748360594381594 3.406602245333125 
2.0 3.0837513567873147 1.5010472692481165 
2.716181806357781 3.321450471166159 1.6856902603719028 
3.6780361221348086 2.0 2.7789543460525064 
3.7848267914750098 2.0 2.197183498362864 
4.06757927063617 2.013421420865488 0.17746457270924176 
3.442478136544778 2.322096449774623 2.4940284892357036 
2.0 4.28029361888873 0.6736078526199553 
2.0 2.623012296976322 2.334823987109722 
2.0 8.825768449971202 4.421539257818621 
2.0 6.053594299676158 0.8960932807799353 
4.539282439519589 2.0232548261141328 1.0635729303348536 
2.0 3.168301071736841 2.382131619104293 
2.774920999131555 2.0083874659220884 0.33533917208745384 
2.0 2.5278827829615707 2.70024559217046 
2.057832650918046 3.8205373251546497 2.3643117223920127 
2.0 4.719635074611925 1.9623751222551842 
2.0 6.214625794781138 1.4786398618427128 
2.0 3.2738688957634547 1.1467671767842709 
2.0 2.0 1.8774209569984717 
2.0 3.2136697186045393 1.0201128240205755 
2.0 4.586830328742396 4.012431119980354 
2.0175598908734753 3.9048215920219826 1.9993422159176573 
2.0 3.7585880077682328 2.9810091916574337 
29.78726955828354 2.118042877867493 0.3602359775789484 
2.0166021362217674 3.9987641128985203 0.9973200729365341 
2.0 5.941861409528004 1.1751957776398503 
8.897939883741678 2.0767683878634102 0.11718065012616696 
2.5870321237100415 2.1063442512980655 0.8772358775860127 
2.0 3.801793715557836 1.4639166298772242 
3.1901115922404903 2.4326034062486483 1.178950331205364 
2.0051210178324177 45.805789290954124 0.4065749140618786 
4.966853126255108 2.0 3.586836537057283 
2.3951530607047986 5.613009224299003 0.8560993835165316 
2.0 2.0 0.6707968952495662 
2.0 3.8972255698310727 0.777805931653615 
2.0 4.425369107482867 0.9852850750851776 
2.340080578436284 2.0 0.20219360247145124 
2.087333260989587 5.110649050935812 1.1416922262850973 
2.470778501511935 2.0694597157950883 1.3927559603744863 
2.606252384435472 2.1185708737849875 1.599176772793852 
2.2253431917489204 2.2104723634763093 1.2699264681806774 
2.1047783654292394 3.2292470247348732 2.20431015998431 
2.030178650909145 2.8157233800209034 0.9542631821000865 
2.0 4.453203885362669 0.9137919266227812 
2.0 4.395439039849721 1.679805481158747 
2.0 3.6930170069711212 0.7487172800097543 
2.0 3.9072065696394063 0.6109979210952863 
2.095505011102407 4.370050352215838 1.5491164086778784 
2.8862317002450624 2.0 1.389655573523942 
2.0 2.2288135274681355 0.8113293179411633 
2.0 5.986079616871644 1.0858001077827126 
3.262799998006237 2.0 1.218713211189268 
2.0 2.0 1.9460275102577145 
2.03023770986584 2.81731973275121 0.9465746594615325 
2.0 3.5634406964773233 0.7661815756818329 
4.034584336420329 2.0953606766611275 1.840510136759883 
2.0 7.869513567178375 2.132419752624331 
5.482112024852338 2.0 0.6977450219007998 
