2.0 8.859067554665291 0.0 
3.2330922443387173 2.0 2.4489491181819907 
2.0 2.0 0.9999789717533554 
2.0 2.0969242598642297 1.1485664413370857 
2.0 2.0 0.7600101699145748 
3.592572819787152 2.352391015824384 1.9077719750292546 
2.0 16.593141631788164 50.02661924282052 
2.400068770865728 2.2212350619991 1.2937808814260998 
2.0 2.0 1.4086057607055167 
2.0 2.0 0.6417195195315732 
2.2240700223658836 3.051567778771133 1.2278683517732998 
2.4215409916405934 2.0308077999440854 1.6345581676875092 
2.590331885996226 2.117935878775982 2.1396378753467316 
2.855611565965622 2.0485226593873938 2.394041271831403 
2.0 2.0 1.9144979314371526 
2.0 2.0 0.8199642245601708 
2.019263802938154 2.019932417928287 1.4671414969231762 
2.077174571208155 2.279113491057666 1.4873569713832886 
2.0 2.0 0.6292510998912739 
2.9407656577754926 2.0 2.507301356771992 
5.276787082919425 2.2500268562899546 2.5565370327091346 
2.2217163732968954 2.058415521709719 1.3757566133973742 
2.0 2.0 1.8573379379198867 
2.0480327852501388 3.374100484191362 0.9413861168034564 
2.0 2.603868270120156 1.3681103142843125 
2.137658730237816 2.0 1.1793031370458085 
2.4914999835103853 2.0028917330561082 0.12905150264460297 
4.564287210984967 2.0521129895138346 2.709665727436801 
2.0 2.0 1.3376967342593264 
2.063604307681067 9.275038153403717 2.5876581448348306 
2.4013326044301433 2.0 0.7337512512173712 
2.0613565528144555 2.05489731047028 0.9024012700707593 
2.0 2.4808421673357812 0.5900229170329827 
2.0 2.0 0.9239394669816039 
2.0 2.2186200705929244 1.0535915791303654 
5.229910261221228 2.2293664175857564 2.600895287702515 
2.0205413012674875 2.115836980299613 1.806631227483449 
8.226249450133924 2.008192496098414 0.23839229078467217 
2.0000000448539956 2.0 1.5564214885674272 
2.292990162203214 2.0 0.7932798591701228 
2.35333902623382 2.4628715745167327 0.8459914197266444 
2.0 2.0 1.7101883792564392 
2.163233913251568 2.777153070303998 0.6658679975879418 
2.1120862967635268 2.1897083352470665 0.6991487305230725 
2.100685693881906 2.0 1.2454184920073625 
2.4550228973655868 2.5986238888158084 0.5502364903376047 
2.1665260730935825 2.0041147596442737 1.613774698245293 
2.0674728483121187 2.0018851835723184 1.4284867739577496 
2.3347051831654713 2.3107383827811594 1.679154862604389 
2.0 2.0 1.9502981402017925 
2.0 2.0 1.1935080961353843 
3.0408990014236945 2.0392168684177903 0.4260786232927162 
2.0 2.0 1.3467984464680665 
5.284532207142421 2.0014819891044335 2.8670728528552294 
2.0 2.0284210886606093 0.8731534945142799 
2.0 2.0551860867488183 1.5252198201581852 
2.0 2.0 1.392061898871396 
2.380221980952954 2.7595330031952807 1.1632129020985826 
2.118500315894102 9.229918561603347 3.821253142310818 
2.3378854868031436 2.3178476631089486 1.7731814184447878 
2.0447028115427393 2.009029967877698 1.539935565496129 
2.0 2.003172652663563 1.7449698916284564 
2.3980527192282555 2.2124166603679685 1.0883845235070722 
2.034275982060399 2.2905023236854887 1.452206100856456 
2.0 2.0 2.01576611166654 
2.065287012638272 2.4994574274165346 1.1350250964067152 
2.0 2.0 1.0728377843781336 
6.933068872919576 2.0 3.241936155692564 
2.0 2.0 1.5834939501518495 
4.985822039860379 2.0 3.6023307004444325 
2.0 2.3042592137087285 1.6520197770734921 
4.705662572400512 2.325993177336056 2.7510858174269894 
2.412901265145775 2.2366055798966378 1.0313003956950513 
7.995179772253536 2.0 3.724380886532892 
2.2617845239640904 2.0 1.9875789101130334 
2.2335597899796666 2.0457944323735604 1.3138491079628232 
3.324725716820053 2.0005157741622166 2.597619767067556 
2.0548728666475453 2.932285313702021 0.9645980546813915 
9.101865256700105 2.0001857859584846 0.15310955719024255 
2.279102695320681 2.0 1.010670195188376 
2.0651608118111104 2.0886315486436184 1.1000641606605843 
5.936532403169711 2.112145827294981 3.2321756663767216 
2.4366429870008486 11.738689446820034 0.3119405423703257 
2.045808374990596 2.0 1.2133663029347215 
2.588938138092437 2.1356628197225556 0.45831672761246134 
6.691057109936124 2.0000161703033323 3.412376374784721 
2.1730979817322273 2.839090834414012 1.5171332919167073 
4.698983905723457 2.048417621350389 2.649536756127324 
3.306304709667014 2.2287728642371354 2.0698650561594722 
2.618048892219835 2.0 2.3250067462957116 
2.0 17.88133215876595 0.33042499966190775 
2.0 28.25366881580394 0.49506120442110646 
2.260571799147884 3.1162909497156486 1.2704004500038493 
3.3062341633820593 2.017245620819312 2.1858138578132493 
2.822565389466569 2.0 2.2510533869987572 
3.0909949305799804 2.0 2.1063624590250765 
2.178109160703125 2.170007667219136 1.1149192963457204 
6.721874655089943 2.0054213903803904 2.9751052142980408 
2.038132560887228 2.1632988497923495 1.2796319596567696 
2.8082800565638792 2.0 2.221684346595027 
