3.8338497596772045 8.307855866279109 33.86870949572483 
4.424074562089759 4.645511962240015 125.07075547933731 
5.9921069990429565 2.0 223.75633852249337 
2.7023153988873623 8.177991266330729 130.78712339413292 
3.4723635881317545 10.056655851288891 61.85578487197452 
3.662381034472694 9.691960243571113 104.0384706892746 
3.107554373433816 5.29598992597959 71.43996435648897 
3.133118576013825 5.7775047092744405 182.8520933797315 
2.0 9.532361964470057 6.3490114910293585 
5.897519966192572 2.0 4.877844966222089 
2.6368301467593676 2.0 0.5741031882929464 
2.2699813188234073 2.0 1.1457324358562775 
2.3473185062385893 2.04670669211109 1.1256225872660666 
4.083870494241916 6.5304902632189386 5.68183181500342 
3.282531730572849 6.2866411789583045 7.002028295154073 
3.0700293291980243 2.081653162344967 0.6628931516113927 
2.0 16.532339357968752 0.12147950126524343 
3.9873469659342677 2.0 0.5057810410098511 
6.259176522523715 2.2123813860523978 2.1227899222165574 
3.9599316247344456 2.0 0.43244268943965025 
5.61193520867312 2.0634577666348175 2.592982006272024 
7.832979322893111 2.001150729656683 3.11154799260503 
5.23944923892982 2.458760039748604 0.5687006197429907 
5.536036776917749 2.0 2.8175072781442134 
3.9795784740016815 2.0643774083091553 1.0525579867805144 
4.617847526102815 2.3184302394333316 2.003762410674394 
4.315917927589303 2.3680747955104433 0.7269534031302387 
6.197315104721915 2.0 1.8599909245754214 
6.16628946739045 2.261507282333414 3.343135946200899 
4.369444029671239 2.334769450886502 1.2606756405324504 
3.364000377083566 2.7165417341314506 0.5120524616962128 
5.786375528926249 2.0 12.752265692352097 
3.9248040163341527 2.3729396179259914 1.068041049904549 
5.885319332362245 2.109974208725084 3.5880954293789276 
2.0 2.227790404218071 0.8385708094150214 
2.0 2.0 0.36008126279387687 
6.3473376558789205 2.0 5.034090848901965 
4.039473854480661 2.1660099912593584 0.7910962926088774 
6.1330319910550415 2.0 5.51971912775494 
4.5978710272065655 2.0 0.9492389646520887 
5.48098357534132 2.011152027655322 2.779913496397684 
3.8941293643149844 2.1089835231697416 1.9699835469567006 
5.7472037828745535 2.1113805087929443 1.428557601585081 
2.678861462918626 2.0 1.015927082781663 
3.453456002448144 2.168973595874804 1.8190216860348751 
4.324381024836756 2.3332310434965944 1.506968740110179 
5.363829873465659 2.000053042921281 1.9053094243859188 
3.7080251100585127 2.3312081000115676 1.6158733755213621 
2.7966259289323485 2.104009053271452 0.7075355264391061 
4.140322939040114 2.2717618522790066 0.8610460032284291 
7.756513015727855 2.163592254640564 2.5044482144847016 
5.642695789289415 2.0356254419260282 2.898551904428343 
5.290387239522259 2.00001928380748 1.3568018107855937 
3.5735228966288943 2.0944802697847025 0.9835792510321757 
3.5337038581823284 2.0 2.0172840274517863 
3.3668340824756857 2.0260723705199393 0.918445673430846 
5.559276700882954 2.0 3.17452141706831 
2.836270076220658 17.03788369756242 0.10061545788553522 
11.167778153266532 3.0940399315291254 0.0835688794394267 
4.369510595309365 2.219374871435191 0.836749175473919 
2.3167288039648595 2.0118293754642838 1.461023913151079 
5.203579623298746 2.157459167644325 2.1559938773819924 
3.9256482375489394 2.013808516809369 0.8865392663765593 
5.877514698842186 2.1559416818315094 6.498317846045207 
4.8952851149416485 2.03807633197772 0.006542391261577851 
5.7913520015573425 2.002833407136733 3.9625714669870105 
5.164195095592536 2.0 1.3056321413965755 
4.116137644205169 2.0063482882010644 1.2802201117151801 
4.581055937437892 2.001695896164225 1.5607248980647366 
4.99587025618453 2.017945727160544 1.7333125534170903 
6.019576087909922 2.066162850723188 4.1575428958520595 
6.406103368053528 2.230282891167153 3.7373252348824177 
3.923100606311911 2.2438829696480656 1.6262326907833686 
4.518907755474789 2.1397370782524607 0.7357614889923353 
2.0 2.0 0.4802275185590523 
5.0801273514202245 2.064807642704522 2.2291341070014594 
5.900935654138095 2.0094062194588567 4.677836373442031 
4.506386724804136 2.2528210114711364 1.8620170384519095 
4.657609261876178 2.044781554944589 0.38026867989556734 
4.218799799793222 2.0 1.3624817190984084 
8.378403694805973 2.236708475299576 2.459194830906667 
2.0 2.350751556792423 0.6382726842563939 
6.3428996088430685 2.322939838981901 4.249659105363747 
5.432629032360126 2.2134509957191653 1.668327763723441 
4.748801610306021 2.0094986506116412 1.5321784737617254 
2.7449025332464423 2.0 0.6846989069567859 
4.031496936067084 2.2558359006430257 1.6843641434492718 
4.95043067124139 2.0 1.4532509527642319 
5.222625332747829 2.1123416185561963 2.374262273692921 
6.356715011010148 2.1702081971785296 2.1014854675459125 
5.691998836123376 2.1446562009485803 7.178280592788694 
5.776099248388126 2.0 8.060718000987642 
5.062223952777197 2.149279277132182 1.72338505122135 
5.653297681111665 2.0 3.885925245990601 
5.984551987951824 2.293170323216494 2.639413537951923 
6.085361590121135 2.2839114457585508 3.074478321209113 
5.111486298811948 2.1159732070395947 2.7139883326710534 
4.7726583235741655 2.1355594467339762 2.2796351710232874 
5.790552353766118 2.139043314894321 8.559978278404188 
3.6736605051179105 2.0100115008549264 1.1757671627955655 
