0.009773730000 0.375747000000 0.331887000000 0.335152000000 
0.010653000000 0.371011000000 0.327037000000 0.329522000000 
0.182534000000 0.090780000000 0.060455600000 0.062667300000 
0.032623800000 0.261894000000 0.216225000000 0.218910000000 
0.007833960000 0.393802000000 0.351205000000 0.352868000000 
0.093030500000 0.161641000000 0.120633000000 0.123176000000 
0.190875000000 0.085951900000 0.056630900000 0.058785900000 
0.241150000000 0.056802600000 0.034783100000 0.036279100000 
0.049394600000 0.228086000000 0.182791000000 0.185861000000 
0.097328700000 0.156111000000 0.115700000000 0.118161000000 
0.048570600000 0.231312000000 0.186288000000 0.189045000000 
0.103354000000 0.153239000000 0.113114000000 0.115588000000 
0.233277000000 0.066276700000 0.041566700000 0.043496600000 
0.009667870000 0.382174000000 0.340112000000 0.342189000000 
0.165823000000 0.102554000000 0.070115200000 0.072201400000 
0.008365150000 0.390021000000 0.348171000000 0.350142000000 
0.013402900000 0.359748000000 0.315599000000 0.318098000000 
0.284354000000 0.038761100000 0.022521100000 0.023836700000 
0.082044600000 0.174918000000 0.132692000000 0.135323000000 
0.046023800000 0.234076000000 0.188626000000 0.191714000000 
0.041870100000 0.241105000000 0.195468000000 0.198600000000 
0.126552000000 0.132149000000 0.094709700000 0.096993700000 
0.052444000000 0.223301000000 0.178216000000 0.181279000000 
0.034208800000 0.257088000000 0.211461000000 0.214160000000 
0.332555000000 0.021980600000 0.011487700000 0.012579700000 
0.145822000000 0.115716000000 0.080863600000 0.082944800000 
0.158310000000 0.107040000000 0.073645900000 0.075665000000 
0.208508000000 0.074966600000 0.048362900000 0.050156800000 
0.121480000000 0.136731000000 0.098641800000 0.100983000000 
0.062771300000 0.205036000000 0.160697000000 0.163583000000 
0.057699200000 0.213825000000 0.169083000000 0.172035000000 
0.276080000000 0.042352800000 0.024596100000 0.025920700000 
0.250152000000 0.054569900000 0.033285000000 0.034827100000 
0.255005000000 0.052277900000 0.031675800000 0.033197400000 
0.029263000000 0.276404000000 0.230662000000 0.233266000000 
0.130018000000 0.128341000000 0.091396800000 0.093676200000 
0.378608000000 0.007540770000 0.003593030000 0.004055730000 
0.385505000000 0.005415860000 0.002545320000 0.002910540000 
0.030028800000 0.271749000000 0.226019000000 0.228655000000 
0.116465000000 0.139697000000 0.101267000000 0.103590000000 
0.105779000000 0.150523000000 0.110810000000 0.113202000000 
0.008916850000 0.387395000000 0.343967000000 0.346720000000 
0.089664900000 0.165684000000 0.124332000000 0.126887000000 
0.085917900000 0.170777000000 0.128906000000 0.131514000000 
0.204742000000 0.075882300000 0.048956000000 0.050672000000 
0.139965000000 0.120609000000 0.084922900000 0.087084400000 
0.023694000000 0.295116000000 0.249381000000 0.251942000000 
0.395341000000 0.003389320000 0.001694160000 0.001906860000 
0.416244000000 0.000535514000 0.000424933000 0.000474675000 
0.078625200000 0.179627000000 0.136995000000 0.139667000000 
0.215342000000 0.070940600000 0.045348900000 0.047068900000 
0.194840000000 0.081134900000 0.052940800000 0.054744800000 
0.322782000000 0.025387300000 0.013733800000 0.014784100000 
0.044282000000 0.238098000000 0.192538000000 0.195642000000 
0.016743200000 0.332958000000 0.286974000000 0.289507000000 
0.415544000000 0.000534754000 0.000424875000 0.000474787000 
0.113737000000 0.143070000000 0.104150000000 0.106545000000 
0.311500000000 0.028067800000 0.015587200000 0.016687100000 
0.039743400000 0.245199000000 0.199766000000 0.202492000000 
0.234786000000 0.059636600000 0.036849600000 0.038363900000 
0.109602000000 0.145627000000 0.106381000000 0.108766000000 
0.015361800000 0.346019000000 0.301402000000 0.304024000000 
0.013909800000 0.355694000000 0.311338000000 0.313899000000 
0.226345000000 0.069956700000 0.044704200000 0.046353700000 
0.038647700000 0.250457000000 0.204683000000 0.207785000000 
0.072283300000 0.189964000000 0.146566000000 0.149281000000 
0.028447600000 0.280971000000 0.235215000000 0.237820000000 
0.017635800000 0.327353000000 0.281434000000 0.283973000000 
0.016017400000 0.338814000000 0.292785000000 0.295307000000 
0.269246000000 0.045322900000 0.026698600000 0.028028800000 
0.150322000000 0.111755000000 0.077500000000 0.079581700000 
0.074792400000 0.184048000000 0.141083000000 0.143772000000 
0.135288000000 0.123853000000 0.087701900000 0.089903100000 
0.054581200000 0.218849000000 0.173873000000 0.176878000000 
0.176292000000 0.095011100000 0.063896600000 0.065818500000 
0.030703500000 0.266927000000 0.221236000000 0.223857000000 
0.060983700000 0.209476000000 0.164924000000 0.167844000000 
0.025817900000 0.285861000000 0.240120000000 0.242691000000 
0.024229500000 0.292725000000 0.247002000000 0.249570000000 
0.302938000000 0.031770600000 0.017773000000 0.018952100000 
0.017820800000 0.322934000000 0.277073000000 0.279614000000 
0.037043100000 0.251949000000 0.206404000000 0.209090000000 
0.020130200000 0.308530000000 0.262786000000 0.265334000000 
0.343061000000 0.021876200000 0.012218700000 0.013167200000 
0.294834000000 0.034467000000 0.019702500000 0.020951300000 
0.067130600000 0.198434000000 0.154458000000 0.157286000000 
0.352962000000 0.015209400000 0.007826340000 0.008584180000 
0.019037700000 0.313351000000 0.267569000000 0.270134000000 
0.021772400000 0.303388000000 0.257655000000 0.260180000000 
0.170941000000 0.098277200000 0.066583000000 0.068509200000 
0.014951700000 0.348058000000 0.303517000000 0.306112000000 
0.405544000000 0.001937120000 0.001017010000 0.001180940000 
0.063719700000 0.203036000000 0.158800000000 0.161664000000 
0.262015000000 0.048148200000 0.028762700000 0.030212100000 
0.012374900000 0.366180000000 0.322145000000 0.324606000000 
0.018768300000 0.318044000000 0.272244000000 0.274772000000 
0.371190000000 0.009760220000 0.004735250000 0.005303460000 
0.362390000000 0.011746500000 0.006154220000 0.006691980000 
0.023280100000 0.300029000000 0.254273000000 0.256827000000 
0.069537600000 0.194927000000 0.151192000000 0.153985000000 
