3.0150124935391776 5.651659306890949 25.742085790936624 
3.666979464696223 4.777332588490219 24.29876228369561 
2.0 2.07394388174929 1.1915424032967374 
5.876797140106666 2.0 3.1674116868612545 
3.8472337231950107 10.396868931467182 78.22349203316804 
4.812194814439392 2.0006389349764677 1.750650562474969 
2.0 2.119949518898264 1.159763405203109 
5.451294812280688 2.0 0.9233995864523266 
4.809851510049741 2.0 2.588136325036464 
4.9058562717557095 2.1677161317510283 1.6949775317159101 
7.622351223483291 2.0 2.6391791722623554 
5.4608063875689865 2.051406150020981 1.6686532443765263 
2.0 2.187037358015008 1.012723066599353 
4.073379371240025 7.55593715348477 7.90462484215305 
4.445001265456262 2.0 1.2718218209942591 
4.244365704245598 7.8846763142703065 0.0 
3.9275977528311903 4.709494794619582 6.90808967549021 
3.0098569353970857 2.0 0.7877992953263678 
4.603046047005606 2.0658158085519416 1.879998894697267 
5.094496027194197 2.0004764460832347 2.6851171364683992 
4.618717179141043 2.0 2.8052787689857843 
4.997456263877636 2.000053917745565 1.4908301119921137 
4.6883366660567285 2.003895600219537 2.510367394773674 
6.353620962029773 2.036461264494502 3.0552911072113087 
2.0 2.0355390995577 0.62171597430858 
4.876781007999874 2.1968538714165113 1.358502982252545 
4.799685641450805 2.2060958057922395 1.29908847115934 
4.363587440359301 2.107607814816487 1.0625619103135064 
5.348166686544577 2.090017469132127 1.5295788096505922 
5.2131775863658305 2.1283101404102847 2.230743674842545 
4.855377190316209 2.1045170473823287 2.367049976378506 
4.651503719860683 2.2000985326538998 0.8058310011401133 
3.9893674421383665 2.0424598819566757 0.9154451404655966 
4.0490669431768405 2.002947217650269 0.8924593699028717 
5.616586642863632 2.273073370494906 3.5483614384723703 
4.702938240211412 2.199826556226908 1.4633784108795997 
4.317803295748572 2.0 0.3921285077185317 
2.0 2.0 0.347451477423393 
5.812606596269932 2.178618728985213 3.423433120495667 
5.245684200770185 2.201331321628297 1.5509838618707485 
4.989593861066867 2.317915036397376 1.6474756025915638 
2.9329612595482084 9.660937890349082 11.303536998681182 
5.463307690203913 2.0 1.7889015648976292 
5.3156128688832105 2.4637357960050825 1.8302617110774773 
5.4477013099609755 2.0 1.064520019497359 
5.294303407538819 2.126918873192981 1.402807157334851 
5.846317805934934 2.2583554760815163 4.251929745984704 
10.245471624228667 2.01077330012987 0.23481982721777464 
2.0 2.5178719227042876 0.04135822811594473 
4.547909182209205 2.2065308986953007 1.9242488352695655 
4.0942978055571935 2.27894323659543 1.0321368464308045 
5.439207127355113 2.188742969458912 1.1041103044025393 
3.531464549603978 2.0043919701478763 0.6483511860257274 
5.293504552810868 2.0045287202863045 2.7488449534243515 
5.612730593426255 2.0 8.086041492824737 
2.0 4.813185674210189 0.009453346597589868 
4.929995879383278 2.157992537981143 1.5823152105400828 
3.39184815786704 2.3090506457293283 0.6832027487577215 
5.627248100264845 2.0498051044985397 2.8243258733913676 
5.226610511207254 2.2127984952340545 0.9420977875275655 
4.703735611834379 2.043144327618904 1.5977814126247118 
3.9111869657585108 5.204402032929044 5.734174391080913 
3.5693782804831677 5.304743946229723 6.415129326113037 
6.011901752004904 2.0 1.0319874681689214 
5.068057148795512 2.085395333561288 2.9827997577312306 
5.262377417837052 2.0698258274158343 2.0379164480780316 
5.725194227236905 2.2555468876334235 3.6898398227011464 
5.682583588601529 2.0 7.00291580157387 
5.947782653320089 2.499153245182241 10.446271972074854 
5.450996228172285 2.0 0.8307186319065687 
4.6655980350191415 2.063844393309081 1.3290525170814793 
4.684686067632082 2.0579040710431373 1.9759311169476597 
5.130256628651606 2.2540569150394822 1.4203283906763435 
4.503404480689511 2.118640516192412 2.4214070243421952 
4.571415938422106 2.4291802536212987 1.2070227706765646 
5.694797250061116 2.195513214544856 3.290110506855469 
5.315113854214758 2.0 2.300025826130471 
6.2315326057506155 2.0 3.8719397275013554 
5.646026784494301 2.410682403032618 4.15973091062666 
3.6749365097083877 2.115581167044953 0.7119246145170128 
6.169003937935096 2.373791489073739 6.299651646247259 
6.14610104861636 2.494921462702382 2.9585666979015253 
6.126024645808561 2.3498042014518843 4.990269599195813 
32.89548602993166 2.2536144193729797 0.5203070655586995 
2.7835852034348987 2.049167803113482 0.74481535832743 
4.964983003214813 2.0074204841479304 2.1486167051400784 
2.7339819106197285 2.065680451834847 0.5281263428105177 
6.246999046658984 2.3483581074138007 5.330612915287775 
5.949709380435423 2.3184687701512985 4.681622381733247 
4.589500098725495 2.0 1.229123022888147 
3.877706871329269 4.677030761685993 5.844228037953089 
4.073325455422566 4.17501416877543 0.1487765339090963 
5.1127357469043915 2.123309884991217 2.2148331225303215 
3.607161401553699 2.2473358993232213 0.8568203010803777 
4.043675121081383 4.5014039373857395 8.136368008408997 
6.341803096698834 2.3846011494095265 5.696025227893297 
3.684455185957402 2.0 0.42836257268257577 
4.86426620235732 2.8191732718747247 0.4210110810135861 
6.0532031721284385 2.0 4.48992899442907 
5.416708010282354 2.313903967640659 2.1069779608001515 
