4.438039282857293 2.0 0.013084166977847644 
2.0 22.505619639064037 119.85840555298802 
2.2645484189044662 2.2244123412822674 0.8993217114974095 
2.0057287587726758 2.0 1.5569772659047953 
27.87010737409605 2.574133942310045 179.4243541454399 
2.0 2.0 1.1772315305089662 
22.590631473341606 2.0 2.7802987520925995 
2.0 2.0 1.1447864458924717 
13.942584851532535 2.4093483540285123 0.6161977742031032 
2.0 2.2167157734756153 1.0167161702140157 
2.0 2.1952546696221766 0.17262935275732816 
2.0 2.0 1.0584196189101962 
9.331324385678116 2.077566451912436 0.43393456827829446 
2.0 2.0 0.723598467813749 
2.386347302720309 2.590595786838323 1.6417628970100941 
2.0 2.39510141417698 0.1211469894083772 
5.855726762374172 2.1124156448996407 1.604488020945437 
2.0 2.0425391016882237 1.611262192194221 
3.8735204815575464 2.0 2.1795661120526564 
24.98535698438097 3.3867861862392146 18.044629402550804 
3.8842308950041797 2.0 2.7080103365799237 
6.043648491207623 2.1857512011271036 1.406689061572171 
2.0 2.0366150774179492 0.6143569420684263 
2.8439968919980774 2.3203370186203998 0.5129110920835855 
2.7911437246645083 3.2685049564042887 2.0642063508961517 
26.547076544199545 2.5523730594228304 9.614084474418043 
15.20549419095843 2.0 2.6812973268631795 
2.0 2.0 0.7582407706579173 
2.0 2.0002062538376095 1.5708781891461812 
2.0 2.624229488595085 1.031606656717317 
2.0 2.0 1.3220134688590461 
7.0255410686702735 2.4798176200151754 1.716948130221373 
17.07798629182393 2.0018646492213534 6.925255861722832 
26.63081685968308 2.0615248250115377 8.092200130999133 
2.4384384999057698 2.017056925041915 1.4408277766423254 
26.702902599166418 2.769309774222129 11.890213992276223 
5.123156357374769 2.073370796573483 1.817235382845628 
2.0 2.175120244131079 0.5844265488033453 
2.4355545196553647 2.0011157876724024 1.3434034238649604 
6.106818222335305 2.0846721570135944 1.8774346515145173 
4.24321106473566 2.0 2.369814466652875 
4.284930333998796 2.4100846007279215 3.2815944494839258 
15.310413302776896 2.4786262087080377 3.2695816186372095 
5.326939884379131 2.02890154039564 0.7804834089683346 
2.0 2.0 1.2730008374679687 
4.729560120845691 2.290274743036619 4.109629699909927 
4.7681410159343764 2.33014262655514 2.94513915428333 
5.101484679550701 2.001224061495101 2.3749322258795615 
4.2726489138203725 2.3667995194655105 3.179528965842058 
4.98147736034433 2.0 1.930030160086513 
2.0 2.25047896304651 0.38442703109405163 
12.508933716323284 2.220150496479143 4.438632967803139 
6.579168286682224 2.0 4.538511902380696 
2.0 2.0 0.9277171497462521 
2.0 2.1847041025608025 1.4039298378978784 
4.026881659169051 2.8904810929852793 0.3350244743483519 
14.714814892123067 2.154675709175223 2.693035778373684 
2.4136816171457403 2.052525651485464 0.32386266229731286 
2.0 2.0 0.8616857509193038 
18.375220724822046 2.4255173970861277 2.3257017467479413 
5.893163235729407 2.1244807159618286 1.6540297426637718 
3.5845567470462427 2.1545758954472167 2.3405879721947995 
5.033244205638599 2.056203938305977 4.820622031855136 
2.0 2.0 0.6855289196400107 
4.792765476478485 2.4537567962833213 3.9157772871434915 
2.0 2.2529665515549713 1.2341367981780174 
5.479860756866342 2.035824507417294 2.171151403291709 
16.637693314962213 2.1100405465123537 5.527348212079648 
6.8040256387144105 2.0473582350957296 1.838505364680524 
2.410411088034506 2.0178061721459466 0.6564657421102685 
31.173450957449738 3.0568524463206286 25.824653705107266 
7.4396404987254865 2.0 5.4344167176412235 
2.0 2.0 0.9828793886021167 
5.202803001751869 2.644396606609706 3.493051079202219 
27.63684490553021 2.0574185794680977 3.7276023187675613 
25.48144719864566 2.0024910834970355 7.2963655947780595 
22.56302376154025 2.339505874370126 4.947752835612836 
2.0 2.0 0.2722881253638264 
2.160162020126046 2.0470806227523237 0.95366580061526 
21.388595140256243 2.6579185845724833 51.87180536210206 
2.071219120652506 2.0036972758504774 1.083079933909184 
6.860362923938278 2.0 1.9524801884715723 
3.902029975034413 2.428850150436275 2.2762899164387704 
2.0 19.846788723995207 94.99277493044701 
2.0 2.0140239582485324 1.5117584996549187 
26.71677559118596 2.6892816910905344 10.976625522879086 
31.115305404746202 2.972203263180513 14.081790544878183 
2.082409460320842 18.932248149826858 90.25821616535552 
25.364349337791857 2.0 1.907194248513834 
2.021909933816243 2.360654005245559 0.789862036531546 
2.1385818284893214 2.0 1.2938409647621387 
6.611060021331718 2.3271171507644017 1.75279163337395 
2.0 2.0194906963214265 1.384744372361908 
4.992576660263159 2.088210300319944 2.5683658226573094 
17.314848479840858 2.1255222938908647 6.367833299696567 
5.291468755407747 2.459528737964262 2.4927684451245495 
16.515763387170885 2.099111567207677 1.9718734227458263 
2.077750301128673 2.0 1.2149621432161133 
12.89400297757698 2.7621676023850457 33.60440842101796 
4.748865820639301 2.0 3.6649242139178435 
