2.0 40.59764871549031 187.26517271592996 
2.891850872482245 43.124973239579504 204.1946285450983 
2.9216622635540666 34.5671257124791 138.49270398555106 
19.63951664987077 2.0 0.0 
59.842177688278824 3.0052037704277472 20.354298739048588 
12.971936391556987 2.219373712096087 2.371104440995362 
6.084360903882055 2.867486287567761 72.2650990517714 
5.807500004071166 2.0530665244330932 2.1564325572531304 
2.0 2.2301815360426223 0.3173889659154008 
7.457246942611228 2.0 2.621894654197618 
46.81147687610059 3.0225251126727057 19.178501261068646 
2.5557423661427707 2.0 0.5311602455930919 
4.099556401329989 2.0 0.8780155887705128 
9.757093464548493 3.294194562653697 17.773911891420415 
3.718773252062313 2.0 1.1330469715389784 
4.428141080634305 2.55216311363511 145.0312729370269 
2.0 2.011485896009331 0.5801869795198442 
3.9381626175429547 2.3396448904521616 0.8601699071557394 
5.940277037791325 2.1277511727699645 1.8716653188983337 
6.058161713634882 2.2690251389953984 1.8279127480499975 
2.8060966686990305 2.2074811893628423 0.7164567897555187 
3.873286860051664 2.0 2.684943269046043 
4.0402171246206695 2.3253663152475976 0.9548388703451628 
5.724283069475372 2.0279459785485447 2.2322902604214687 
3.74082185074907 2.023593635868833 2.2970130172094834 
9.974799536481337 2.115917724481392 4.141605764805245 
4.693759168987015 2.2545804484295675 0.7190530133757309 
3.7221274771669153 2.0028726110672723 1.5647514897994568 
12.884296433662676 2.033279348428477 2.4876636658054743 
11.986633947776646 2.638882167612406 16.909272861557533 
4.087903682038932 2.0203311742309458 1.0938633770492976 
38.21494777561935 2.5484622002997392 15.673047348596398 
2.0 2.2879717363063214 0.5879105339278369 
2.0 2.0 0.23790685941213718 
5.9269330057409855 2.1077711622775515 0.9729215910122195 
4.3906002573583836 2.0074920253683417 1.150145156637092 
7.46530044649578 2.0 1.8744032521777254 
9.78181801898003 2.0232766247458436 1.2955060528880535 
6.66716189427653 2.447916221158483 0.01808662788972981 
8.14258987493565 2.0 2.8846713770531665 
7.833799926100005 2.1061385849201244 4.187955638873678 
5.944621093726529 2.0098158726961346 0.881540271250634 
4.5464784051007 2.0 0.6337009579492439 
6.941073788278212 2.0242965534616997 1.6361242042969941 
3.5801754876256946 2.3001582275968406 2.0761439210125014 
7.784804421623083 2.0058520553187313 2.98107088932254 
3.6993102527021415 2.3284181797051478 1.392616656270643 
2.780869981576514 2.020688667546132 1.3820282720639865 
9.725570298054635 2.0370834439840615 1.8917773780235843 
2.0 2.0 0.8092071271681519 
2.0 2.1837952470493467 0.438343609101854 
6.857608561676081 2.0 0.8310669214282629 
2.7525388513711815 2.023084272292421 0.6428628242487244 
7.8166789229144245 2.0 3.2883847443058336 
8.601832959002781 2.0 2.1204672597602503 
39.301876565966616 2.5317032061912643 17.11194155925061 
4.37000556202626 2.0 1.9700764273736016 
5.279117018314245 2.049657551960811 0.829798473441603 
2.847643506074125 2.0237141714345475 1.2250600713706246 
7.010616278507731 2.0 0.9606174198082771 
10.339542470171015 2.422140140865412 3.5857571398232224 
7.0166781624785255 2.0929960478208924 3.101206413463518 
5.882383265986572 2.0071297235741126 2.42079685516494 
3.917264771338488 2.4178475093739937 0.32788677574109654 
10.166698686694893 2.371513735118453 1.5984733077297206 
2.1772682338314864 2.006993665449581 0.7104055969421053 
2.0 2.0 0.7875644193182971 
4.397273727644933 2.0 1.0682134160560688 
5.334663408154583 2.2072839905837114 0.800219385462082 
8.372339033899255 2.0010965366782303 4.634893223215774 
2.0 2.00771654530822 0.3705756256343823 
8.17724816109169 2.115061337014165 3.42109236309425 
5.730874916035129 2.0 1.5047516285595817 
10.390553712684428 3.07716430630978 14.918576020940606 
9.48144338053065 2.0 1.7582355160128493 
7.068223657539721 2.0 1.2002063272626962 
2.0 2.014611261499456 0.504259011445473 
5.690844168870381 2.058434379554711 1.033390537941811 
14.964193615799148 2.5936424937295834 16.94992659504698 
7.323658957083161 2.0915350686725636 3.298356852500158 
7.782612714629402 2.0174078162212288 2.6657765544865466 
7.940632443921468 2.115155887389486 5.872223223370731 
8.624528417593003 2.0 1.7322452354557925 
6.509086103986437 2.418450584243395 1.8492228818377439 
3.371208590418503 2.061960625868393 0.6025770209359278 
6.894003155791551 2.0024369658669907 1.407585811960801 
9.768809193757289 2.140978966583286 4.70641615890277 
8.349927659866413 2.0 2.7162386774450504 
2.0 2.0229406409617736 0.1212653185070466 
5.6430867335649 2.2172292900626522 0.9177704467609493 
7.822573339685088 2.0 5.94985692544218 
3.21841617849987 2.0228266999067803 0.3028221617795913 
10.225339979046055 2.482715897454418 3.930883606508943 
5.863189283888578 2.0000268973471127 1.6528414964606406 
9.562773041885931 2.4620666003410823 5.91771247169351 
5.531849597347398 2.0 1.4446529136334865 
2.5026040428453413 39.49526887587039 167.13458391306966 
3.5841416748611112 2.0114186791479938 2.3660032697895623 
6.854620000784166 2.0708672647600372 1.2318207741249791 
2.0 35.13657078506814 133.522108297028 
