2.0 18.295376323737774 0.0 
2.0 18.58323928371759 189.48500145509354 
2.0 19.654485135817016 0.0 
2.0 23.498359778309837 0.0 
4.109796150929017 2.0 0.009166134705123181 
2.048324184388374 2.0 1.3599259320593582 
24.928226330674782 2.0 5.677699969059112 
2.0 2.689550497670325 1.5852336828200353 
5.181675893279807 2.3834525224371297 3.278130333538961 
2.0 2.0 0.843297022009429 
5.458373102197533 2.3058323381266357 2.112819069117735 
2.0 2.0008697126021895 1.3010810098417052 
4.639686022413097 2.0 1.8800560397681432 
2.0 2.0 1.1882782582886662 
2.0 3.504606382619673 1.692005146977205 
2.0 2.0 1.879980006350963 
2.0 2.0 0.9860628528506172 
2.0 2.1465300446122884 1.2182751517842707 
2.0 3.209580889486344 1.0061630117532365 
2.0 2.900049337803446 1.054812644726832 
2.0 2.1650170653040353 0.38521056973511847 
2.0 4.282021100266263 1.326080764086453 
25.449126670306633 2.773181001871267 12.2164632846965 
26.617436073936812 3.0627792899570387 51.08497659527929 
4.785845581011127 2.000283545732819 2.1957214380657955 
5.320710798438887 2.0 2.4881947665983235 
2.0446006640076093 2.0506130868549843 1.3273799415856793 
17.49309907837817 2.0 5.438038757643033 
27.041626970634056 2.004479219929433 6.213532863938944 
2.101549557350686 2.0 0.9297621186795866 
3.6378632576308925 2.2647239660255982 2.300830037577068 
3.867643386838428 2.2413744412202212 2.808259591730631 
18.24374683972866 3.2845687955147094 69.40203059290236 
2.0 4.178951344057703 0.5430350493969582 
2.1384668122318287 2.0 1.6447699360795962 
2.0 2.20066515075648 0.9553387424543649 
3.946869439261406 2.079966106280674 3.9785887184965247 
4.067189833859812 2.1316750640907562 2.633308021832616 
2.2437763580728802 2.8367014265747024 1.0216065300839055 
2.0 2.6876077674922403 1.0986839085548343 
5.389307807170109 2.2157399698593174 4.525272087406451 
13.13052661486021 2.048996831149622 4.78979956376626 
5.804061242027819 2.121059402371039 5.009626064989811 
2.3716661610161003 2.1917272335170668 0.45528674001296043 
7.126958365846596 2.0948666598945924 4.443727459857161 
2.1774424852290437 2.0 0.894318400035746 
2.0509561340226896 4.334808739411589 0.515917306040472 
4.292103686614813 2.245783492814324 2.047112051205014 
28.329061616390305 2.9261218891055076 14.53348409521942 
2.0950706431640906 4.451846381672235 0.41728630168182107 
4.189658349668824 2.3023470025419446 2.741971353703255 
20.274436461684964 2.0 3.3025463623875773 
6.066438792740902 2.0 0.44426216866241997 
4.533877655202263 2.147981857932311 0.5391332694098993 
2.0 2.0 0.21522741521647282 
2.0 2.0 0.8146795195669756 
2.0 3.4223115688169643 1.4294883244184757 
2.0 2.0 1.5079307216326197 
4.487366821857777 2.18198608266403 2.3512967656400523 
2.0 2.0 0.3276112419667667 
4.69469121707247 2.0 2.4159513250652402 
10.651935759261345 2.0742556190445582 1.8723289959770462 
12.395208498499107 2.810935413156372 0.0 
2.365363765499688 2.0 1.5701835052203579 
3.758742587278401 2.2585223718602885 3.0205897046589887 
4.622323920618208 2.2322990526034365 2.3385157661298015 
3.706837345643851 2.0 3.1168966349748515 
2.0 2.0 0.8697039173423298 
15.072478091612941 3.40421216361797 0.0 
2.0 3.2986180788403967 1.8227806632360253 
2.2865765823480677 2.0250028621857963 0.7839875119252452 
2.2032790959234623 2.0 1.5341518212224705 
2.0 3.63247556573672 1.2814374111323255 
23.740738198990073 2.753011394289846 10.80990630877712 
5.936142719797311 2.404120734558439 1.6224608154887323 
17.946396720012267 2.508638431495936 10.85630678704751 
16.699209292393487 2.201448231773059 2.4595418889786576 
6.765638453285793 2.380260794576984 2.444586555739318 
3.616591444873103 2.3835919273923976 3.218283408677623 
2.0 2.0 1.0250733836397732 
16.96054917094112 2.322752107801211 1.9899229250218373 
2.547133792381723 2.0051348520583434 0.6843088195530789 
2.604911346396893 3.1861569058112584 2.882417023389454 
2.0 2.0 1.2598301103250713 
2.3987583283817053 2.2448473998246996 0.4269906056824748 
21.136444683174552 2.3536669891383726 4.96332045262947 
2.0 2.6003831947027427 0.9749118490783706 
4.057772528043196 2.0795250804098377 4.154224927661255 
2.0 2.0 0.5634280045813409 
15.231740011958541 2.3216513340298923 2.115015587169898 
6.460878978208359 2.0 1.8186366542263415 
2.388660408349057 2.285471074101037 0.7501429654607175 
5.210669492423442 2.37734048225243 0.6429586095238252 
10.04867386536716 2.2777749478757676 1.9319535650888455 
2.2686677913890323 2.6930982140199737 1.6644794279547992 
4.486325858209402 2.0 3.4508647852853462 
5.172882099330934 2.1486109024817823 1.6810006180833632 
2.0086130479677915 2.1143412727559188 0.7011333099619977 
2.0 3.169816108427036 0.10526585695287949 
2.0 2.4847610485969174 0.28088606070781896 
