46.77827789904244 2.0 191.81354449144453 
2.0 30.208276561981453 40.95811364202142 
2.0 7.8963592327912036 146.84255159822834 
2.0 13.22268600325113 173.785204288818 
2.0 11.432708077037468 41.511309121644636 
2.0 5.670459961598034 97.53822058426017 
2.2887871099920574 3.053250672121914 43.95054819642924 
2.0 15.148076805440343 0.0 
2.0110998809213756 22.755062036423453 71.89941810839736 
2.0 2.0 0.9612997013395557 
2.0 20.783804528933224 184.66690442209395 
2.0016606836243596 2.0 0.5089704159615958 
2.0 8.757375414343056 12.47990348459868 
2.000000193149574 3.7495741695346414 2.065908194204823 
2.0 2.0 1.1186842111216313 
2.0 4.1188250917795175 5.647051677451996 
2.0004570720080594 2.0 0.2642069794168145 
2.233564189895106 7.085390171972664 0.4434572610530429 
2.0004598006727394 2.0 0.0941138890915566 
2.4564766859573086 12.160050384247434 0.24280259833631332 
2.0707915838128534 2.0 1.1310379888816586 
2.0 4.449137504797201 1.4532826957963694 
2.000583164602495 2.0 0.3958819345492461 
2.2905101197020836 5.571466501476202 7.887702202939833 
2.2612317477490578 3.486603727684421 3.7823506295341263 
2.0464122113426018 2.0 1.0060858051881558 
2.0000000333654704 3.122283105770201 3.999235645612615 
2.271963295501547 3.5105886891119957 1.9145083797851683 
2.1765015437239565 3.9930881706124906 2.1642780289301955 
2.0 3.5519772316217098 0.7635893256103522 
2.0066561334827733 3.0993881014525426 3.1400578174312677 
2.4064983857796314 3.6695822727436687 1.0217726800804638 
2.0 6.104929997991665 1.605717910139708 
2.171158153233187 3.194555907322427 3.325070889568053 
2.004691570374616 4.39162375536292 1.4752800232513297 
2.0 4.325151871831664 6.2967177939826655 
2.4271095217856646 13.089749142276347 10.508514408422633 
2.0391909575154066 6.296979186033527 0.829801775454829 
2.1702774882431197 3.591059205654954 0.5265757540610461 
2.200488523759401 3.5826925627267294 0.30412873975357385 
2.2666208415311035 10.352425641938986 7.719689351728319 
2.000033324072005 3.5520453381797252 1.1934838941370423 
2.0 2.0 1.1932427148943612 
2.2344985313212553 4.492122536213417 2.2225032376723934 
2.0 5.439651909690041 0.030145019095115355 
2.0001115976273613 3.6674089862080455 1.3956688386042324 
2.000162118153336 2.974765314596926 4.758089017094304 
2.0545459763106733 3.229901756691346 0.1714808875010068 
2.120826710382255 3.5598255653139477 3.5220638525543304 
2.000109585665683 3.6373477468997306 1.3581821425719576 
2.019849328816898 2.0 1.353570250664319 
2.0 6.477326657973098 6.533590946412522 
2.00037680397965 2.2082422156372385 1.5142202558959883 
2.000237007029408 2.4178736163635595 1.2853288294149061 
2.015655018520957 2.100844009734039 1.4483049094238782 
2.156779101072683 14.88109766596797 12.672643750971414 
2.2478012401965666 4.267556618091765 0.5667031482214284 
2.0025025935424563 3.755079465622355 4.812429700874803 
2.0049064995948847 2.0348646433930404 0.46007929571739736 
2.153817367049827 4.146677440577154 1.894276134854799 
2.0 3.927209369313668 2.3551814761269645 
3.230053345677498 2.0 0.7511549511585507 
2.0 2.0 1.3073694384451016 
2.0 2.0 1.0861538082879085 
2.5975640587030107 2.0 1.1798899413109196 
2.0 2.0 0.839303291855293 
2.3389464466463448 6.072781885511304 0.5728631441817065 
2.3529904362666767 3.7429224457809074 0.6690653946615333 
2.0002286755618783 4.017536153162841 1.701358186759932 
2.1537157031071894 3.951165618438532 1.5960699394492788 
2.0038120782351645 2.0362312672804164 0.43576466459921154 
2.280974893588981 2.0 0.9968073478236605 
2.014066049948988 2.0 1.2551602793885441 
2.0 2.0 1.3829748734597445 
2.180344529506038 4.484068961659121 3.8872737903013843 
2.092250763415635 4.045514317726762 1.9905311245615724 
2.4483132430264494 3.8459494725488277 0.8937801072130935 
2.006372765101846 2.0013876975311655 0.025981850597219025 
2.0 2.0 4.1103685331681845 
2.2841642064835623 3.511021877405919 1.8588746881268468 
2.0 2.0 0.8873319648933546 
2.0198127599632465 30.390788476380827 17.265956600745216 
2.09242085914231 6.218392993696445 5.744758690003656 
2.2920009463010356 4.1948452515161545 1.5564303647172735 
2.2803189557002512 6.225433466697615 11.035694385577923 
2.0 2.0 0.6668071674698752 
2.4080183396433736 2.0 0.2268526980867165 
2.0206520208053083 2.0251709706724155 0.7108264676790932 
2.0918773023809365 5.314723494489395 0.5039425037485034 
2.350667495970893 10.505165418739313 9.780554420702456 
2.1260152272982595 5.801455017063224 5.173147181990981 
2.4029555903196878 4.10789505147846 1.528913868618954 
2.3604428254713916 4.384785705082197 1.730637433554588 
2.351261194468822 2.3813642226911695 0.7580305933752554 
2.0152028139803715 5.731442594532975 0.46711543222428265 
2.0 2.0 0.881855928488426 
2.2039834896898536 3.7169151596562036 1.5634196604393038 
2.2110823593577766 4.243240285984228 2.0203474016024385 
2.3849777607808043 4.37739465524377 1.7503695752914628 
2.0 2.0 1.1651212559787458 
