4.067280562987177 9.645687715092805 209.3390706678992 
3.4501073521840353 4.591008712659546 128.0 
4.146612416310558 7.647772754337429 243.591971712347 
3.4103119186048048 5.741959783685816 139.39297209274693 
3.4851677969868957 9.532146631007773 211.6239824412194 
2.531364387138326 8.43156030645515 0.0 
6.377555394242171 2.1620314415791833 2.060100399479893 
2.3729887530540896 6.841791552860991 6.416581979231811 
2.0 93.6640518822326 0.544543183848589 
2.216548893460188 19.070541173967406 0.28452649666154306 
3.286148469908599 2.0 2.4073334852867587 
2.0 2.0 0.17683810031936617 
5.648821113377175 2.3261972217410154 1.450451121760012 
2.0 6.525919961930494 6.275688172427664 
2.2188115364999694 17.083343377534074 0.16870693162788397 
4.522743266433419 2.0 3.2598781880803287 
7.006788821112653 2.0 0.458444209046732 
5.899510603013803 2.0 4.272973801359019 
7.015755753005202 2.016115929706909 1.3471661591350994 
6.756635890038062 2.0175026592078176 1.3821659184239288 
2.0019577781707074 38.83887580065968 0.4349513331730481 
2.0 2.0 0.8229767313689497 
3.049251879347157 2.0 1.9424865922287151 
7.535719025934599 2.0 0.907451046252851 
4.771335743100346 2.0 2.7160480944170993 
4.00287325250067 2.3035412915570848 1.5266940560291005 
6.377556353911365 2.0 2.7273787379130088 
2.5287709571335517 2.0 1.4630557779863969 
4.502462303023236 18.299013964705118 0.46723214162171756 
5.826878081654089 2.0 4.744652190091016 
6.859376827056986 2.0 0.5144727567689069 
2.0 18.48146948437641 0.206653616516981 
6.2136553773229934 2.0 4.467165163083698 
6.311082512134604 2.4981009055790038 2.519691239103116 
2.5693503713799095 2.03584687874466 0.923283562128861 
2.0 2.5771509618040582 0.4625504173645991 
5.731133028154794 2.246241312285358 10.018534933182003 
4.404693320718416 2.0320213629774853 0.6957359727051271 
4.096258043779374 2.0 1.721312574038563 
5.846508701051467 2.0 5.3251704373101685 
9.617270421609032 2.0 2.854486351120849 
7.542539900101696 2.0 2.94021191231576 
6.050145462830217 2.26236488415351 5.089215120117181 
9.670200360534613 2.3812225920064356 3.3752989294019806 
4.2505664858295 10.026876238941085 8.09940255138478 
6.012536547438621 2.0 5.628467122687926 
3.0671476568660734 2.0 0.7979459667809445 
9.459116938236729 2.0 1.3477421843581818 
3.404296663368304 2.0 1.9726190960865595 
5.545500596403356 2.0427554830923564 4.15415047386472 
3.6489517650273493 5.317301498237256 0.09814550411530432 
8.05854774024105 2.0294063946366627 4.162995399329139 
6.470968687507895 2.1857631591170197 2.2083606533132105 
2.0 2.2600103225304573 1.1260718731015507 
2.4583185297130052 2.0 1.6667707363421636 
4.254247844353502 2.000892301774822 1.861436852564471 
10.250656338381438 2.0 1.0514994266676752 
3.2664263276629013 2.2206522598726366 1.7567965949576818 
7.845337840069783 2.4786917656501357 3.288884184503862 
7.355528671498268 2.0 0.5801041420486579 
2.0 2.0 1.3425685811189718 
2.4647952987756683 2.0001839805108674 1.1193907819515174 
5.247547642753117 2.0110685875631074 0.8619559043359472 
3.967620085929048 6.345169738252155 0.06485730895358444 
6.388500973897497 2.0517039490795614 3.6276996368026184 
2.6062438033570654 2.0310848857087165 0.9542890512955535 
3.4276893345908146 2.0 2.0251215738311146 
3.8561545131451203 2.3440875595348256 1.579855419179502 
2.633881390814901 2.0 1.243335807419306 
6.313423989411547 2.377251182307759 2.3990991214275894 
4.592492434780053 2.0282236977541976 2.114336300446383 
5.289373985488658 2.0431067706883717 0.6383122460259083 
3.0885495361840793 2.01154508658373 1.1693448687562067 
6.0042525851627815 2.0 7.862505600601881 
5.068309468601932 2.016199717424618 2.182903929084189 
2.1796369310130768 2.191334344571656 0.5665580648031473 
2.6250246080067203 8.477397422737813 7.107066877961236 
2.5193261399931615 7.7843971230456255 5.076804110038511 
2.174025565725615 2.0182843172585447 1.0675495960799881 
2.0 2.0 0.7485302702512829 
7.69098735301819 2.0015867648012615 1.6982562240264023 
7.758096994692785 2.0005377612736046 3.5362325831638035 
9.790702537987613 2.0 2.6311627391288472 
2.0431597002933417 8.487194907520998 7.38960952171805 
2.0 2.0 1.2215115043951785 
2.0 19.869272074454944 0.32502532359367686 
2.0 2.033241136421697 0.7611212242360255 
3.6528407079015865 2.306831878013308 1.3972688478501254 
2.297084942579985 2.0159498036360164 1.1799481124278113 
2.730555599346464 2.0007662386435747 1.8108094379054185 
3.3448293600799213 2.376689620878886 0.8523548253970165 
2.0 2.0 1.0328687269184584 
2.9077575384377905 2.0939299273367458 1.3779979639673563 
5.4398968060698785 2.0 3.1612802762342027 
2.2745297256293937 7.698311385428373 8.021409366525619 
7.16340358748582 2.014134833801456 2.5288336147787467 
2.5052668774004974 2.0 1.0733410740110176 
6.008377329535431 2.3829776352715673 6.262701071063851 
7.086496855564067 2.0084649633341387 0.8858627386947303 
3.9615115479896694 2.0 1.4894823988081394 
