2.0 71.44374979434481 106.84618540477469 
2.0 84.3135947637812 43.676730260364074 
11.708969022304615 2.844078402838721 1.1213320776913072 
26.27116457377589 2.0 0.9407926985902173 
2.0 43.42541712215666 27.237262925041428 
55.16426757390053 2.1002970549384457 1.7950073604700494 
23.57849795272324 2.0 2.014875409312009 
48.23228857346888 2.1586798316975493 1.685786127968421 
12.650913030924686 2.2504437384993423 0.6925354735683698 
8.809196102146615 2.0 0.8212224312195051 
37.155843283502826 2.07693395662894 1.0047308230270127 
2.0 60.186356201066374 34.308155191225865 
2.0 22.785607332116292 25.601578820888722 
31.774128780680797 2.0 1.3158031223083129 
17.718818491865413 2.485355567754368 2.397412572097288 
45.01405988136346 2.0 2.4682338757384423 
12.083227669229048 2.0 2.894981741852199 
12.502352325523926 2.0 8.466867894034866 
44.84963761577505 2.0 2.10677816891058 
11.870449791481654 2.0 3.502523963336775 
26.047186908010197 2.4389988159969898 2.5607837799026907 
11.51023501275697 2.0 4.293476269388886 
50.89408096744668 2.0294250118239012 0.5860605090760661 
13.012298698564662 2.209367526569486 3.182069478835115 
43.46898983860605 2.0 2.0900824390797803 
23.266433139834632 3.064324208722984 0.31904848756322757 
33.39842539497101 2.0 1.4851180178637873 
21.626346255441803 2.4424544473101513 0.9071629625733886 
19.906459955349327 2.0 6.144828780919825 
25.27591641078135 2.248525012911961 1.5447471834437696 
20.455287523219127 2.446099350699762 3.373651310376486 
13.583803527663775 2.3817162692637113 2.383156074438193 
24.781965358283863 2.0 1.4173179419066968 
12.450851286406373 2.4532579554079907 6.222566811056161 
45.58290657255195 2.311991102678536 1.0554523139534222 
11.685361228142314 2.040846033053803 3.7884064731977527 
19.151876219213136 2.2207390135690055 1.6994831791824043 
15.885760845816513 2.409456936091464 3.0267964612643734 
19.474690230514042 2.037539132611216 1.145300046633085 
23.900741234531846 2.3736380350468735 2.0782958104367637 
51.731817939282315 2.8498329185432882 0.09811313177788827 
17.270844424378247 2.0 0.6397824188074708 
41.45798446876651 2.0 1.92360761048187 
6.75099662555484 2.0 5.057075263824468 
17.19158723939225 2.4218383648430026 4.068106219280191 
2.718122770445758 90.702040216558 124.33682892258219 
12.650462791680082 2.2558430048590745 0.9296179115008548 
11.785866896085578 2.358721799584578 2.6473741815036886 
2.0 35.368197944442606 22.453510426415864 
3.111476095153856 39.54132973420839 120.67870338371267 
14.352878689975878 2.3913908353760136 1.3714094601622904 
15.808021175213213 2.364106015240413 1.0779543216044432 
10.460235455185948 2.0 3.9599435582378 
10.402573633770189 2.1313127734864383 7.320955547542783 
31.14901828149307 2.00065100486273 0.17599219334058347 
2.0 40.02407885526995 94.1213520566737 
10.218875623906904 2.0425047728190084 2.9689823175226735 
10.154554819526265 2.0 5.854623499667007 
32.839037616879715 2.0 0.80493927559873 
33.204632242779 2.0249873461349885 0.17148600851194543 
32.53883940539271 2.8850874687287487 0.3745714913982108 
15.267796356322329 2.436033359559048 1.483349779553313 
9.92288081382372 2.0 3.8828218218699626 
41.19304039260982 2.0060358886647256 1.265039283517991 
27.672826943923614 2.021706365763144 2.7590253433058347 
2.0 2.313400338285601 0.4886385125857572 
17.142511278117563 2.3689322242554587 1.0924986323063184 
9.049592657489974 2.132182398924225 0.8616815267124682 
11.53824364936429 2.0210475814709086 4.198616444177418 
2.7752409253030903 2.01493208300151 0.032932329755951305 
7.948173399062359 2.2450515668620725 0.7507994605389725 
14.62340501350393 2.0992944576993433 9.771755928597388 
10.660478810956448 2.0 3.7631899741843746 
10.052883836212615 2.510144727651904 0.7234787975979184 
23.644747699332825 2.173654934115376 1.7133955750785073 
12.677409507422617 2.0 2.163578996862463 
35.59090740570923 2.3000601983531257 1.8203453897796358 
15.150425644425667 2.0 8.521514841177119 
14.252015781431767 2.2344020452410653 3.5663041104717674 
12.134187890328374 2.0 4.466122848589862 
22.507290683604097 2.2481862557172905 4.56062813278402 
50.483375354075605 2.159402484179613 1.9766362987007304 
3.831608800160467 2.0175995443789603 0.15456122969359987 
33.24204594546227 2.0440811329508044 0.26348302034434656 
54.374244575392574 2.0139868404752477 1.8827216984317945 
7.752792365287014 2.248558466015887 0.6776643298130636 
6.832029521943383 2.3482129603490747 1.6032179902684796 
18.46472810902184 2.4429490189486134 1.3573544407815523 
29.2523877333097 2.13399645040188 3.0251737318365772 
9.530211768868536 2.002400593174479 5.007207938145342 
13.470843869559907 2.0 3.3418661082433445 
10.387472227598153 2.0294906612294024 0.6045466238319066 
36.010756814286324 2.328013583711213 2.427155824451357 
3.479826225989834 60.13907958514024 50.06692023978904 
28.046025554267295 2.000141946153384 1.2064936301542115 
3.408533116906081 66.04632303713782 64.45191670157462 
9.326416643383565 2.0030963288347863 5.112985367247825 
29.537903465367133 2.2004966354120423 0.4722474946742688 
13.429488780904716 2.0306641965075336 2.226022223262037 
13.697604191301174 2.0859052797705644 4.758981311214209 
