2.0 41.36182684289254 158.56637913542914 
2.9504902824956103 36.00652746135424 150.7521143177789 
2.0 35.14537677930519 154.66476167697707 
20.264008909668085 2.3521074500475248 22.912899202721007 
11.482723576236458 3.2909575943835705 12.563581086266439 
10.095187608356312 2.1316982545113325 2.1539555817228404 
65.14515515403315 2.871598143260447 19.917951589961078 
6.6055298177616715 2.1475765166871432 1.51104031433919 
2.0 2.4869628555171928 0.4258249492988988 
4.363871605513869 2.3846629921380824 0.772163838341327 
3.519643284259928 2.1737769798162314 0.9862937791940735 
8.8854957118103 2.0 1.6728669273647063 
35.41144659653195 2.6343292235393876 16.13538037051491 
2.0 3.1621411669192465 0.3883225842515811 
2.0 2.0 0.9817387255812191 
6.702352743315757 2.0 1.4507683566913636 
2.0 3.351918192613807 0.23372098391561322 
45.88882762210326 2.5438265697894313 18.699737865509515 
8.327905893048122 2.0001208224570766 4.095087208808786 
4.83311431864194 2.1619231443831595 0.6834448300068503 
3.476732123289318 2.6652129055235267 0.25749269021039334 
7.381216498897784 2.0 0.7966118688277435 
10.60910204557842 2.0 0.014791703161776693 
2.0 3.4666294880448985 0.48806636135806847 
3.537952376662291 2.0 1.1695998525358189 
20.542820587962265 2.942879034689122 15.260857463959224 
5.675234496245851 2.423321689874092 2.212427964714232 
3.426454326669128 2.418530933796381 0.461016813546529 
7.444675024461618 2.2561876411493618 3.651320393475532 
10.738170431447966 2.0 1.7212962954672373 
5.05639941258293 2.499475357266001 0.6373865652413018 
4.556902905736042 2.4681171684494214 1.1129072126805375 
8.08782013128369 2.3398170863257173 1.183151614074173 
4.398565344061678 2.2366829348014887 1.8309231123432876 
11.032481064998496 3.3673572653206727 13.502051710404999 
2.0 2.2774004256699025 0.9381707206992075 
5.567981137686042 2.0457626282005803 1.5118091223661434 
4.309192466890731 2.8335017224905634 0.4871472453885184 
10.189589511737793 2.2115175934547535 2.097149845503467 
8.427957552224019 2.1325752541940246 2.4464363470761077 
2.0 2.0 0.8103859002669066 
10.490896666591258 2.210191019982425 2.0666213058084906 
8.290176497275562 2.3197102023003806 2.759421681880138 
6.405373086325398 2.0964176025496437 1.6090290097552264 
6.9116195665163245 2.191813830642544 2.3847251955708053 
2.659075868650905 2.0766791085005236 1.351017357311237 
4.966994094189385 2.2044351019440693 0.8403085550035012 
2.0 2.0 0.5747048157237264 
5.650185284335478 2.4584027435996703 1.2773979537296871 
2.0 2.0 1.0951156319745001 
7.980946285111974 2.044312614137888 2.9793136577629853 
8.135664232099776 2.2594746564858315 3.9511865701086615 
5.6515350170332255 2.2094686640657764 2.3907025488334877 
4.8599449257616545 2.2599347527315445 1.3446106769397517 
5.665046078072747 2.380783549881942 2.3480941488295057 
3.7974728862093317 2.1963349563065857 2.0949527541167194 
4.789390105747348 2.4507020580019043 0.7401186429427415 
6.881935841413329 2.387461608257875 1.960023167774048 
5.69856314736465 2.0 0.8310172838542661 
4.795154799668534 2.306783755641776 0.9570200473168844 
8.10187674360009 2.042256149330628 2.841049332667791 
8.13620414313548 2.012717491411707 3.222047801855726 
8.993045366302319 2.022419434261047 1.556745845630895 
2.3923717973202887 2.0 0.15604018817074117 
7.54423220882366 2.2894021548049244 3.071298571995241 
10.24898292020941 2.141165528726122 3.6649370950178706 
2.0 2.0 0.6552255788211321 
10.177439004508805 2.093418966786982 4.921889966644324 
6.002619688041202 2.2039230717838216 2.326549019990929 
2.0 2.1298235909416605 0.5077115252899833 
7.9672177962435775 2.0091363270883376 1.8236882896258415 
8.181502278916845 2.1276088987581 1.0508354815192085 
7.717778051865727 2.1347645114306437 2.9540111566118314 
10.009054899500125 2.1156416520990313 3.214385637773812 
7.201173366856743 2.0052722142451307 1.6107367637351517 
6.968112003848678 2.1299435915578924 2.547375441576694 
6.885980504830173 2.279854070535335 3.5645873198303915 
7.949580361193545 2.1055229690587365 0.9997078602195925 
7.700045256761887 2.073478685101967 4.934652292288059 
55.95912586024372 2.9038611355184285 14.919677848764078 
38.83218188641278 3.349917196780781 14.614144384509872 
6.2561030735141 2.120469403814756 1.7718045518678684 
12.607436141860124 2.0 5.623540362202334 
11.937627058477068 3.329714090659541 14.301538278540836 
2.0 2.826651521081101 0.6161308381725439 
8.024790364098585 2.3657275339005723 2.58062294533241 
6.113793696905728 2.1912540217143195 0.16520333702090334 
10.183832046073334 2.029584025626276 4.072149070628383 
7.893800708245865 2.0 6.242898435463687 
4.577451592261372 2.2931028898365065 1.2602042543588785 
9.964774190804587 2.222187187177225 3.112401606094055 
23.94520518160437 3.2187551173187625 20.19523696888332 
3.9943534511947156 2.0327585713030785 0.9668689760175244 
5.079609837124298 2.000917767934046 0.6988286145374012 
3.6427418922630177 2.001173146293963 0.004739458544830877 
2.7561868813445787 2.0545040597691275 0.7451157295097691 
6.307981387086036 2.021708260448981 1.444987123568023 
6.311147899180707 2.1562389421078194 1.2150340902120425 
4.352555040785546 2.252307730227378 1.1281230105698097 
10.400916792819139 2.1067328361373505 6.558927148790193 
