19.943772861469725 2.0 0.0 
7.70261407202225 2.117710521740318 2.0180908501483192 
10.317352858517797 2.064070900208667 1.0496794431009038 
2.0 45.45145384196404 0.0 
3.552295570519954 2.6873268840146283 0.0 
7.625862099079308 2.0 3.3956272650396775 
2.3003041579528816 2.0255778840983414 0.09972964241566569 
4.5766286769523425 2.257807811423062 0.9912230185380311 
4.464468735388875 3.476193027352206 0.17934047422184834 
7.808285323216656 2.231999320245566 5.907331269753826 
2.196680622290309 2.0 0.640153505166595 
2.0 2.0 0.4381834844921148 
5.302562339434049 2.0 1.0378463063000718 
2.95 3.267299611766304 0.6355138011293916 
9.718420523546019 2.3359247766384317 3.8409212530158543 
3.371495749364188 2.0476175422878296 0.868910467043642 
5.913110630547453 2.4126226629648335 1.2909449312404444 
6.715495703855122 2.0524739775880896 1.2435633412013 
2.0 2.0 0.6741088788815504 
10.227772537002725 2.2113179522601705 5.238718624930733 
2.0 2.0738800979265415 0.2922435817205031 
7.588758460844441 2.0228855656151543 2.2719084991574503 
2.0 2.284527392995842 0.500878671858132 
6.278060519483012 2.0 1.0351703380574027 
6.074862868674574 2.1248241748995143 1.0953790585401324 
8.182251096797268 2.0 1.8037667959231918 
9.684302004076928 2.0022899010814657 2.3016466412764123 
8.069400819270124 2.149101664154355 1.871168782797323 
8.16307663054149 2.105958549980082 2.5193953445192103 
7.850478421311556 2.199265441510844 4.901629756258055 
7.8086902270444405 2.0675708063047136 3.1388812418215224 
9.674504412871736 2.0 2.4325360182914486 
7.266434181131134 2.692204076066405 15.050718457642912 
9.778141114784038 2.1940871581092125 3.198873864977251 
10.114550690213846 2.0 5.960649491602154 
7.826099139616011 2.0 1.7634062644370507 
10.039674533856534 2.1962873251423995 3.455815170785741 
2.0 2.0 0.7406320792162577 
7.251181127464021 2.076371158577591 1.9168849608842122 
7.754695970138646 2.112780769635706 3.032872409718264 
2.0 2.0 0.5940288405983467 
2.8852281283999277 2.0251638201189524 0.8444449970257253 
7.966781180236836 2.1787344949590115 4.124974598828026 
6.668940888466592 2.006953647515874 1.5117933108627077 
7.858982670807412 2.304820914154216 2.577591123130798 
3.8824600093180424 2.0 0.7909317431144542 
7.955889453567404 2.220658865943335 2.2278713005906186 
6.697109425801034 2.0 1.3137864200026987 
3.0239978253770072 32.25379972672545 0.0 
7.709492171222768 2.0 1.9596736471335428 
7.026395931478013 2.3692231370664043 1.4354374436842574 
7.673092780685213 2.033543315329044 2.099209312034691 
4.961615020212482 2.0 0.9302361120818895 
7.467317865818318 2.3427632671273035 2.1507627234765945 
9.760674501290183 2.1557078531288183 4.497931088278301 
10.35079121693542 2.0432283505447906 2.3730242777046437 
29.89246235571723 2.792346513740012 15.236375332899547 
10.294612747293646 2.249101912404979 6.3743854416469405 
32.31716752362208 2.9672646293418543 18.142817007627094 
7.5226217437540255 2.056790070247096 3.687783684828557 
3.307084272298301 2.062559559876167 0.5410462326807354 
2.0 2.0 0.5360803168042167 
8.31377667857167 2.0833306118140924 4.562182810306693 
31.77903567898389 3.219761928240925 16.06259673580747 
17.59755851040684 2.019131590429295 0.08497588334190195 
6.02959669885866 2.406164145717564 1.4286850505403796 
2.565881538922376 2.1579114546602707 0.5865167331820855 
9.830773088624085 2.466694866639851 3.6628035994671384 
10.201517240849782 2.16922714352634 4.937092540135717 
3.9148039867575326 2.0 0.7537553222685098 
6.618061236625609 2.1065273033978613 1.7088003022930756 
67.23064311245895 3.094529380079618 19.763196509482217 
5.84860806761751 2.0 1.6366541542174362 
4.079415493121161 2.0572004020031214 0.8763582780847261 
4.473003670415761 2.0468403103766897 0.9476093973680669 
9.553351297590662 2.0692849708702368 2.9355112351506283 
6.501651940697411 2.0110490112931525 1.4715548170166186 
37.23058584335703 3.167526973880595 11.417948856043703 
10.3417927500402 2.1282911723306976 2.821987209148957 
2.7907630373365437 35.7479957229116 0.0 
5.717477026107156 2.0 1.391775562604729 
2.0 2.0 0.373314358125726 
9.844099473930047 2.37322510914288 4.142724222989676 
5.451428378660216 2.1089969913161974 1.2301983615305945 
6.8460863378551755 2.206521390554242 0.9808412477183116 
12.381597713810486 2.777264376062353 16.283829823251747 
6.930131706919793 2.005336265304438 1.6669394177257444 
8.03199083903461 2.085142649594735 2.051036047262872 
6.85547552594841 2.3511976164264263 1.3481442366837664 
6.187526955150736 2.0 1.1572747110193895 
12.046176397708173 2.672590576003078 14.179324179985628 
3.1111546192879476 2.041739469223848 0.7475393546558786 
6.077735608903768 2.0 1.1280392035056437 
7.558362274725375 2.127569662892324 2.6861458800787403 
6.849475254911434 2.2447098379548627 2.8021855651961256 
2.0 2.0 0.48346769462149053 
3.201950172677611 2.0 0.3822426964234227 
6.10534208162865 2.000681337923162 1.6691669273050918 
12.532487584365533 2.7375852406761094 14.956376485618605 
6.58429946762646 2.0167835708104698 1.54450053025075 
