0.016655400000 0.111536000000 0.111382000000 0.127078000000 
0.007669930000 0.165649000000 0.172203000000 0.189741000000 
0.010165200000 0.153310000000 0.158709000000 0.176018000000 
0.014720900000 0.118567000000 0.118954000000 0.134794000000 
0.010980100000 0.135198000000 0.141025000000 0.157832000000 
0.007481100000 0.173516000000 0.180084000000 0.197504000000 
0.007298950000 0.179013000000 0.185554000000 0.203165000000 
0.010940100000 0.147479000000 0.153418000000 0.170702000000 
0.022161500000 0.093109700000 0.093493600000 0.109832000000 
0.007628920000 0.171558000000 0.178314000000 0.196150000000 
0.007178310000 0.208367000000 0.213476000000 0.232184000000 
0.128819000000 0.003999510000 0.004110100000 0.005274470000 
0.051989100000 0.042374100000 0.042827300000 0.053436000000 
0.166400000000 0.000587028000 0.000545990000 0.000632572000 
0.007854940000 0.165078000000 0.171662000000 0.189109000000 
0.007293700000 0.181182000000 0.187755000000 0.205254000000 
0.029260600000 0.075222200000 0.076001000000 0.090467100000 
0.019046300000 0.104682000000 0.105789000000 0.122021000000 
0.026860200000 0.081834300000 0.082526900000 0.097866600000 
0.047657000000 0.047220800000 0.048505000000 0.059050200000 
0.014026200000 0.124000000000 0.125418000000 0.141688000000 
0.015401800000 0.113690000000 0.113606000000 0.129225000000 
0.027704200000 0.079321700000 0.080062500000 0.095043000000 
0.049162400000 0.045425000000 0.047070400000 0.057241800000 
0.044915700000 0.050796500000 0.052098200000 0.063233700000 
0.085643800000 0.015049500000 0.015888800000 0.020156600000 
0.079179300000 0.018168300000 0.019138300000 0.024243300000 
0.143175000000 0.001755680000 0.001805780000 0.002221690000 
0.072207000000 0.024256800000 0.024842900000 0.031208600000 
0.093503500000 0.012861900000 0.013167900000 0.016696700000 
0.107502000000 0.008861380000 0.009308280000 0.012325300000 
0.053155400000 0.040660800000 0.041949000000 0.051444900000 
0.081253500000 0.016605600000 0.017545000000 0.022309700000 
0.073348500000 0.021437700000 0.022435600000 0.028172700000 
0.011368300000 0.133293000000 0.138707000000 0.155382000000 
0.054583100000 0.038581700000 0.039832600000 0.048917600000 
0.013506400000 0.128303000000 0.131964000000 0.148728000000 
0.038426900000 0.065169700000 0.065076400000 0.079337200000 
0.075926800000 0.021586300000 0.022087800000 0.027775800000 
0.011031200000 0.135202000000 0.141007000000 0.157773000000 
0.010701700000 0.151938000000 0.156555000000 0.173928000000 
0.008776660000 0.159016000000 0.165947000000 0.183633000000 
0.033298000000 0.074501600000 0.074261400000 0.089858400000 
0.160829000000 0.000635025000 0.000599912000 0.000677260000 
0.063529000000 0.030159200000 0.031402900000 0.039062000000 
0.016791300000 0.109653000000 0.109403000000 0.125104000000 
0.017493700000 0.107997000000 0.107674000000 0.123395000000 
0.043302100000 0.055105000000 0.055219800000 0.067887600000 
0.016605400000 0.112651000000 0.113059000000 0.129794000000 
0.057623400000 0.035813400000 0.036459700000 0.045922100000 
0.025139800000 0.085508400000 0.086080800000 0.101786000000 
0.118227000000 0.005151550000 0.005453740000 0.006931860000 
0.022000300000 0.097059000000 0.096981800000 0.113277000000 
0.012219000000 0.129988000000 0.134172000000 0.150853000000 
0.011939000000 0.131976000000 0.136845000000 0.153507000000 
0.024533300000 0.087899200000 0.088403300000 0.104330000000 
0.089636800000 0.012940200000 0.013711200000 0.017487900000 
0.014480100000 0.122374000000 0.123478000000 0.139702000000 
0.025895600000 0.083621800000 0.084191900000 0.099569300000 
0.180462000000 0.000151780000 0.000130437000 0.000170190000 
0.068594900000 0.026504700000 0.027164000000 0.034052900000 
0.010150000000 0.155191000000 0.161011000000 0.178580000000 
0.176280000000 0.000168434000 0.000129858000 0.000136039000 
0.060427700000 0.032381700000 0.033637500000 0.041727900000 
0.039035300000 0.062402700000 0.062395300000 0.076304900000 
0.146638000000 0.001741300000 0.001749230000 0.002123830000 
0.067170100000 0.029584300000 0.030160900000 0.038196500000 
0.040051000000 0.058030600000 0.059280200000 0.071505100000 
0.123830000000 0.005158960000 0.005385450000 0.006723310000 
0.023514300000 0.090671600000 0.091113500000 0.107231000000 
0.036952000000 0.068042100000 0.067841700000 0.082408400000 
0.056246800000 0.037151900000 0.038382500000 0.047239800000 
0.063476100000 0.031998500000 0.033390100000 0.041264800000 
0.046515900000 0.048391200000 0.048738600000 0.060401400000 
0.009227750000 0.157251000000 0.163565000000 0.181184000000 
0.028595900000 0.077374000000 0.078156300000 0.092962400000 
0.033997500000 0.072372500000 0.072233200000 0.087676700000 
0.020713800000 0.102441000000 0.102771000000 0.119786000000 
0.043343100000 0.051919600000 0.053163700000 0.064416500000 
0.110144000000 0.007907790000 0.008339180000 0.010512700000 
0.021304600000 0.099027300000 0.098962600000 0.115668000000 
0.070592900000 0.026138600000 0.026720100000 0.033990500000 
0.098644300000 0.011270300000 0.011573800000 0.014762600000 
0.170412000000 0.000320562000 0.000296116000 0.000360067000 
0.137599000000 0.002392780000 0.002494600000 0.003100900000 
0.020790600000 0.100712000000 0.100535000000 0.116863000000 
0.035944900000 0.066538000000 0.068385500000 0.081723600000 
0.013835900000 0.125537000000 0.127298000000 0.143490000000 
0.131882000000 0.003080460000 0.003246800000 0.004096650000 
0.114418000000 0.006770220000 0.007124010000 0.009427020000 
0.013690000000 0.126958000000 0.130122000000 0.146995000000 
0.083069300000 0.015669400000 0.016554700000 0.021052800000 
0.126902000000 0.004871210000 0.005151510000 0.006844020000 
0.041603600000 0.056326300000 0.057609900000 0.069568300000 
0.154702000000 0.000925199000 0.000918962000 0.001076870000 
0.010873800000 0.150487000000 0.154913000000 0.172256000000 
0.087381400000 0.013897500000 0.014702600000 0.018702000000 
0.050571900000 0.044679900000 0.045070100000 0.056083400000 
0.103117000000 0.010233800000 0.010654100000 0.013953100000 
0.034963600000 0.070047000000 0.071884600000 0.085788500000 
