2.0 2.6169879023987077 4.472958254466661 
2.0 14.537601136172896 70.83117225874902 
2.0 9.354827107019775 54.643905447992054 
2.0 3.343319300452684 256.0 
2.0 5.915681509304279 71.82153538128696 
2.153578104949477 23.170029924619655 76.80618403388736 
2.0 30.240026189198236 0.0 
2.0 7.563086165892489 19.286584809950373 
2.2032922092012597 4.1734708709068595 2.1624529716741954 
2.096696949812689 20.808014215168733 21.665541986884808 
46.67820499919698 2.0 0.0 
2.9581464655950827 2.0 0.4870826654350662 
2.0 2.0 1.2999799125668976 
2.900973432273475 2.582662377597485 0.21940401527794262 
2.065022191377631 14.595110240840302 13.661004528862307 
2.0 34.69029116705116 19.997231363375192 
2.084142618051831 4.092082316411938 1.7665266160189206 
2.103283292154163 2.0 4.946407225778058 
2.29342396505155 4.221270177902861 1.8937441780145574 
2.1428752384260603 4.015760002749538 1.3325023665550648 
2.187451528426987 3.7553290429988286 5.168642697303229 
2.0321095716617137 2.533582672420235 4.907196940388447 
2.1129992447800183 4.397028178283012 1.8437264451194393 
2.0 5.993423734395414 1.2638507259925427 
2.1802579149612873 4.139943672146289 1.384488619833127 
2.0217940676068853 3.5546125290989408 0.8111012434007134 
2.1239323528457903 3.884561950794471 0.8677069393880567 
2.0707622092462574 4.368099542346311 0.35133329965046917 
3.3088374910872993 2.221986400348839 0.998320818500691 
3.205813416174715 2.0 0.7597445264938215 
2.153009381669284 2.0 0.687895461245289 
2.10304126507856 3.798121440685017 1.2330006893698897 
2.0 4.054817161368966 0.8436292594303004 
2.052685953321272 3.8904555180292473 0.9310209748692682 
2.2058141475149022 6.004833992150694 8.231967231874496 
2.0 4.339628535124215 1.2004138713015549 
2.0 5.924178943958851 5.210193236934384 
2.0293638317665064 2.0787352883869596 1.667708141222682 
2.6981311737440556 2.0919273673364978 0.9408851331365095 
2.4553810463989025 6.365002851268457 10.963631460624393 
2.2237047821664953 10.309925957482113 8.292545668993965 
2.0 12.67767597133391 14.96417835421898 
2.0 2.0 1.855371871898379 
2.0 3.966187209999863 0.2222857775802587 
2.0 4.108292816769058 1.0821445949803867 
2.0740985732307378 2.650530766959921 4.126403808639615 
2.068031105098588 2.518412738255678 3.840271242378599 
2.0352726819763296 2.0 1.4970793039239905 
2.133648517926192 3.9803764761645133 3.3902686211048354 
2.312036349984591 2.0 1.1958236799860633 
2.1753758727431123 4.177468782790969 1.9658452876382944 
2.019334426432538 3.6439598399823554 0.5215531904708257 
2.0167490198592777 2.415347407828614 3.4651007389754964 
2.469013222116933 5.878811931956091 5.908303465909668 
2.378343560656033 6.175107945846358 7.138285514850737 
2.054076259331952 4.471675236528143 2.021637693645676 
2.0 4.186880042443617 0.7533562732870558 
2.1332055699607246 3.9321323366213354 4.761559120597938 
2.3046588325561013 4.264527759425709 1.9350952272885622 
2.0929093677978194 2.0 0.08403106286731288 
3.377876937616119 2.1844775021318847 1.032623124399247 
2.0603057456443525 12.72864472139456 7.582124873561856 
2.0639120894616636 2.4751031457670796 0.12504398886760482 
2.3781741727209718 4.351692717050799 1.1082204652313408 
2.1884874174773836 2.0 1.6233197049592532 
2.382328253571 5.240895367867742 0.3176573793798978 
2.03195023700382 2.0 1.101364295711708 
2.0577151649454115 3.521649331315401 1.4800725760883089 
2.0263067028442223 6.334958136421785 0.4891658500117835 
2.0 3.5520984497672408 2.09924576558591 
2.0765685488517933 2.0 1.724689670954302 
2.0942791268939054 3.6367466741132994 1.1785928216288912 
2.4338184998205312 4.815303090147273 1.0671942311279519 
2.1560873400631744 2.0 1.3919549493869996 
2.0 13.132353771101904 9.798597517530816 
2.251213622047205 4.473563015896574 1.807202865423191 
2.0 2.0 1.8101237680583206 
2.0 4.155051256747993 2.519417090506395 
2.0 4.476712005192763 1.4051051154544099 
2.119524664155252 6.098034417657092 0.583776119595728 
2.0 3.344385721379381 2.6358876705929433 
2.0435946661349855 2.381734150128679 1.0420016688112073 
3.026582960262386 2.2857624427455048 0.718031583832085 
2.0813837379024793 2.0 0.19037610291725438 
2.301126448358154 4.043791292616105 0.39065178050232263 
2.2590089556418524 2.8315006548272112 2.85564284691538 
2.0 5.943633405012608 1.5485175360418273 
2.0 3.8678319217563057 6.104723663562066 
2.1822873331630475 3.815686337018983 0.43578809624459147 
2.0015840338519637 2.0 0.6275299673251444 
2.099989771970256 6.473269205935333 4.69502933951971 
2.0567365801624597 4.0136357289661015 0.8134601941569038 
2.0 2.0 0.5620341893440698 
2.2320443499764377 4.018223935219562 1.4588386000110343 
2.176955420732651 3.924053439131134 0.2576410371844099 
2.0239345906275945 10.399428993112899 7.396064706157759 
2.0813617176525656 3.927477992545944 0.7732461228562685 
2.193272939034774 2.4816604450665167 1.3382361275294723 
2.0 2.0 0.7281572591466687 
2.1329753920164705 4.735097318493404 1.6418135682323696 
