2.0 18.23995338669103 255.9241618559559 
2.0 19.59828602677503 131.58102845225903 
27.94773012398721 3.3550508554968785 204.48710271958228 
2.0 19.479829346683044 243.88549405343144 
15.245465288048809 3.0910911023366756 180.55030161092267 
2.0 22.66614156199404 157.9635317893558 
6.5378845721814205 3.587898570345386 172.93209967646914 
27.276311751420714 2.0 6.479955332522862 
2.0 2.0 0.12654717627753698 
2.0 2.0 0.2315057108647408 
4.338483238573958 2.024395598025676 0.3854681846485877 
2.0 2.0686435258990303 0.9609919551842263 
9.340324984250756 2.0 1.2336386819438359 
3.9901730938188216 2.115429149837181 3.316932321680664 
27.14946548162487 2.0 5.033611718439126 
2.0 2.1011507863032115 1.3833274519325793 
27.810607557990043 2.375151664184795 6.104345602389854 
18.00853571116317 2.349441898656919 1.8982138688179893 
28.406789917709073 2.027416329334301 7.922614862764565 
2.9195366146440804 2.0 0.01865102264230245 
28.4017676810045 2.23603452088407 4.694723167299709 
2.0 2.1290608195660625 1.4016730801382742 
12.70480620492697 2.459596576349912 0.5355109824198094 
11.32082659583795 2.140023691779783 1.6093246209088905 
3.8355702657850776 2.0 5.650943778582002 
2.0 2.168223987022684 1.2037921736130976 
5.4026171037961745 2.4307055958230945 1.7244867568009112 
6.533229801347906 2.413857141823832 0.4246265836421265 
8.864974603570971 2.255909391938621 4.750568666141864 
2.0 2.1059816285209183 1.436413890991936 
3.7123144095517038 2.119291495756088 3.280728832585771 
7.8616071497520315 2.131004792195741 2.5140174995247886 
2.0 2.061772384266917 1.695180526992106 
2.0 2.106259780963482 1.2601500889821837 
2.0 2.0274527963738915 1.5103021403925152 
6.749513754892929 2.1959812529951344 1.7754772751056693 
2.0 2.0583648169175897 1.7676055489228855 
2.0 2.0 1.0344895329711132 
4.10577852454052 2.3851373762280925 1.01423711193187 
5.720886077806842 2.159994681777224 0.5312393093714958 
6.742662972857551 2.035016646536509 0.6305864954601677 
18.108547541569138 2.3630693227727755 2.2159710188111363 
23.915393635978322 2.3728814345911324 2.240792308043055 
2.0 2.0 1.0133251531850371 
18.37501770823493 2.725474422787593 165.35477120191598 
21.641473086730606 2.5827831026445653 13.650280528581831 
2.0 2.0 0.5299766570371321 
7.830758482581254 2.1539727818765635 1.8815523242596506 
2.0 2.051469894979333 0.8295401488137566 
7.039761816569966 2.1512771488986235 1.27535154965892 
10.036217848169183 2.0 1.8307615864919566 
2.0 2.0 1.6069465170470494 
26.928616973083844 2.0 4.5706379097740575 
27.373512446687357 2.0733009146082524 2.621007178836805 
2.0 2.1460042947292997 0.5722499560171741 
22.721645444540044 2.945434801122541 128.0 
2.0 2.038742055300976 0.8617042277374654 
2.0 2.0001466617380386 1.569203365745025 
22.860934550472063 2.0079296056763134 0.6363152825344172 
3.6340739339768247 2.3454615968113153 2.0989417513104462 
3.6908855735369386 2.0417877837233793 2.252202921247468 
24.662142707315883 2.9027885227790655 16.654873730805804 
5.15992145561515 2.37782539655939 3.0150670917335374 
28.00145371391511 2.0146115022628193 2.4980865936981216 
2.083804345847969 2.04142993227913 0.9410085369635621 
51.08394180497768 2.0 0.05543383430151083 
2.0 2.0 1.490571377314078 
3.5277670913743506 2.0836674234435666 2.8905011650861407 
2.0 2.279475272559793 1.6229030008861376 
2.0 2.0 0.16612414365883899 
27.36268260824419 2.5537599107012996 13.938057747504306 
3.555147923830299 2.0 1.7794511179640682 
2.0 2.4019081080849003 1.1058976222238543 
2.4026166705517245 2.426956891217696 0.7835386186560322 
2.0 3.771273592558221 2.050759913020473 
17.113516362197622 2.3223826685195843 1.857633393265001 
2.0 2.1351510938712646 1.2865250041589045 
2.0 2.442453410689165 0.31134500454533587 
16.593882066944857 2.0 2.297949014226967 
3.761213536314922 2.179724240363283 1.4886401762054258 
8.098160435539034 2.0 1.62290300088614 
25.42659343545713 2.0 2.306809509994861 
2.0 2.163770344884905 0.6676651258521424 
26.724035665420374 2.309527465130263 5.406489245060678 
3.2438731478558243 2.0894278332608973 0.4888303670661592 
27.886981295210497 2.90090224687171 9.335846862591453 
2.0 2.0 1.070782136821208 
24.483510888899854 2.0216630029047162 2.35974946918582 
3.8665761169159323 2.0 2.2741594696227168 
27.33207212537077 2.0 2.5670147601685023 
3.944983376381309 2.032090719393689 4.2840999406723075 
7.480612650742385 3.4289965037428587 27.37517693063202 
2.0 2.9098953696787335 2.3313209423371473 
26.286528141032363 2.0 5.657442841157151 
2.0 2.0 0.36805765657874545 
3.562109026393366 2.385062284248281 3.815730532074303 
2.0 2.0 1.8851830446000681 
2.0082614060094817 2.1600944931572266 1.2119197704913305 
2.0 2.0077055809899704 1.1791633013431317 
2.397429538756337 3.866093810123453 2.030086957799589 
