0.009568210000 0.384090000000 0.341252000000 0.344075000000 
0.016180000000 0.340679000000 0.294644000000 0.297163000000 
0.012801200000 0.365795000000 0.321353000000 0.324989000000 
0.009773730000 0.375747000000 0.331887000000 0.335152000000 
0.010653000000 0.371011000000 0.327037000000 0.329522000000 
0.008365150000 0.390021000000 0.348171000000 0.350142000000 
0.008581640000 0.387922000000 0.344508000000 0.347266000000 
0.389479000000 0.002965060000 0.002082560000 0.002241680000 
0.219057000000 0.082021200000 0.060354800000 0.061789400000 
0.325991000000 0.026284400000 0.017404000000 0.018648700000 
0.269958000000 0.056184700000 0.035277700000 0.036909200000 
0.285068000000 0.051229500000 0.032765100000 0.034205000000 
0.294270000000 0.043231900000 0.025464900000 0.027183800000 
0.116659000000 0.149814000000 0.109892000000 0.112865000000 
0.222289000000 0.079534500000 0.058863300000 0.059822100000 
0.070225700000 0.207915000000 0.163933000000 0.166604000000 
0.115197000000 0.150417000000 0.110421000000 0.113415000000 
0.120272000000 0.143461000000 0.104299000000 0.107216000000 
0.025459800000 0.306040000000 0.260424000000 0.262858000000 
0.348310000000 0.015305300000 0.009924470000 0.010803500000 
0.395990000000 0.003082230000 0.001745530000 0.001961580000 
0.225495000000 0.080343700000 0.054030800000 0.056089100000 
0.346673000000 0.017638700000 0.011410500000 0.012404300000 
0.230502000000 0.077443200000 0.057457400000 0.058302100000 
0.342042000000 0.018554100000 0.011481700000 0.012343300000 
0.020102000000 0.321315000000 0.275596000000 0.277988000000 
0.018413500000 0.330476000000 0.284338000000 0.286555000000 
0.400904000000 0.001789210000 0.001282720000 0.001356350000 
0.203898000000 0.107860000000 0.080735000000 0.082423500000 
0.309892000000 0.030591400000 0.016778600000 0.018096100000 
0.332343000000 0.026485200000 0.015402000000 0.016485400000 
0.024624300000 0.309856000000 0.264627000000 0.266616000000 
0.231107000000 0.066544800000 0.041806300000 0.043728000000 
0.192145000000 0.115291000000 0.087013800000 0.088259500000 
0.287852000000 0.041412800000 0.028891400000 0.029910100000 
0.332493000000 0.024488300000 0.015459100000 0.016602100000 
0.383019000000 0.006326790000 0.003482540000 0.003756580000 
0.156960000000 0.115884000000 0.081173900000 0.083439200000 
0.021578800000 0.312015000000 0.266709000000 0.269162000000 
0.379274000000 0.007261440000 0.003720760000 0.004137870000 
0.046238900000 0.233253000000 0.187807000000 0.190909000000 
0.020309000000 0.318450000000 0.273063000000 0.275492000000 
0.324188000000 0.028619800000 0.018625900000 0.019745100000 
0.356348000000 0.013961000000 0.008655610000 0.009471340000 
0.055882500000 0.228268000000 0.183126000000 0.186378000000 
0.100760000000 0.199595000000 0.156965000000 0.159283000000 
0.085755800000 0.200143000000 0.157667000000 0.160472000000 
0.303750000000 0.029941600000 0.021747000000 0.022014400000 
0.055287400000 0.229799000000 0.185255000000 0.188214000000 
0.210899000000 0.091767500000 0.064723000000 0.066446800000 
0.382543000000 0.006743910000 0.003945570000 0.004338920000 
0.365995000000 0.008218040000 0.005686260000 0.005852350000 
0.043868100000 0.252227000000 0.207230000000 0.209844000000 
0.025506000000 0.290933000000 0.245200000000 0.247790000000 
0.033524000000 0.269543000000 0.224398000000 0.227123000000 
0.030696400000 0.277206000000 0.231473000000 0.233949000000 
0.321073000000 0.029412800000 0.017126500000 0.018143500000 
0.378608000000 0.007540770000 0.003593030000 0.004055730000 
0.038152200000 0.265636000000 0.220529000000 0.223150000000 
0.343341000000 0.018628100000 0.009576550000 0.010549800000 
0.257356000000 0.056633300000 0.035314100000 0.036914700000 
0.014817200000 0.364572000000 0.320547000000 0.323861000000 
0.103660000000 0.177471000000 0.136610000000 0.139227000000 
0.362586000000 0.012074200000 0.006652280000 0.007195490000 
0.403982000000 0.002223820000 0.001110230000 0.001275280000 
0.208950000000 0.098238600000 0.069990800000 0.071171700000 
0.078791100000 0.200821000000 0.157856000000 0.160567000000 
0.198412000000 0.114009000000 0.085422700000 0.086900000000 
0.039557500000 0.257679000000 0.212566000000 0.215492000000 
0.075238700000 0.205064000000 0.161830000000 0.164611000000 
0.380452000000 0.007093720000 0.004483060000 0.004954350000 
0.370550000000 0.010408500000 0.005594430000 0.006038630000 
