2.585600171201289 8.24820461271036 172.6316125003317 
5.778444179139651 2.0 155.89161244675648 
2.6939114466454517 5.3473236014813486 134.59067625574323 
3.1386988477256983 6.179887944484327 83.24755823839597 
4.206807581769744 4.937124282142213 223.63698257518436 
3.629513779993813 7.975720369850095 128.0 
2.72399092669768 10.238291626087038 141.33301378972274 
26.876942249876457 2.0 0.04852048473881332 
3.0106212553150566 181.20477575557965 0.26964180084929934 
2.0 100.24644816622575 0.48702509842610076 
32.100584296148966 2.447988799763551 0.8727854241818518 
26.8558676501132 2.6005813221835994 0.7347936822926044 
2.3464891689239464 3.648327669308717 0.7698246482567555 
2.0 2.0 1.6916942926902019 
4.379807586897378 97.43052953308418 0.4261114653667373 
13.495464038544718 2.0 2.2474624895097866 
2.360700677042561 2.0 1.6999635986724622 
2.344258334787859 2.0 1.6297599530454958 
10.869511239453805 2.0 4.637470156730879 
2.0 60.91564591361325 0.38475584084695935 
2.051845188399817 13.311678540254176 0.16860269337316858 
41.765508987338684 2.0 1.0881608859388419 
2.0851749942037836 80.00382275402302 0.18438551648196722 
9.136017119978046 46.95188686348536 0.9920228992740858 
32.29449491428659 3.9134322687720484 0.34256451091400564 
11.408110214961994 2.2409156976085947 5.608198244857391 
8.456882369905864 2.0 7.605157005099601 
28.88269753918384 2.0 0.04052754878069498 
2.8055582332230387 18.89424200062068 1.2275941137138826 
2.0 2.0 0.7154429636441881 
2.0 7.671633688312387 0.6017459406826473 
18.376206163683307 2.0 4.624497631743759 
2.0 2.0 1.016953416232643 
2.556469305505592 17.526783566838894 1.3333897992068582 
4.201622226804394 64.78115910048032 0.6392862784207777 
2.42876933980367 58.23052599563326 0.5668545408245429 
2.0 9.428413755494113 0.31148496245191487 
3.4663921544279077 2.0344965048496633 1.3708649546806377 
10.252387240818749 2.0 5.138638076980941 
2.0 10.115163588887665 0.32253863108512293 
4.536549039168676 2.1157855300058275 2.6689892555572037 
9.977876384825162 2.0 5.563218760363617 
2.0 48.587146522093676 0.5126583620665003 
45.72945223841452 2.619083809745338 0.12144955362651677 
2.951658976343957 2.0579297741612166 2.6079002150876316 
9.716222437486927 4.747552581792732 2.0958194552579603 
50.478652016138426 2.0 2.0650824353367017 
4.57466343167758 51.69339202434895 0.4972270168434809 
8.652718163268213 2.0 2.5876256502831625 
2.0 10.668709227536084 1.1420587702862548 
23.057126258547303 2.771520826322517 0.17571505181543268 
21.406091904573522 5.56247898984214 0.049077860629321395 
15.359857841883134 2.0462395376159788 2.937644846903469 
6.040495995319409 2.0362002423191323 4.085413941077375 
10.380746849243462 2.2385847627962105 3.320004290039165 
7.516946831666628 2.3152324742888872 3.669709973171953 
37.47585763712466 2.4437938096446534 0.5996531508699292 
3.62077643893488 2.0860411488944646 0.39012137256872076 
13.839864453382182 2.0 3.1682978657659904 
2.0 2.0 0.5808433932924293 
14.231280767730334 2.0246949483869647 0.8982988661137439 
2.589970987213734 3.6550184963755723 7.444740032674986 
40.971432913816756 2.2374724991758446 1.8532970785583274 
10.346478040246744 2.512948461686637 0.418247396231193 
5.061538703850381 2.0 0.20512671095450585 
23.8807264428375 2.518885661821098 1.2463888345753338 
19.826996367425934 2.069163413487456 2.16039427112087 
2.9265340648672513 20.2770837474261 1.3459551553272542 
9.058986068747476 2.0059085100084855 3.0846356094355913 
20.713173397352506 2.101855162460394 2.202459425702764 
28.609673753255066 2.813450923708496 0.048306117550101835 
10.586368127467097 2.530009808541502 0.3786536483348546 
