0.008891580000 0.453309000000 0.434348000000 0.436329000000 
0.008541580000 0.475952000000 0.456326000000 0.455588000000 
0.008643150000 0.471274000000 0.451681000000 0.451422000000 
0.385655000000 0.040906700000 0.033144300000 0.033518900000 
0.010014100000 0.443164000000 0.423986000000 0.425095000000 
0.015931600000 0.418615000000 0.399619000000 0.400108000000 
0.138415000000 0.174430000000 0.154567000000 0.154426000000 
0.346293000000 0.059298200000 0.047638700000 0.048063800000 
0.009271140000 0.448348000000 0.429340000000 0.430956000000 
0.456758000000 0.007858750000 0.005908600000 0.006230230000 
0.500746000000 0.000891232000 0.000633856000 0.000664011000 
0.399848000000 0.034920400000 0.027133500000 0.027561100000 
0.389206000000 0.035418600000 0.028903700000 0.030898800000 
0.201455000000 0.124158000000 0.107476000000 0.108261000000 
0.299061000000 0.075758900000 0.064062200000 0.065892000000 
0.381820000000 0.043970100000 0.035320000000 0.036513900000 
0.332032000000 0.065512700000 0.053034900000 0.053379900000 
0.410615000000 0.030675900000 0.024411500000 0.026184300000 
0.013394400000 0.428650000000 0.409490000000 0.409194000000 
0.406438000000 0.033432400000 0.026821100000 0.028813300000 
0.423778000000 0.027099600000 0.021009400000 0.022194500000 
0.062243000000 0.264072000000 0.241909000000 0.239564000000 
0.272838000000 0.084844600000 0.071523200000 0.073256300000 
0.025367700000 0.366350000000 0.347571000000 0.343619000000 
0.255263000000 0.096115500000 0.082177000000 0.083643000000 
0.300799000000 0.071399600000 0.060005300000 0.061862400000 
0.361378000000 0.046596700000 0.037301600000 0.037917600000 
0.433259000000 0.024509800000 0.018968700000 0.019604200000 
0.109094000000 0.196643000000 0.175749000000 0.174867000000 
0.162293000000 0.145316000000 0.127083000000 0.127425000000 
0.073932200000 0.245085000000 0.223007000000 0.221023000000 
0.143450000000 0.171707000000 0.152015000000 0.151958000000 
0.126992000000 0.190270000000 0.169703000000 0.169277000000 
0.181244000000 0.134869000000 0.117334000000 0.117864000000 
0.454230000000 0.016741400000 0.013259200000 0.014409700000 
0.133657000000 0.181557000000 0.161352000000 0.161073000000 
0.058415900000 0.271570000000 0.249450000000 0.246995000000 
0.437598000000 0.018780900000 0.014731800000 0.015971500000 
0.210781000000 0.121145000000 0.104452000000 0.105821000000 
0.044564700000 0.297921000000 0.275702000000 0.271859000000 
0.186975000000 0.131537000000 0.114338000000 0.115007000000 
0.249790000000 0.098983500000 0.084770300000 0.086153900000 
0.270961000000 0.088063900000 0.075020600000 0.076631600000 
0.052789200000 0.283929000000 0.263515000000 0.261072000000 
0.017939100000 0.414714000000 0.395577000000 0.394228000000 
0.055764700000 0.276983000000 0.254304000000 0.250779000000 
0.084203200000 0.236323000000 0.214019000000 0.211919000000 
0.077071700000 0.239265000000 0.217282000000 0.215434000000 
0.027223100000 0.363974000000 0.343813000000 0.340082000000 
0.372337000000 0.045622900000 0.036534900000 0.037549700000 
0.051254700000 0.289573000000 0.268097000000 0.265097000000 
0.121532000000 0.194779000000 0.174074000000 0.173573000000 
0.055052800000 0.281617000000 0.259605000000 0.256994000000 
0.489234000000 0.003255550000 0.002374030000 0.002608030000 
0.068430400000 0.259078000000 0.236252000000 0.233039000000 
0.038783600000 0.310934000000 0.288919000000 0.285448000000 
0.281796000000 0.080119000000 0.067231300000 0.069039900000 
0.046275600000 0.294661000000 0.272333000000 0.268522000000 
0.105245000000 0.200175000000 0.179150000000 0.178176000000 
0.086770100000 0.224728000000 0.202969000000 0.201420000000 
0.178147000000 0.136639000000 0.118991000000 0.119531000000 
0.011925200000 0.438254000000 0.419020000000 0.418760000000 
0.012184600000 0.431803000000 0.412572000000 0.412736000000 
0.030006900000 0.346979000000 0.328516000000 0.324719000000 
0.311738000000 0.073918600000 0.060414600000 0.060686600000 
0.014309900000 0.423607000000 0.404425000000 0.404224000000 
0.146359000000 0.160099000000 0.140969000000 0.140974000000 
0.475240000000 0.008188880000 0.005895790000 0.006488360000 
0.030708800000 0.341625000000 0.320960000000 0.317361000000 
0.224828000000 0.109210000000 0.093802100000 0.094932100000 
0.483701000000 0.005088300000 0.003726600000 0.004075550000 
0.022064200000 0.408425000000 0.390079000000 0.385022000000 
0.025098800000 0.379757000000 0.361566000000 0.357546000000 
0.414066000000 0.026753700000 0.021662900000 0.023502900000 
0.072872600000 0.254710000000 0.231896000000 0.228777000000 
0.321386000000 0.069045700000 0.056104200000 0.056435300000 
0.022695100000 0.387191000000 0.368432000000 0.363399000000 
0.060076200000 0.269185000000 0.246467000000 0.243055000000 
0.041580200000 0.308671000000 0.286724000000 0.282736000000 
0.262826000000 0.090670900000 0.077068000000 0.078599600000 
0.355173000000 0.048293700000 0.039859800000 0.041878900000 
0.031390700000 0.334705000000 0.313627000000 0.308825000000 
0.159612000000 0.148928000000 0.130490000000 0.130738000000 
0.144989000000 0.160916000000 0.141728000000 0.141684000000 
0.156437000000 0.152842000000 0.134112000000 0.134282000000 
0.212733000000 0.117011000000 0.100949000000 0.101921000000 
0.042563400000 0.304923000000 0.282882000000 0.278950000000 
0.348356000000 0.054381300000 0.044200100000 0.045268800000 
0.086088200000 0.225733000000 0.203962000000 0.202410000000 
0.337495000000 0.061224400000 0.050018400000 0.050312500000 
0.318452000000 0.071147200000 0.058939800000 0.059216600000 
0.236582000000 0.103536000000 0.088629900000 0.089924500000 
0.091372500000 0.218171000000 0.196571000000 0.195152000000 
0.011293400000 0.444716000000 0.425383000000 0.424451000000 
0.022232500000 0.392200000000 0.373332000000 0.368714000000 
0.034540200000 0.322841000000 0.301310000000 0.297731000000 
0.510246000000 0.000530516000 0.000328896000 0.000372799000 
0.024690600000 0.383580000000 0.364880000000 0.359789000000 
0.030257700000 0.348397000000 0.328820000000 0.324228000000 
0.293070000000 0.082611100000 0.068113200000 0.068220200000 
