2.0 18.11052472907349 231.7115502381423 
2.681466589050218 21.964662607201667 124.25233678581442 
3.1735494012992405 17.348865784758868 133.38769846154923 
30.316088418743174 9.100182957172052 0.48189422280856853 
2.422667701025715 17.06196916939405 24.53668569084639 
2.0 12.732899629320517 14.192175509339533 
3.294507088725463 2.0 1.9418291284296576 
4.051059418681155 2.0 0.8764824150324937 
2.1036859816763718 17.61480849179616 28.136699262530602 
19.170280558197238 4.557876253910648 0.15978951379906015 
11.499494801356564 2.300506657151136 0.011910826030403776 
8.965934015340828 2.50681995399403 0.5686009691088505 
3.41186823232896 3.052325717772078 0.6906226746895574 
3.245777421672628 2.763292575908684 1.4268564756574804 
2.8570231470129324 2.0 1.0792905212306847 
5.7280652904848335 4.096313104367811 0.6496733615761974 
4.2197998550859115 2.0 0.9336464414747752 
2.397232243634013 13.931619476955845 0.5673869540806554 
2.0 22.166474426008165 16.295746453412274 
2.0 9.455140982553512 0.5995306765270259 
5.171722879690826 4.44371033931481 0.5049340657323139 
3.3117973987257656 2.926116166470008 2.924326973814061 
2.0 2.543826997488035 1.1011082095077438 
5.870165051033233 3.6693065433581284 5.600938849365367 
3.219950820567512 2.0 1.246355707553093 
3.0143850783080004 3.2462441499019112 1.0129581152935432 
7.3021029015991985 2.831406723582959 0.6995755901039638 
6.256566311998805 2.0 0.5139857257390936 
3.2948502948536453 2.702057387818294 2.057611894219451 
3.190392182305634 3.138130034868825 1.58814666580527 
2.7033662390951707 2.8966613854800736 2.6414433974148412 
2.593890576885771 2.2715011233459395 1.9200372055846464 
2.934052884136353 2.283055637619378 2.1160485272852823 
3.0593639885199124 3.0844797376342186 1.507199057852442 
2.0 2.166711882765508 0.48558755893934114 
2.973984023705073 2.2518116728255317 2.0230721122908273 
2.5197502247323853 3.042600319332363 3.056920049146739 
2.0 2.8332605875074695 0.4935788133622325 
2.293110874177534 2.628103550828385 1.3807325837915878 
3.997497673010456 3.134975981695213 3.4977813453502398 
3.0666321095730904 3.019787119880406 1.4825762100899356 
3.2322090241029535 2.013350305713195 1.265112171555526 
3.214088128113431 2.0 1.186196169909525 
5.528852344517274 2.0 3.5732273691768786 
2.0 30.65807162962657 11.231138783813321 
3.8794580225055193 2.7922205479662434 3.0544156524049457 
3.571408089063697 2.0 2.6605188447828994 
2.794750564752892 2.6626276251485477 2.5599911044318078 
3.6077761794647834 7.900469654102929 4.8572444497100955 
5.262019957977408 2.8173304737383504 0.7072473620903434 
7.198223051463462 2.345407626538073 3.5199189948329654 
2.5000389271020493 2.0 2.166272037571117 
2.702645995454718 2.7410194904708782 3.2610400751920476 
25.70342828943608 2.0115282866815014 0.06608713572831454 
3.9358995690602843 2.886087695731093 2.7599275440406363 
4.278716828185139 4.1448849306239355 3.57829397381417 
2.0 2.633455435216762 1.0608179157462283 
3.890527267788283 3.0985080012486224 3.414703415373584 
3.4337419824187387 3.383210349428275 2.099532052979537 
3.3776743278809995 2.956606706636147 2.372815056483647 
2.55465003571459 2.5124932039096857 1.5139300923829655 
2.0028099713992895 29.849654696513554 19.242173544114785 
2.0 21.44978196357885 17.959591699799386 
12.944584960586013 2.0 5.023816483120784 
3.876016153933182 2.0 1.0065657665628678 
2.482265573951487 21.111110914726815 14.856971114587157 
3.487253182568163 2.7656908619700067 1.7066675695180265 
3.5830838049300073 5.133677633800149 0.2572833473093379 
4.143824179527526 4.161173578978876 4.488540791864861 
3.0972562837643274 2.9147575558569816 1.3014228344224625 
2.0795569037080988 37.658363415841414 0.11545227651179926 
5.7549199912216045 7.792741875811886 8.19218900437449 
5.773007351331163 3.787275160674445 6.625549091640313 
2.727432955024441 2.650478957162187 0.5969478132640909 
4.486839412916012 3.080780442453017 2.6961829208342625 
4.211916440914543 2.015368953818268 0.9610592793163129 
9.902626341290416 3.6543111340889136 5.955680857886106 
4.188254788292698 3.084172098155923 2.9278689781992053 
3.8084002535164503 3.3788855739309485 3.7481413390779155 
2.942274117308788 3.093421496570305 1.1686015110691121 
3.0031445362864666 2.8029457458356726 0.8146687818659868 
7.216201364520786 3.453453527801851 4.197972504596621 
2.921645970891194 2.8158585554342888 1.617875517361714 
3.352952516209932 2.75531265071153 1.7252088852547787 
2.583730105175432 2.530554665522893 1.6404897507503158 
3.1441674534322677 2.9406636693338513 1.3615659860490514 
3.6359733946206036 2.9595219779623476 3.6698539205282765 
5.044386962121894 3.1219280454212983 0.7727522120614143 
3.2577060385199657 3.2036156216829705 2.3860871160773662 
11.549036219344677 3.287246330444341 0.7979989208839239 
5.868072261348723 2.873071198833968 0.9323532605939353 
3.0144378806395173 2.9220091826175336 1.2563640234828513 
3.3399733723356198 2.8448685256530015 2.2932989985935652 
2.0 57.1480617562745 20.450716297686256 
6.988761708829207 3.6575986634181694 6.9395802861352625 
4.479106498273135 4.322773574394253 3.8751793920484987 
2.0 2.287007735104973 0.01801670557187529 
11.358804948511548 3.5107077629458043 5.427290451977075 
6.12265186311877 3.0387966138092817 5.035515801097754 
3.615447202745174 2.4153096005026953 1.0791734566732458 
