28.219365247072922 3.32264384590003 120.41493857692262 
2.0 17.8418037939485 0.0 
18.325113503455334 3.242145457675796 60.427325044500876 
2.0 18.75732458551795 0.0 
2.0 20.12369674416492 0.0 
4.512045911058384 2.447876255736219 0.7945341661594675 
2.0 2.0 0.7794139735087537 
2.0 2.0 0.5409140070509766 
2.0 2.087713495676231 0.3469442410551604 
4.946670352371072 2.120266029061694 3.7269509941267205 
2.0 22.752345456194753 0.0 
5.9068913858692955 2.0 0.3592923783158554 
2.0 2.0 1.0414537154609191 
6.151105241293382 2.9189180169033047 0.34230656133130216 
2.0 3.5714304603452955 1.643010428135611 
2.0576108073776753 3.249213565231744 0.9243296185477345 
7.952144740405963 2.0555542787169117 2.1834640733690467 
2.0 4.395299809750432 1.6095533524133034 
3.1181758359452205 2.878097294153518 1.7165090817414104 
20.80735927376564 2.3121428524283285 2.6593162427352572 
2.0 2.0 1.857289140507582 
2.0 2.0160356936958603 0.7134124287442567 
25.026070011895943 2.0 8.848991360651855 
2.0601435548361025 2.6792419784445967 1.2736284949318832 
2.0 4.4119194548041465 1.9631641332946994 
21.325695459114385 2.0 2.018357039496559 
8.860997744896874 2.0 3.7592923326787977 
2.354549397712522 2.4951457607358094 0.5783458555424374 
2.0 2.0 1.5102486429474633 
2.0 2.4948004600979363 0.19022432461859917 
5.0303014036884335 2.0 4.715476917470755 
2.8627476983975373 3.2039896898280666 3.086116732384488 
29.04744383068893 2.0 5.362713836560833 
2.0 2.0 1.434427469334909 
2.0 2.0 0.6779854673189379 
2.4887275725486897 2.0241158981778216 1.2345904333054314 
2.0 2.3083180014300875 1.8143379191005422 
2.060866267254415 2.2296840674298375 0.8723320353652131 
5.011117856569298 2.0 2.0717414772854674 
6.48264330098419 2.0 4.637252409524184 
5.031934383333034 2.0 2.420394653818197 
25.3460985382823 2.9267872559779375 10.80313037986815 
2.0 2.0 0.7488347740998871 
2.3210836214195187 2.109116959679685 1.2074374729177095 
2.1877867660745225 2.0 1.5335395429591436 
2.0 3.684002373949766 1.5702838544638165 
5.180464948585538 2.431894266661555 2.4589633663861146 
25.9548982143425 2.0 3.1886963484858386 
14.729764106218354 2.7247712086421956 34.70859835572966 
6.699417840918834 2.2081038356910203 2.720548662493222 
2.029729822291278 2.1885431096364485 1.5632603436270311 
2.022646377963377 4.135021646045597 1.5311601500129122 
2.0 2.0 0.259437508472975 
2.40487886841066 2.0 0.9735912199835466 
2.0 3.285910635916976 1.0881343472584848 
2.0 2.8242957326091247 1.379974605771447 
2.5562370030000703 3.0111707356408446 2.985704587258058 
21.64193022378399 2.540185348794255 13.560992371402214 
20.326514745612464 2.040652663599869 6.288801146636778 
2.332193331027377 4.188625017375221 2.205232970725994 
16.622340869150047 2.433057277351161 2.4074151343113632 
3.2544077447745217 2.6699869066656903 2.3823472162067993 
3.493652677216052 2.0 2.5857202514223183 
2.0 2.0 1.1022304649723964 
20.025690429937328 2.0 6.535764151718242 
2.1155994812002645 2.1533509734199447 0.9302154544837815 
2.0 2.7225595264608953 1.0422143825404362 
3.5891829673226683 2.0 2.6857527616714707 
2.0 2.0 1.884884948363844 
25.51994731699071 2.9806629480357407 19.19980961186166 
2.054572622483723 3.135472286862783 1.34403207922856 
2.0 3.793372990035877 0.5429114556465184 
2.050868957495052 3.952419039882203 1.8829640900116382 
5.630547476571596 2.0 6.753405985047875 
2.0 2.0 1.3518681749167967 
2.0 2.454284539271474 1.183738255221968 
24.778912602453435 2.0 2.8705509436099135 
2.018902472837172 2.555680327463399 0.988973536413956 
2.385393511752087 3.24458906953026 0.5326754097614779 
4.473092292698796 2.1051890500487653 3.9668454578046077 
2.0 2.642403575998761 1.426843114147686 
3.612987970496837 2.4306538122354615 2.053662319451102 
2.0 4.11638410003462 0.016725698281629953 
6.843185738008821 2.0 5.6930396512564485 
32.733700076788466 2.6803240061280365 14.261581804580011 
32.22464685576719 2.0 3.060585214012111 
3.6242637943633547 2.373955844834857 2.334497619588221 
2.0 2.0 0.8084723041131636 
5.552652452559753 2.0 0.460262731821664 
2.3106987111102923 4.3635341881950405 2.025619393524884 
2.4668905409060864 2.0 0.913766673961579 
3.7786698606272964 2.1135364978071465 3.519647186882475 
3.5784341991163355 2.0 2.8198650919312627 
2.0 2.0 1.936199582950124 
2.8501298109404445 3.3217366580417087 1.8484025229917473 
4.57930160832661 2.6448680632665047 0.1025068278346477 
2.366245210329232 2.304222329302261 1.3012135824220408 
6.038022237098442 2.1087626264750186 4.944337435326959 
2.0 2.0 1.2716902343027274 
2.0820170275608505 2.0783291473723797 0.2878242215376541 
