99.1966302442621 2.0 256.0 
2.0 2.0 1.8201854309724137 
2.0 27.555676371859445 0.6564583439407272 
2.335844010292079 189.1276056961024 0.36807224081604484 
2.0016632197908946 95.88988843814093 0.22703746289205748 
4.150633967918695 102.42759456306158 0.897660835241207 
2.0233686265480264 10.796049619639827 6.93568100232176 
2.0399430396016403 51.68281896896789 0.07943848600560477 
2.0487389011429045 14.790366326896931 8.361344646798715 
2.119924126075189 9.295071640265 5.994308101342529 
2.1192443595305606 6.327454171896036 3.621099414049875 
2.0 2.0 1.5659121259417788 
2.224891655105138 2.676238748749431 2.1677279729937142 
2.0 2.86983207848661 3.6825514396785892 
2.0 9.222971738300743 3.3513461082254143 
2.170482096425733 12.90768731603607 12.483119358442632 
2.0 2.0 1.8527355068240468 
2.1715821446864956 8.800673737203656 3.0682932038071167 
2.0 2.0 1.8917626118720223 
2.3157953202535957 2.0 1.923541398099317 
2.0 2.0 1.003397923159575 
2.0212754907436308 9.093773449437634 5.27074160812313 
2.0 2.0 1.3941040465843628 
2.0 6.480882903726025 2.5640746537667893 
2.0 22.62388589544979 0.0 
2.1217824197972863 6.276706488049914 2.7836480144102542 
2.0 7.445279007611548 2.2153545726195283 
2.0956820855992158 5.951996326578325 3.2373555095502895 
2.0369182241804915 44.416159443028114 0.2567072542545418 
2.016103956221876 5.922593084207271 3.430901140437115 
2.326985956265652 61.28747059320523 0.4137497214506576 
2.0 11.311997100282284 3.4682132113529924 
2.0 6.368454376361717 2.540017657174092 
2.105798148376881 2.777737862876071 1.2031885403922762 
2.2116737765667587 9.905265126872889 3.0095098865992833 
2.2901437935453606 2.0 1.991772987751123 
2.0 2.0 1.235713419818162 
2.118840131540499 2.7609333479951794 1.2793725013424604 
2.192363183512611 57.521360468729746 0.7378910584858381 
2.202256423825624 2.942824431860332 2.317504019355816 
2.0 2.0 1.3620190573636308 
2.1768281226192925 8.9331678376126 3.1734940926745034 
2.042633290105981 10.874795419109514 5.138972463877698 
2.10776247601431 2.5771679442207827 1.1787738028922057 
2.0 2.0 1.3197578636331344 
2.0 2.0 2.0286549751441334 
2.065979701909068 17.52494613539389 0.06819134270635985 
2.2980635540602474 9.028806402413235 15.209904762668808 
2.0209564671649454 6.221823713394288 6.503824299480729 
2.0208796267557734 3.740136782505798 2.3984437045503184 
2.080587920890831 8.522152989498462 2.8938159756029203 
2.0745891133636496 9.882859332356233 7.229230658173932 
2.0253122044858745 9.027442677092282 10.287574620416233 
2.047728892419387 5.6635155457147714 2.49393890925884 
2.013932957190465 3.449468952032373 2.1892555902543487 
2.057504344365222 9.35716058702365 2.137719680832472 
2.0 2.0 1.96856307436947 
2.006486030873715 3.719397719186535 1.6458610698071527 
2.1992176281308478 9.054522968733085 2.924404522443118 
2.2220886039345715 4.101438458358796 2.570641642915847 
2.0 10.614768013859795 0.9372966043063 
2.1612152151750124 7.835968240086583 5.367432943944935 
2.0 8.89443120153975 4.9629877016178625 
2.263287393044004 4.272160992254346 1.4377001871437163 
2.167833665198257 7.396930963976675 4.274152298300992 
2.0 14.672079896367812 24.550858050919963 
2.021750919274825 67.6119231943442 0.343011360400753 
2.0487083290639427 5.446370980685039 4.307615079878934 
2.268585969801849 2.6459629144788486 1.677264644775378 
2.2534484452054597 4.829250783984333 1.0890124450505472 
2.0 2.0 1.2950365745835324 
2.0184497176446103 7.013176628440431 5.625733717286587 
2.001327250666181 2.702770398315601 0.07561891005038057 
2.2635696582930023 3.1665715674213635 1.7501429635776 
2.050109341426745 4.606506787735199 2.652665386299574 
2.0293109120561175 5.7674536967679595 4.091864790495081 
2.1186278034650754 2.0 1.4830192896064016 
2.0 2.0 0.8759812070464554 
2.26368705911406 6.1177824346862 7.694332357678006 
2.1603567308568192 6.560658779755398 2.7892594525195364 
2.0 5.936400377881562 3.800234937894632 
2.1252577877265115 8.75672553385457 6.189740826817039 
2.0 7.028288171592984 4.702047544616644 
2.097690035905963 3.1141668751114677 1.6168766756706736 
2.044924290938032 2.1795725871910143 1.116036132753527 
2.0119547563276905 3.2334498673898113 3.5122457715347286 
2.1207022599517327 11.488859398261166 4.552914023857599 
2.4771694819306833 28.734708952238147 0.1628317273275569 
2.018531495781246 8.41302434457112 4.721573656308511 
2.0 7.559823341860074 6.322564546693013 
2.146331105048715 3.6063073029966244 1.7350502874316491 
2.0661304601221 9.645235710975413 1.5766942602180383 
2.0 12.66524456875217 10.860658668079763 
2.283531615447847 9.94175899887566 5.824987535393453 
2.0142606259894187 2.870246574480582 3.784141274592693 
2.035812547206902 97.0 0.5417172662556107 
2.110595237456088 3.75634896344967 1.0292303885694962 
2.072791353015799 10.563746429543095 8.915834152793256 
2.0 17.330106534160407 15.808876235057458 
2.190975450671936 28.935250521367934 18.268174867733773 
