55.87283210004876 2.827469206020162 106.44047495233993 
14.968470100821193 3.0261358752778644 157.67288205532972 
2.0 35.04518043586476 129.47668314094946 
13.874501131488717 3.285981881921333 221.64140336317016 
20.46637046242129 2.0 256.0 
20.175196485776674 3.2700000000000005 155.01248805678964 
71.00604548081215 3.2788039814908503 128.0 
11.864169116878237 3.0353535667583444 160.811678630832 
20.966431549915626 2.7946363833505536 167.12377126017782 
2.0 26.273466910440497 0.01225584755724185 
2.0 42.23357375559311 256.0 
2.7668455359531805 36.03545549268313 256.0 
2.9362964529886644 43.50780990292705 215.78601202714862 
3.2728682535659575 38.50698544881566 138.65780838177625 
3.375361647745734 2.0 3.768011286880106 
9.533718046081553 2.0 5.192599563411903 
2.0 34.51591884297504 128.0 
97.0 2.0 1.535212151460712 
2.6021715136105934 45.295890912869794 162.85677418445584 
97.0 2.0 0.5009799285691621 
192.0 2.0 1.132957796360671 
2.879718504799115 2.0 2.3537696597908746 
33.26398339839535 3.3661328089248275 14.000273429909903 
97.0 2.127302827837096 1.4841262980534096 
6.288793338373804 3.2581198379325524 153.84620788748873 
8.022180731482802 2.700294479954436 128.0 
10.309320655068284 2.0 6.351258347356186 
3.1099847709506454 43.13788949858856 201.5571559059419 
10.362884830160995 3.389627598569845 152.12121807091825 
3.4934743869458096 2.0 3.5969283461496584 
34.551675603078515 4.929013405507961 0.97472374792798 
5.341485416333811 2.0 3.928956696070472 
30.266915100345926 2.6836114434534286 252.7936435052974 
101.05694794535228 2.0 0.9229368189715927 
44.05125818793504 2.639647875714734 256.0 
5.824896847805122 2.0 4.5722805818279815 
2.173697004942938 55.24668359313172 1.379142311233652 
2.0 2.0 2.141373526756836 
2.0 2.0 0.6023113796901356 
97.0 2.1427768283307396 2.3732913079063183 
81.04006135261776 2.112520930609899 1.5170383585266194 
2.0 2.0 0.3603451763536212 
97.0 2.0064732279579185 2.0814544983951233 
2.0 2.0 0.08628497786949413 
