2.973322906450133 4.760319209668452 220.53284146737155 
2.9084280338169997 6.443335887343853 209.39076750436513 
5.562824610827717 2.0 210.99963748008298 
2.961934921527301 2.0 227.76731116932652 
2.7343501101685166 9.964948144713473 211.74871847358878 
4.405145748572115 5.346697387290078 216.45205743938894 
4.107092940468366 7.881822756472908 219.27893633438617 
4.34961940169082 10.428457551093114 208.62236105802717 
3.247835853236942 8.399220464294183 206.7505890377325 
41.43562008721869 2.0 6.622981307259373 
212.44396169567418 2.008938440407348 0.6141723715118763 
135.38708729255785 2.0 0.4174726366347947 
94.46062803874631 2.0 2.3457502914493147 
73.19681032011775 2.0 0.01590963821899688 
116.73915742113729 2.0 0.5386445773128825 
145.0810176437575 2.006800928005638 0.9441674549904526 
119.75161975875697 2.0599615120035155 1.9191022098281298 
73.3540344570333 2.6660648623829983 0.5681650824557477 
2.0 12.704880750346167 4.562416096297823 
96.4738870906142 2.5147818777846767 0.48344846338387404 
49.506984699512216 2.220619118868681 6.225567177026549 
2.0 7.70626349461676 5.667804988086844 
86.30071256516118 2.0 0.8200070220874142 
6.766125366655643 2.147101122851212 6.9692216463419925 
2.0 9.548047622829532 6.482189038594975 
18.588057385089257 2.0 0.6682971357116392 
93.68242002117488 2.029846798448042 1.6609837882933391 
60.29059042038753 2.053574488455975 2.6715239026082527 
51.49512911473329 2.0 1.6402130915580464 
8.415194751435525 2.0000971689202607 0.11488140995387397 
23.54670434078558 2.0 4.7606796413213885 
35.09273080507758 2.0 1.9125084822862761 
81.20843696105521 2.0 1.0134568338217351 
2.0 2.000163462847173 2.584042982546075 
61.157353598871836 2.0 2.109783301285238 
2.649068226743921 9.916155511835653 6.55311771360199 
6.536841537885112 2.1395235682286007 4.286551758969987 
2.0 2.0 0.8963123325192327 
2.0 2.0 2.900329970043893 
49.38802640310715 2.01494760226037 2.1990213076077345 
4.916379680412483 2.0 3.128888568967646 
2.0 2.0 2.902135685558827 
37.55424663429765 2.086703156273914 1.2483008530044502 
63.14969286023285 2.8834451007066497 0.051147888036454425 
3.1788377587409684 2.160897719794227 1.3047085123992015 
11.685620141411277 2.0 0.2149601402205441 
2.0 2.244551904813791 1.4990803782209012 
55.532305501335 2.0 2.0483452978778023 
4.682413711178281 2.0 3.041972483677273 
40.14274345177289 2.3378265311908706 0.49368410005428864 
48.798311843963205 2.0823110570163776 2.0794646627807114 
2.0 2.0 0.4158820348762744 
5.815103639907534 3.4828907982783255 0.26006773434499947 
5.831390579997937 2.0 1.0910823181286107 
2.0 2.404257715386529 1.7480322017816732 
11.458598328438562 2.0 3.515985935933254 
5.806075025425901 2.008081400694155 3.9318178469912977 
3.529966973029147 2.0 1.1563339986564887 
30.285618873622976 2.098494747972105 2.456180674267401 
8.446623641795457 2.0 1.4400211456051266 
88.1603535866154 3.9384439961015687 0.7715280453137212 
2.0 2.8635575191926463 2.6814497648807496 
