2.0 6.442325732502775 246.24383813636092 
6.040610007109786 2.0 101.45965386172935 
2.0 2.000412853645921 0.6222256540739985 
3.732401346627851 4.616624605612976 140.46097989537415 
79.9529244502165 2.3899916714674423 0.521466218361585 
5.7359924680823635 2.0 3.7450457982646057 
3.199170330624874 7.6905579645400355 143.6655654389371 
8.334616151363907 2.051956204921824 3.251735574155266 
8.782278427277497 2.48202235639215 0.27884282682612815 
2.0 2.061391723543122 1.886073458327818 
2.0 2.1593555614363336 1.5925099500970739 
3.4009477393050247 2.1977977806618583 1.4201375843699928 
4.601108702089977 2.4452446366352056 1.3382736419399368 
4.275647470725066 9.944878832314455 188.74594290827537 
5.206127426312468 2.0011675702328944 4.555488128632716 
9.768920628724048 2.236403483390132 5.378361446685222 
9.669281533640511 2.052912385563953 0.413802697028348 
2.671633967743127 2.0004364411844917 0.018705337591890935 
6.441281397524417 2.3535323296216974 8.157187252697641 
3.514461219300352 8.387856150472654 61.21227980118317 
3.825423816206512 5.993220524152894 128.00785080013324 
2.0 2.230625844439381 0.8004611012763587 
73.28040270180318 2.08705428853555 0.07566121729046216 
9.523044655905169 2.0754373483493227 2.5116028714479692 
2.0 2.049770882820705 1.3026222068938575 
5.683706787166432 2.017382508040217 0.3996169038865265 
7.573879549219157 2.3084554178428633 1.7136269098897134 
2.590865073524071 2.0026926970658696 0.7366447204163356 
34.52280918825191 2.0 0.07383802953909702 
4.722336941761506 2.3136098406536294 2.3436711555399756 
2.5986255386168198 2.0021752887204993 0.6811623463041767 
8.395972801003257 2.0860466036890846 2.4616164617661975 
5.202602247874903 2.2016886987357296 1.3195611367529223 
6.13952297273457 2.33540661411076 1.497221300852468 
4.231830390852007 2.0113622963199997 0.5207839353401367 
7.1183434472990905 2.068964813729413 1.8781882091501856 
11.457576004684308 2.244986038830295 5.525386833806773 
9.612397464604491 2.2947418299900146 5.058607749873394 
2.508185283171463 2.0 0.548496512599943 
3.611981363586985 2.031332417818042 0.8902954519430224 
2.7360739103383658 2.0075426232127596 0.7760342932302841 
6.8906558824005995 2.045746492250072 1.7757844599880312 
10.460663633170284 2.1097048232897593 4.425810384269863 
2.1655126960335878 2.0089518501710786 1.1262288814064327 
2.0 2.3641869033792533 1.2539809701200164 
2.6077748233696156 2.0090760123854134 2.8792350740978048 
4.461503184468755 2.409086251590876 0.491484918069796 
2.0 2.0403682579365476 0.8525805367292087 
5.8732655254732 2.026480792041222 2.8396103599575784 
2.0 2.0194870370651 1.6777186393348025 
2.923070493498953 2.031663373824234 1.050705913854271 
2.3186989010440096 2.0198395155355735 0.19485352136093448 
2.0 2.0 1.2109165008357037 
6.06668600813656 2.0672741607749483 1.9182516717228741 
10.148966839486299 2.0255692279359736 4.111201283345476 
2.0 2.0332811764833467 1.2677816406569904 
2.990107953989939 2.0242070736233977 1.0926260210090253 
4.536688199756349 2.0 2.5707420775025747E-4 
2.9089005595098705 2.0327466074047558 1.0049941354628942 
2.9333118157203426 5.12301787020684 83.04269842413565 
3.2292237380126085 2.0338476776800944 1.7276615960773527 
2.0 2.0210309437789538 1.472022434877776 
5.675821898522635 2.182353700540485 6.515293309100249 
7.1638610709665 2.3217280625664083 2.181132665145909 
3.1415301397374513 2.034774337376678 1.283563598922158 
2.9024163309327466 2.2356759840761415 2.134884812224655 
8.058564968394283 2.055103662631665 3.241596377615635 
2.0 2.260402734280082 0.9547961510046721 
2.771482316524799 2.0026409938630167 0.9634705629497716 
4.519340687511444 2.1191162784212088 1.1587778536406 
4.759701425733033 2.070870671631591 0.7241490898724661 
5.761813725251273 2.0279218577048903 2.7865938343211383 
8.416888010657065 2.0955776534985158 6.67881033736389 
6.306054312751485 2.0 1.8433830469093342 
2.0 2.1369264990038244 1.5627335113551983 
6.155828260478865 2.4504722965456502 1.4742991131416527 
2.0 2.2548660089411343 0.9399355327080102 
4.262432451104135 2.049927727148598 1.2191000870172766 
2.087032375835302 2.007234439154642 0.584415349722815 
4.3866200537442 2.099139800024984 0.8098637503361065 
7.688926730338063 2.0559004133912855 3.5443689577105415 
2.0 2.0 0.2604193218700792 
6.228340798306893 2.0346369301517324 3.589952542014476 
6.4463161034263 2.2757314019287618 8.43873764992783 
2.676192003384943 2.0 0.3805311274033334 
4.814448168355222 2.1355091965310344 2.0153589077150444 
2.0 2.316559406304499 0.8752342886596303 
3.9100279562624727 2.0400104277655244 1.0700664011549184 
8.202212312228257 2.213588866547161 2.550065413410107 
5.716328750151186 2.130096393572935 2.614394247255995 
4.713682465467272 2.0897466202637953 0.7048268572565777 
2.0 2.0 1.6451027766428017 
4.687503154601096 2.0304402791705214 1.9485974619902717 
6.365391141174519 2.02266719659645 3.727026320574041 
4.373559292954917 8.09952851377635 9.328482925199374 
4.317983622176262 2.16232554656115 0.6092698049195322 
9.871329527329975 2.0908941160082115 3.2923470021037176 
2.0 2.0253359793565124 0.7173398826587384 
2.8411597956706527 2.017364654914417 0.9574617629287965 
5.671149808544454 2.1268887771508993 1.6474458240611467 
