0.008337500000 0.536079000000 0.491943000000 0.488946000000 
0.012155500000 0.485693000000 0.439513000000 0.436075000000 
0.136530000000 0.201106000000 0.143048000000 0.139470000000 
0.013526900000 0.466777000000 0.423797000000 0.420150000000 
0.017781700000 0.442155000000 0.393310000000 0.390820000000 
0.031481300000 0.390319000000 0.330167000000 0.329140000000 
0.012139300000 0.520149000000 0.476586000000 0.472474000000 
0.271132000000 0.093185300000 0.057240500000 0.055414900000 
0.501198000000 0.005259570000 0.002205320000 0.002195200000 
0.542657000000 0.000600536000 0.000259094000 0.000352698000 
0.013382900000 0.472460000000 0.429818000000 0.425875000000 
0.041359400000 0.361411000000 0.295055000000 0.294450000000 
0.039003400000 0.370249000000 0.306107000000 0.305208000000 
0.247359000000 0.107815000000 0.067886400000 0.065762300000 
0.458048000000 0.013643000000 0.005956550000 0.005827940000 
0.239874000000 0.115492000000 0.073275900000 0.070894200000 
0.230220000000 0.120124000000 0.075590400000 0.073167400000 
0.040048100000 0.365487000000 0.300284000000 0.299688000000 
0.195936000000 0.145017000000 0.096157400000 0.093368300000 
0.310597000000 0.068897500000 0.037189600000 0.035905500000 
0.514042000000 0.003475530000 0.001501900000 0.001529600000 
0.019408200000 0.437885000000 0.387129000000 0.384933000000 
0.188146000000 0.151537000000 0.101237000000 0.098332700000 
0.013114500000 0.475842000000 0.434388000000 0.430476000000 
0.369747000000 0.042285800000 0.021018100000 0.020310900000 
0.083263400000 0.273951000000 0.206131000000 0.202221000000 
0.068284000000 0.309004000000 0.237681000000 0.234762000000 
0.043369300000 0.354482000000 0.288199000000 0.287195000000 
0.366742000000 0.050511400000 0.028392400000 0.027497700000 
0.253052000000 0.102722000000 0.060075500000 0.058142000000 
0.073962200000 0.293601000000 0.224150000000 0.220471000000 
0.469392000000 0.011693200000 0.005072630000 0.004958230000 
0.014848200000 0.455171000000 0.409663000000 0.406600000000 
0.162635000000 0.173121000000 0.118333000000 0.114870000000 
0.382240000000 0.039361200000 0.019342600000 0.018681400000 
0.169347000000 0.174868000000 0.114280000000 0.111515000000 
0.128629000000 0.205701000000 0.145720000000 0.141906000000 
0.138890000000 0.198058000000 0.133389000000 0.130554000000 
0.046759100000 0.358205000000 0.286954000000 0.284834000000 
0.179654000000 0.158770000000 0.105688000000 0.102777000000 
0.067161100000 0.311269000000 0.243395000000 0.242600000000 
0.066187900000 0.319538000000 0.251215000000 0.247218000000 
0.157079000000 0.182839000000 0.127656000000 0.124223000000 
0.299581000000 0.076298100000 0.041932400000 0.040486200000 
0.052152600000 0.338743000000 0.272899000000 0.271612000000 
0.221834000000 0.126825000000 0.080585500000 0.078011200000 
0.151797000000 0.185833000000 0.130079000000 0.126675000000 
0.010939100000 0.524779000000 0.481446000000 0.477641000000 
0.294789000000 0.084213700000 0.047998200000 0.046428500000 
0.527836000000 0.001897090000 0.000920832000 0.000996309000 
0.029350800000 0.394431000000 0.335391000000 0.334267000000 
0.049195300000 0.344493000000 0.278946000000 0.278105000000 
0.205795000000 0.136942000000 0.088325300000 0.085548200000 
0.014305100000 0.461713000000 0.417314000000 0.413772000000 
0.108744000000 0.232630000000 0.169173000000 0.165251000000 
0.099248900000 0.253122000000 0.187195000000 0.183205000000 
0.026468800000 0.403924000000 0.346244000000 0.345132000000 
0.087468100000 0.264843000000 0.197957000000 0.194012000000 
0.022643100000 0.430586000000 0.363498000000 0.362697000000 
0.542461000000 0.000600207000 0.000258888000 0.000353060000 
0.101175000000 0.245095000000 0.179994000000 0.176008000000 
0.032098300000 0.385975000000 0.324516000000 0.323448000000 
0.353362000000 0.050693500000 0.025999500000 0.025101900000 
0.104677000000 0.243714000000 0.175910000000 0.172206000000 
0.010074600000 0.532558000000 0.484979000000 0.482262000000 
0.097639100000 0.258373000000 0.189257000000 0.185645000000 
0.024900000000 0.409218000000 0.352920000000 0.351578000000 
0.146688000000 0.190294000000 0.126181000000 0.124377000000 
0.111660000000 0.236910000000 0.168667000000 0.165811000000 
0.203108000000 0.145914000000 0.091632800000 0.089085400000 
0.056371700000 0.332599000000 0.261466000000 0.258512000000 
0.023396500000 0.426337000000 0.373545000000 0.371811000000 
0.017089800000 0.445471000000 0.396805000000 0.394159000000 
0.215129000000 0.130695000000 0.083581400000 0.080905700000 
0.034387600000 0.380494000000 0.318384000000 0.317598000000 
0.077618600000 0.287656000000 0.217520000000 0.214236000000 
0.020775800000 0.432736000000 0.381054000000 0.379298000000 
0.326600000000 0.061127100000 0.032316100000 0.031184900000 
0.063567600000 0.327869000000 0.257663000000 0.257034000000 
0.316682000000 0.066665400000 0.035892000000 0.034638900000 
0.016134300000 0.450722000000 0.404096000000 0.401261000000 
0.121761000000 0.215379000000 0.152694000000 0.149222000000 
0.421646000000 0.026791400000 0.014133000000 0.013721400000 
0.027774300000 0.409648000000 0.341080000000 0.340754000000 
0.055582500000 0.337842000000 0.266594000000 0.264054000000 
0.431213000000 0.022026400000 0.011155000000 0.010830200000 
0.070687300000 0.303477000000 0.234881000000 0.233966000000 
0.170901000000 0.166553000000 0.111900000000 0.108918000000 
0.009913440000 0.537786000000 0.491925000000 0.487994000000 
0.282511000000 0.088571700000 0.052973700000 0.051369900000 
0.394028000000 0.034266700000 0.016573000000 0.016020600000 
0.036066100000 0.374217000000 0.311827000000 0.310889000000 
0.289645000000 0.083007900000 0.048948800000 0.047320500000 
0.483220000000 0.008859110000 0.004232780000 0.004135270000 
0.261212000000 0.101333000000 0.062038200000 0.060168100000 
0.339983000000 0.057544400000 0.032070200000 0.031034500000 
0.408356000000 0.031299400000 0.015959100000 0.015436600000 
0.443150000000 0.018433900000 0.008305300000 0.008074460000 
0.324217000000 0.064315700000 0.037224200000 0.036031300000 
0.120844000000 0.214322000000 0.153129000000 0.149294000000 
