3.447709491489441 57.785332575609445 97.47995389136327 
2.0 43.1269893437869 55.560159267122685 
11.321442365942396 2.0 1.5411642912923256 
2.0 64.89949934138801 14.821127780235166 
2.0 42.877322925669745 8.374625630954935 
2.0 31.298472346278345 4.368406503340736 
2.626988214663688 59.99525384485083 28.635158163995534 
6.78194257716415 2.0082248954679907 0.906616279167756 
2.0 2.025282806034562 0.243240569333504 
2.459857155457099 2.0 0.056416780058711424 
2.0 57.1526848560831 19.457335699095495 
2.260308260175722 14.203480706947147 3.4937467945121394 
2.0 16.005078212252442 3.769533925108535 
6.744751207669815 2.0 0.9903284210364696 
2.280579251410954 2.458065281432579 0.3622084411864409 
8.077895092549785 2.2634490436966006 1.0320975520909148 
4.779274622627548 2.0 1.0483030150855148 
2.0 16.964468231985737 3.562647111297161 
6.798813836635519 2.3414885109335075 1.2187542078517657 
2.0 2.0 0.7875067556842209 
3.2358646739792163 2.0 0.18622899938473034 
2.0 30.92995226803984 8.129098375253212 
6.513080653784942 2.1240515902028556 1.2418485628128118 
2.0 76.4135374442365 20.778151203837172 
2.3548839664595125 2.044890861077411 0.6185985696155716 
7.20680348318588 2.0 2.074247833004586 
6.413648945156553 2.186490027784581 2.3758559000381063 
2.0 13.374438288943924 3.3622069068897487 
13.117522441081771 2.0207526766415427 0.6032620471997443 
2.056499115532825 2.128757221572212 0.9900882825480343 
8.355648906847744 2.0 2.238028961839637 
2.0 2.0 0.34039065518243633 
2.1934379267119404 56.956348132398674 10.828977346838172 
7.905803576051274 2.385321097570409 1.3611279837586436 
2.0 2.0806430657248676 0.5959560451691592 
2.0 2.169321108775937 1.414376131953318 
8.465951805519959 2.430517254641684 1.5746571541642718 
2.00497038871314 2.0102593814193312 1.570383568663063 
6.731500073872736 2.0529533698606808 3.0221036560390355 
5.983369643099402 2.0034596977906425 1.2929978008383856 
2.000028609905534 14.084540855690204 2.5969246788211584 
18.705402882663744 2.0 2.435518681630321 
9.842043790955206 2.014162008915606 1.4133848249991274 
2.180402868807867 2.2888959770648754 0.8381528812144485 
2.2947536633852623 18.64718889789986 3.0113292565366465 
4.534209778209277 2.4358604203248184 1.0908429926653533 
9.545668184407361 2.0 1.44617586119447 
3.3448226437288278 57.47724364523931 35.24198438010315 
2.6162319732193176 2.237699595320345 0.8623253081280053 
16.88937061438092 2.005914942556543 0.039247965614581215 
2.333070056161616 30.870735675292213 4.638442633074768 
2.0 20.118170426037043 3.1322951353183073 
4.88823208501173 2.1967020325167175 1.1487885251530343 
2.0973608424472125 62.12485290869926 13.020835081628617 
6.71823401386205 2.283140430600497 1.7610324502534902 
7.798689544862414 2.0190362112815574 1.9067075439061758 
2.0 28.533157511774597 5.083108697901345 
7.349053168985668 2.0 2.007020170258692 
17.917078318882023 2.0117494187682605 4.902659743807843 
2.0 2.0 0.07273461482758181 
8.255660064857587 2.0 1.8524120457327504 
2.0 20.546205325955466 4.309871461279784 
2.0 2.064696491678834 0.676078646205455 
4.101547416767757 2.2615655124730836 1.8356713278775554 
2.984457260642306 39.863863596051374 63.75358686929253 
3.8722150988360684 2.0 1.9559812931578975 
2.00566114855062 30.55962140492984 5.443975840935755 
2.0 2.824441079323173 1.5010652371158506 
2.67463998123983 2.0 1.8120771088947811 
2.0 2.0 1.2363241588384235 
7.245013877875715 2.012857641163701 2.6434954728307885 
2.0 35.25426650659315 6.6361350075607195 
2.2552639768351135 41.426811601830536 9.00697760563077 
4.628235564222828 2.0936481046293576 1.115421529767839 
2.0 17.544809503533283 4.129441055158821 
6.0146407544722615 2.0256388628969972 2.181189485882276 
2.0 74.2353452692001 6.789235500019965 
2.0463271913618266 2.0077593507441507 0.7439761224704384 
2.0 8.239114408116409 2.8136210909262935 
2.0 2.0 0.7771015639145289 
2.0 56.99366770051323 9.70983022999909 
6.007717900067949 2.226173538543759 1.649217620217661 
10.484174109022309 2.0 0.44658219237565655 
10.52877886726208 2.0 4.156984274160525 
7.515854537391704 2.2606354425160764 2.723501548626123 
4.918184943546622 2.199880640655471 0.4241239477270961 
2.2736296408702765 11.081895369528302 2.5033507631626994 
5.514777477561079 2.429102404615566 1.3283248039586717 
4.472675609758715 38.30225951591647 63.30412482579738 
5.701432724307263 2.3901097434367244 0.8729361253419539 
2.0 2.0495253919994876 0.55836376119774 
2.416935425071614 22.309941330842623 3.9212866258896835 
5.3977093626818835 2.2161049761421214 0.8330767836943137 
5.218944413467765 2.0 0.2827555283356884 
5.840655802705229 2.2376773596667565 0.9549714975305044 
5.246765512919534 2.4702293229811803 0.6782648174320298 
4.298922237464241 2.0041107813061982 0.5024099661932399 
2.007440503744821 2.0073276710390915 0.4173704781347226 
6.760261457693316 2.0983716727280837 0.7293065696178959 
6.550180660774498 2.0820462155461277 1.6335737028618953 
