2.0 2.0 1.2016610429989996 
67.75215173813507 2.0 6.004693036282304 
37.045132993391576 2.0173938542334087 0.36302581755240126 
74.43734392154491 2.0 5.30574020361356 
16.32697339165263 2.441728531639702 0.41336204985424185 
56.553167753173916 2.116375560835667 4.814743384353853 
87.17722038825973 2.0 3.4507377916640802 
19.641087580984216 2.1177959639049 0.3290031182533575 
43.502957214785724 3.88759573772133 11.690531948270536 
54.495608388782635 2.0 0.5428122228843478 
34.54540508104916 2.1197018536419643 0.5883261418039915 
7.032438486293991 2.085737258280145 3.188278538846699 
56.075346472625924 2.0 5.426073349978878 
89.39700955084467 2.0 3.6620543068676703 
7.632017343759131 2.512830078133361 1.5475852058698893 
57.12068031416243 3.973699866075031 8.618078220081832 
82.25203456963533 2.0 0.40868557345917234 
18.50597674385384 2.0522792279681936 0.5238823007995415 
41.407782578879946 4.004939671648474 12.929452330985336 
2.0 3.0560494221920242 0.4187565440037526 
25.29606198962146 2.0 0.3347316537380296 
7.315119958273931 2.484279314605874 0.10723663324863034 
4.630460957834453 2.3517032682008763 2.6806760713470448 
75.766141951273 2.207916172598035 5.840658481472445 
99.26882229217757 2.0 3.462194634468922 
61.540061906333534 2.0797611112115484 0.64232086091099 
38.35212122048469 2.3125694785950834 0.7805646683198113 
2.827427947233591 2.000605970532376 2.543590683540695 
2.0 2.0 1.811065382555853 
2.0 2.497528207442293 0.8200606828619028 
2.0 2.588091875923744 1.0046152855088306 
2.0 2.4941099474650814 1.104519032055479 
21.53322506419009 3.2610327525940166 0.07780566900996 
2.0 2.6448835214441444 1.0963744213161815 
14.428730158274263 2.0 4.468046817121093 
54.79695852006025 2.062428729331988 4.637940878273779 
4.5177713770728 2.0201113153134296 4.873383715963388 
2.0 2.570339082140837 0.07331464403574384 
2.0 2.5019907533132915 1.1390114249670384 
5.61695228642419 2.4109737078480946 2.3844413559694715 
2.0 2.0 1.2907193784711959 
60.855764412269835 2.0 4.548449887361297 
83.92253550494623 2.001320608430765 3.9728950282870796 
6.724427002536354 2.5093951373444705 1.3722460283486115 
2.0 2.4869507555068706 0.8993733414299444 
2.6220673811871915 2.594025225734721 1.7294471800090978 
2.425412546298336 2.241094925084247 1.9215430174452113 
3.5804459789341436 2.0894183647576106 1.2264142717144786 
7.853286837270625 2.7619804082010444 90.20275302598115 
6.792668524553116 2.567620599229385 0.2281074418298959 
4.8963814549753035 2.349746090277429 4.473058401933059 
69.59374218097321 2.130276498074458 4.458376829677672 
2.0 2.0 0.009647350050465242 
72.48131443283893 2.0 7.053939430943446 
6.636484080778498 2.2015050851381828 2.057972079009271 
81.15716359791236 3.876952609200898 9.296123773352752 
7.597815190538383 2.4451587949870293 1.5667023076274713 
2.0 2.7548317929975124 1.3928883898470275 
5.630225096960466 2.0 2.2273354128911422 
7.86353519181249 2.5780438117635667 1.3278182318427636 
11.062300283710467 2.840852305136662 0.25629474570865496 
5.401156399669375 2.3928676687465598 5.181184326535065 
8.294948587499649 2.8870142853013316 1.8349493020030705 
2.0 2.0 1.7182978330756375 
11.589318383175428 3.5248727088533163 9.553242954139181 
10.370801444779607 2.8320942115240055 1.7493607544468197 
32.60535307139047 4.271055393628545 11.320630804136 
14.216327701327263 2.1726659915121798 4.530450001542144 
16.585986996012053 2.4382242885508902 5.535585316150508 
62.10175774116277 2.0 4.94829342960017 
5.26145584568896 2.4211979476432215 2.9985914656420127 
5.903800740590777 2.4828551787902167 1.8638053644861465 
4.948272469390915 2.379639342954204 2.936439713398187 
2.0 2.0 1.0428418441585503 
3.8753581473741363 2.0 2.5476966701500103 
2.0 2.0 1.1393008423750643 
57.57074640433715 2.0892104426322877 5.586979242144077 
5.805080379944821 2.233906126035233 2.3090722816768374 
4.951405883419786 2.324086024412942 1.8094589607223908 
6.6832163473322215 2.239366590231738 2.3393177010734636 
5.1460337932224745 2.0343390256545364 2.774470200334116 
5.447904966731059 2.266594481274723 3.500260956088817 
16.883449760916434 4.484321651885997 9.704056598299259 
8.094237318323618 2.603897621114384 0.8631779397010533 
2.0 2.79607540990723 1.3581129596476833 
5.466997125724667 2.375567338442182 2.848570532287278 
6.643504840397384 2.177665241906505 1.9122308247588307 
15.419209916418508 4.042199880225937 12.358957917571413 
2.399701674905968 2.995646989565224 1.5527457284738049 
3.4471794319979825 2.8019520374365463 1.321925882199189 
2.388978608888844 3.001950254741335 1.5194275582964822 
25.962120960354653 2.0 4.447863483063957 
2.0 2.823827203518952 0.8609897608623311 
17.621814368018562 2.481106204290743 0.477592960173069 
6.008757476012917 2.1885025264242275 2.353069056214361 
2.0 3.0035335780348844 1.1621526605680879 
7.990228711612119 3.0192522317095016 1.6999654105690338 
7.550117772053088 2.0 4.894211561793501 
6.910473459331461 2.6801161969766185 1.1908737853219793 
